5    3.24114e-05     0     0     0     0     0     0
15    0.000162057     0     0     0     0     0     0
25    0.000421349     0     0     0     0     0     0
35    0.000761669     0     0     0     0     0     0
45    0.00110199     0     0     0     0     0     0
55    0.00131266     0     0     0     0     0     0
65    0.00210674     0     0     0     0     0     0
75    0.00183125     0     0     0     0     0     0
85    0.00267394     0     0     0     0     0     0
95    0.00316012     0     0     0     0     0     0
105    0.00364629     0     0     0     0     0     0
115    0.00361388     0     0     0     0     0     0
125    0.00442416     0     0     0     0     0     0
135    0.00487792     0     0     0     0     0     0
145    0.00499136     0     0     0     0     0     0
155    0.00575303     0     0     0     0     0     0
165    0.00643367     4.69389e-05     4.69389e-05     4.69389e-05     4.69389e-05     4.69389e-05     4.69389e-05
175    0.00675778     1.56463e-05     1.56463e-05     1.56463e-05     1.56463e-05     1.56463e-05     1.56463e-05
185    0.00760048     3.12926e-05     3.12926e-05     3.12926e-05     3.12926e-05     3.12926e-05     3.12926e-05
195    0.00751945     0.000172109     0.000172109     0.000172109     0.000172109     0.000172109     0.000172109
205    0.00894556     0.000219048     0.000219048     0.000219048     0.000219048     0.000219048     0.000219048
215    0.00959379     0.00029728     0.00279158     0.00279158     0.00279158     0.00387322     0.00204736
225    0.00965861     0.000438096     0.00300194     0.00300194     0.00300194     0.00411914     0.00223315
235    0.0113602     0.000344219     0.00290703     0.00290703     0.00290703     0.00402465     0.00213694
245    0.0116033     0.000516328     0.00303319     0.00303319     0.00303319     0.00413239     0.00227499
255    0.0129322     0.000860546     0.00337668     0.00337668     0.00337668     0.00447129     0.00261965
265    0.0132239     0.00117347     0.00369124     0.00369124     0.00369124     0.00478114     0.00293543
275    0.0151848     0.00131429     0.00376926     0.00376926     0.00376926     0.00483404     0.00303024
285    0.0160437     0.00167415     0.00413635     0.00413635     0.00413635     0.00520213     0.0033952
295    0.0180532     0.00208096     0.00447982     0.00447982     0.00447982     0.00551833     0.00375689
305    0.0211323     0.00237824     0.00485857     0.00485857     0.00485857     0.00593328     0.00410965
315    0.022607     0.00352042     0.00606459     0.00606459     0.00606459     0.00716312     0.00529739
325    0.0247299     0.00460001     0.00724225     0.00724225     0.00724225     0.00838077     0.00644575
335    0.0292351     0.00555444     0.00837377     0.00837377     0.00837377     0.00958074     0.00752681
345    0.0344534     0.00815172     0.0114802     0.0114802     0.0114802     0.0128986     0.0104823
355    0.0383913     0.0114062     0.0152197     0.0152197     0.0152197     0.0168597     0.0140678
365    0.0450357     0.016632     0.0212722     0.0213082     0.021235     0.023285     0.0198608
375    0.0512425     0.0234851     0.0295184     0.0296228     0.029411     0.0321539     0.0276724
385    0.0621813     0.031011     0.0383234     0.0384886     0.0381547     0.041541     0.0360727
395    0.0751297     0.0434498     0.0529655     0.0532479     0.0526772     0.0571756     0.0500228
405    0.0965861     0.0590648     0.0714858     0.0719652     0.0709981     0.0770125     0.0676261
415    0.120992     0.0816737     0.0983135     0.0991671     0.0974495     0.105751     0.0931224
425    0.157293     0.116972     0.139568     0.141199     0.137926     0.14972     0.132486
435    0.216298     0.168041     0.196889     0.200153     0.193648     0.209899     0.187818
445    0.304295     0.253001     0.288953     0.296108     0.281968     0.30527     0.27759
455    0.416844     0.391877     0.431638     0.448021     0.416057     0.449797     0.419007
465    0.523655     0.565285     0.597019     0.630253     0.566379     0.611488     0.586942
475    0.539602     0.673338     0.679942     0.725481     0.638597     0.683867     0.676926
485    0.448072     0.596014     0.576123     0.610845     0.544094     0.567021     0.582465
495    0.321538     0.431494     0.400408     0.417712     0.383911     0.386146     0.410345
505    0.22043     0.28905     0.258734     0.266176     0.251438     0.244803     0.268443
515    0.157941     0.198739     0.172355     0.175644     0.169068     0.160155     0.180847
525    0.110928     0.138986     0.117339     0.118856     0.115804     0.107278     0.124335
535    0.0812069     0.102452     0.0843629     0.0851225     0.0835874     0.0759611     0.090211
545    0.0627161     0.0754777     0.0607911     0.0611697     0.0604011     0.0539772     0.0655393
555    0.0479851     0.0591743     0.0467355     0.0469349     0.0465291     0.0409551     0.0507641
565    0.0388937     0.0475178     0.0367562     0.0368575     0.0366496     0.0317343     0.0402535
575    0.0295754     0.038881     0.0296227     0.0296679     0.0295737     0.0252905     0.0326392
585    0.0253295     0.0318402     0.0239082     0.0239207     0.023893     0.0201928     0.0264961
595    0.0215374     0.0265674     0.0195852     0.0195855     0.0195846     0.0163047     0.0218695
605    0.0188473     0.0227654     0.0165806     0.0165806     0.0165806     0.013662     0.0186112
615    0.0152172     0.0185252     0.0132474     0.0132474     0.0132474     0.0107494     0.0149848
625    0.0123974     0.0160687     0.0112559     0.0112559     0.0112559     0.00897431     0.0128429
635    0.0109389     0.013049     0.00887239     0.00887239     0.00887239     0.0068874     0.0102529
645    0.00983687     0.0122354     0.00847908     0.00847908     0.00847908     0.0066872     0.00972445
655    0.00834594     0.0113436     0.00773074     0.00773074     0.00773074     0.00600424     0.00893084
665    0.0076491     0.0090905     0.00599917     0.00599917     0.00599917     0.004518     0.00702831
675    0.00585026     0.00768233     0.00510504     0.00510504     0.00510504     0.00386564     0.00596571
685    0.00586647     0.00741634     0.00486257     0.00486257     0.00486257     0.00363276     0.00571674
695    0.00562338     0.00566396     0.00351364     0.00351364     0.00351364     0.00247394     0.00423513
705    0.00512101     0.00624287     0.00404851     0.00404851     0.00404851     0.00298332     0.00478716
715    0.00410005     0.00574219     0.00349775     0.00349775     0.00349775     0.00240593     0.00425482
725    0.0039542     0.00450613     0.00270583     0.00270583     0.00270583     0.00182636     0.00331505
735    0.00366249     0.00411498     0.00243368     0.00243368     0.00243368     0.00160895     0.00300448
745    0.00307909     0.00373947     0.00223771     0.00223771     0.00223771     0.00149834     0.00274905
755    0.00234983     0.00372382     0.00216011     0.00216011     0.00216011     0.00138744     0.00269415
765    0.00264153     0.00325443     0.00186168     0.00186168     0.00186168     0.00117103     0.00233867
775    0.00238224     0.00281633     0.00146984     0.00146984     0.00146984     0.000799292     0.00193247
785    0.00192848     0.00220613     0.00113604     0.00113604     0.00113604     0.000600618     0.00150507
795    0.0019771     0.00264422     0.00135398     0.00135398     0.00135398     0.000705301     0.00180054
805    0.00186366     0.00219048     0.00114284     0.00114284     0.00114284     0.000614085     0.00150651
815    0.00158816     0.00214354     0.00104055     0.00104055     0.00104055     0.000480905     0.00142495
825    0.00139369     0.00179932     0.000940204     0.000940204     0.000940204     0.000503681     0.00124004
835    0.0014099     0.00215919     0.0010552     0.0010552     0.0010552     0.000489366     0.00144285
845    0.00119922     0.00150204     0.000750885     0.000750885     0.000750885     0.000363937     0.0010156
855    0.00102096     0.00134558     0.000509753     0.000509753     0.000509753     7.80639e-05     0.000804953
865    0.00111819     0.00147075     0.000702917     0.000702917     0.000702917     0.000302704     0.000975789
875    0.00115061     0.00120476     0.000442865     0.000442865     0.000442865     4.32896e-05     0.000714838
885    0.000858903     0.001283     0.000556411     0.000556411     0.000556411     0.000174118     0.000816406
895    0.000923726     0.00111089     0.000413505     0.000413505     0.000413505     4.31428e-05     0.000664639
905    0.000826492     0.00109524     0.000523908     0.000523908     0.000523908     0.000218593     0.000730552
915    0.000713052     0.00097007     0.000366133     0.000366133     0.000366133     4.23352e-05     0.000585115
925    0.000761669     0.00114218     0.000444593     0.000444593     0.000444593     6.71475e-05     0.000699085
935    0.000826492     0.000829254     0.00034405     0.00034405     0.00034405     7.98739e-05     0.000521822
945    0.000761669     0.000782315     0.000207545     0.000207545     0.000207545     -0.000106653     0.000418754
955    0.0005672     0.000751022     0.000314918     0.000314918     0.000314918     7.4753e-05     0.000475971
965    0.000615817     0.000469389     8.11152e-05     8.11152e-05     8.11152e-05     -0.000134984     0.000225503
975    0.000469966     0.000672791     0.000282632     0.000282632     0.000282632     6.38546e-05     0.000428436
985    0.000486172     0.000625852     0.000251665     0.000251665     0.000251665     4.03873e-05     0.000392166
995    0.000421349     0.000485035     0.000170955     0.000170955     0.000170955     -7.23346e-06     0.000289267
1005    0.000324114     0.000610206     0.000610206     0.000610206     0.000610206     0.000610206     0.000610206
1015    0.000486172     0.000531974     0.000531974     0.000531974     0.000531974     0.000531974     0.000531974
1025    0.00034032     0.000485035     0.000485035     0.000485035     0.000485035     0.000485035     0.000485035
1035    0.000275497     0.000312926     0.000312926     0.000312926     0.000312926     0.000312926     0.000312926
1045    8.10286e-05     0.000265987     0.000265987     0.000265987     0.000265987     0.000265987     0.000265987
1055    0     0     0     0     0     0     0
1065    0     0     0     0     0     0     0
1075    0     0     0     0     0     0     0
1085    0     0     0     0     0     0     0
1095    0     0     0     0     0     0     0
1105    0     0     0     0     0     0     0
1115    0     0     0     0     0     0     0
1125    0     0     0     0     0     0     0
1135    0     0     0     0     0     0     0
1145    0     0     0     0     0     0     0
1155    0     0     0     0     0     0     0
1165    0     0     0     0     0     0     0
1175    0     0     0     0     0     0     0
1185    0     0     0     0     0     0     0
1195    0     0     0     0     0     0     0
1205    0     0     0     0     0     0     0
1215    0     0     0     0     0     0     0
1225    0     0     0     0     0     0     0
1235    0     0     0     0     0     0     0
1245    0     0     0     0     0     0     0
1255    0     0     0     0     0     0     0
1265    0     0     0     0     0     0     0
1275    0     0     0     0     0     0     0
1285    0     0     0     0     0     0     0
1295    0     0     0     0     0     0     0
1305    0     0     0     0     0     0     0
1315    0     0     0     0     0     0     0
1325    0     0     0     0     0     0     0
1335    0     0     0     0     0     0     0
1345    0     0     0     0     0     0     0
1355    0     0     0     0     0     0     0
1365    0     0     0     0     0     0     0
1375    0     0     0     0     0     0     0
1385    0     0     0     0     0     0     0
1395    0     0     0     0     0     0     0
1405    0     0     0     0     0     0     0
1415    0     0     0     0     0     0     0
1425    0     0     0     0     0     0     0
1435    0     0     0     0     0     0     0
1445    0     0     0     0     0     0     0
1455    0     0     0     0     0     0     0
1465    0     0     0     0     0     0     0
1475    0     0     0     0     0     0     0
1485    0     0     0     0     0     0     0
1495    0     0     0     0     0     0     0
1505    0     0     0     0     0     0     0
1515    0     0     0     0     0     0     0
1525    0     0     0     0     0     0     0
1535    0     0     0     0     0     0     0
1545    0     0     0     0     0     0     0
1555    0     0     0     0     0     0     0
1565    0     0     0     0     0     0     0
1575    0     0     0     0     0     0     0
1585    0     0     0     0     0     0     0
1595    0     0     0     0     0     0     0
1605    0     0     0     0     0     0     0
1615    0     0     0     0     0     0     0
1625    0     0     0     0     0     0     0
1635    0     0     0     0     0     0     0
1645    0     0     0     0     0     0     0
1655    0     0     0     0     0     0     0
1665    0     0     0     0     0     0     0
1675    0     0     0     0     0     0     0
1685    0     0     0     0     0     0     0
1695    0     0     0     0     0     0     0
1705    0     0     0     0     0     0     0
1715    0     0     0     0     0     0     0
1725    0     0     0     0     0     0     0
1735    0     0     0     0     0     0     0
1745    0     0     0     0     0     0     0
1755    0     0     0     0     0     0     0
1765    0     0     0     0     0     0     0
1775    0     0     0     0     0     0     0
1785    0     0     0     0     0     0     0
1795    0     0     0     0     0     0     0
1805    0     0     0     0     0     0     0
1815    0     0     0     0     0     0     0
1825    0     0     0     0     0     0     0
1835    0     0     0     0     0     0     0
1845    0     0     0     0     0     0     0
1855    0     0     0     0     0     0     0
1865    0     0     0     0     0     0     0
1875    0     0     0     0     0     0     0
1885    0     0     0     0     0     0     0
1895    0     0     0     0     0     0     0
1905    0     0     0     0     0     0     0
1915    0     0     0     0     0     0     0
1925    0     0     0     0     0     0     0
1935    0     0     0     0     0     0     0
1945    0     0     0     0     0     0     0
1955    0     0     0     0     0     0     0
1965    0     0     0     0     0     0     0
1975    0     0     0     0     0     0     0
1985    0     0     0     0     0     0     0
1995    0     0     0     0     0     0     0
2005    0     0     0     0     0     0     0
2015    0     0     0     0     0     0     0
2025    0     0     0     0     0     0     0
2035    0     0     0     0     0     0     0
2045    0     0     0     0     0     0     0
2055    0     0     0     0     0     0     0
2065    0     0     0     0     0     0     0
2075    0     0     0     0     0     0     0
2085    0     0     0     0     0     0     0
2095    0     0     0     0     0     0     0
2105    0     0     0     0     0     0     0
2115    0     0     0     0     0     0     0
2125    0     0     0     0     0     0     0
2135    0     0     0     0     0     0     0
2145    0     0     0     0     0     0     0
2155    0     0     0     0     0     0     0
2165    0     0     0     0     0     0     0
2175    0     0     0     0     0     0     0
2185    0     0     0     0     0     0     0
2195    0     0     0     0     0     0     0
2205    0     0     0     0     0     0     0
2215    0     0     0     0     0     0     0
2225    0     0     0     0     0     0     0
2235    0     0     0     0     0     0     0
2245    0     0     0     0     0     0     0
2255    0     0     0     0     0     0     0
2265    0     0     0     0     0     0     0
2275    0     0     0     0     0     0     0
2285    0     0     0     0     0     0     0
2295    0     0     0     0     0     0     0
2305    0     0     0     0     0     0     0
2315    0     0     0     0     0     0     0
2325    0     0     0     0     0     0     0
2335    0     0     0     0     0     0     0
2345    0     0     0     0     0     0     0
2355    0     0     0     0     0     0     0
2365    0     0     0     0     0     0     0
2375    0     0     0     0     0     0     0
2385    0     0     0     0     0     0     0
2395    0     0     0     0     0     0     0
