5    9.67071e-06     0     0     0     0     0     0
15    7.73657e-05     0     0     0     0     0     0
25    0.000125719     0     0     0     0     0     0
35    0.000290121     0     0     0     0     0     0
45    0.000328804     0     0     0     0     0     0
55    0.000473865     0     0     0     0     0     0
65    0.000454523     0     0     0     0     0     0
75    0.00068662     0     0     0     0     0     0
85    0.000899376     0     0     0     0     0     0
95    0.000967071     0     0     0     0     0     0
105    0.0011218     0     0     0     0     0     0
115    0.00126686     0     0     0     0     0     0
125    0.00123785     0     0     0     0     0     0
135    0.00146995     0     0     0     0     0     0
145    0.00163435     0     0     0     0     0     0
155    0.00141192     0     3.22779e-06     3.22779e-06     3.22779e-06     3.22779e-06     3.22779e-06
165    0.00188579     0     3.22779e-06     3.22779e-06     3.22779e-06     3.22779e-06     3.22779e-06
175    0.00188579     0     1.29112e-05     1.29112e-05     1.29112e-05     1.29112e-05     1.29112e-05
185    0.00205019     0     6.45559e-06     6.45559e-06     6.45559e-06     6.45559e-06     6.45559e-06
195    0.00204052     0     9.68338e-06     9.68338e-06     9.68338e-06     9.68338e-06     9.68338e-06
205    0.00211789     0     5.48725e-05     5.48725e-05     5.48725e-05     5.48725e-05     5.48725e-05
215    0.00232097     0     0.00127346     0.00127346     0.00127346     0.00177902     0.000921454
225    0.00248537     0     0.00134915     0.00134915     0.00134915     0.00187616     0.00098205
235    0.00300759     0     0.00124776     0.00124776     0.00124776     0.0017508     0.000897084
245    0.00266912     0     0.00131304     0.00131304     0.00131304     0.00181884     0.000959953
255    0.00313331     0     0.00127218     0.00127218     0.00127218     0.00175281     0.000935822
265    0.00331705     0     0.00128017     0.00128017     0.00128017     0.00174782     0.000952285
275    0.00340409     0     0.00124831     0.00124831     0.00124831     0.00169369     0.000935911
285    0.00334607     0     0.00131898     0.00131898     0.00131898     0.00175467     0.00101289
295    0.00346211     0     0.00129131     0.00129131     0.00129131     0.00171219     0.00099551
305    0.0042261     0     0.00135937     0.00135937     0.00135937     0.00176495     0.00107413
315    0.00396499     0     0.00144427     0.00144427     0.00144427     0.00185455     0.00115513
325    0.00451622     0     0.00153972     0.00153972     0.00153972     0.00194564     0.00125308
335    0.00463227     0.000450277     0.00161241     0.00161241     0.00161241     0.0020164     0.00132601
345    0.00419709     0.000852137     0.00186431     0.00186431     0.00186431     0.00228699     0.00156205
355    0.00511581     0.00115716     0.00219149     0.00219913     0.0021835     0.00262091     0.0018835
365    0.00509646     0.00151545     0.00251396     0.00252733     0.00249998     0.00296852     0.0021891
375    0.00582177     0.00186405     0.00320603     0.00322506     0.00318619     0.00374615     0.00282085
385    0.00573473     0.00214971     0.00367408     0.00369863     0.0036485     0.00423415     0.00327595
395    0.00611189     0.0025322     0.00390046     0.00392839     0.00387138     0.00448614     0.00348519
405    0.0065374     0.00320036     0.00451208     0.00454782     0.00447491     0.0051324     0.00407331
415    0.00701127     0.00364095     0.00520429     0.00524952     0.00515735     0.00588155     0.00472622
425    0.00729172     0.0040767     0.0057298     0.00578253     0.00567491     0.00647705     0.0052035
435    0.00810406     0.00478359     0.006338     0.00640286     0.00627081     0.00709194     0.00580787
445    0.00941927     0.00524355     0.00719163     0.00727117     0.00710938     0.00803285     0.0066016
455    0.00910981     0.00583908     0.00784367     0.00793869     0.0077454     0.00870662     0.00723983
465    0.00984478     0.00674932     0.00858692     0.00870107     0.00846928     0.00949816     0.00794914
475    0.0113534     0.00754819     0.00987217     0.0100152     0.00972544     0.010878     0.00916793
485    0.0120497     0.00829381     0.0112523     0.0114282     0.0110725     0.0124606     0.0104079
495    0.0139742     0.00968338     0.0123051     0.0125186     0.012088     0.0135629     0.0114273
505    0.0146898     0.0108793     0.0128513     0.0130965     0.0126029     0.0141616     0.0119378
515    0.0148639     0.012143     0.0152977     0.0156228     0.01497     0.0168501     0.0142177
525    0.0179585     0.0134841     0.0167124     0.0171079     0.0163162     0.0183748     0.0155579
535    0.0197573     0.0149899     0.0190946     0.0196056     0.018587     0.0210009     0.0177709
545    0.0223103     0.0172316     0.0211935     0.0218333     0.020563     0.0232679     0.0197527
555    0.0236255     0.0199913     0.0244536     0.0253017     0.0236265     0.0267757     0.022842
565    0.0258305     0.0227995     0.0281135     0.0292359     0.0270326     0.0307463     0.0262894
575    0.0309463     0.0258159     0.0310583     0.032494     0.0296939     0.0338164     0.0291491
585    0.0324162     0.0298345     0.035559     0.0375122     0.0337358     0.0384917     0.0335302
595    0.0366713     0.0342162     0.0394308     0.0419548     0.0371173     0.0424512     0.0373434
605    0.0393888     0.0392758     0.0451887     0.0486357     0.0421004     0.048271     0.0430623
615    0.0424641     0.0452359     0.0503334     0.0548139     0.046406     0.0532837     0.0483
625    0.0435085     0.0491335     0.053435     0.0589208     0.0487325     0.0560122     0.0516601
635    0.043847     0.0530746     0.0567945     0.063343     0.0512815     0.0588713     0.0553658
645    0.0417485     0.056609     0.0569009     0.0639619     0.0510123     0.0582366     0.0559833
655    0.0385668     0.0558925     0.0554407     0.0624964     0.0495531     0.0550645     0.0559888
665    0.0352691     0.0536362     0.0516932     0.0581103     0.0462847     0.0514697     0.0518464
675    0.0319037     0.0483249     0.0454144     0.0506265     0.0409311     0.0445662     0.0459952
685    0.0267395     0.0431685     0.039785     0.0438564     0.0361948     0.0384476     0.0407001
695    0.0244766     0.036579     0.032689     0.0355995     0.0300552     0.0310817     0.0337869
705    0.0202892     0.0312676     0.0272256     0.0292537     0.0253407     0.0254909     0.0284087
715    0.0171172     0.025966     0.0222409     0.0236486     0.0209034     0.0204337     0.0234722
725    0.0148349     0.0225962     0.0180464     0.0189781     0.0171412     0.0163189     0.0192216
735    0.0131038     0.0184517     0.015361     0.0160154     0.0147132     0.0136517     0.0165217
745    0.0109956     0.0156144     0.0120003     0.0124116     0.0115856     0.0104872     0.0130263
755    0.00904211     0.0135955     0.0105041     0.0107889     0.0102119     0.00899958     0.0115225
765    0.00856825     0.011683     0.00868486     0.00887019     0.00849121     0.00730709     0.00961635
775    0.00730139     0.0100078     0.00724947     0.00736131     0.00712918     0.00593528     0.00813636
785    0.00591848     0.00859884     0.00610389     0.00616922     0.00603087     0.00492522     0.00689762
795    0.00569605     0.00734969     0.00506297     0.00509336     0.00502576     0.00394315     0.00581568
805    0.00510614     0.0065847     0.004313     0.00432157     0.00429983     0.00332692     0.00497473
815    0.00440984     0.00557763     0.00371247     0.00371738     0.00370454     0.00274928     0.00435743
825    0.0035975     0.00474486     0.00331558     0.0033322     0.00329492     0.00247375     0.00387876
835    0.00323969     0.00456571     0.00276883     0.00279348     0.00274065     0.00192486     0.00333157
845    0.00304627     0.00375231     0.00267429     0.00270773     0.00263769     0.00190949     0.00318304
855    0.00279484     0.00361674     0.0020234     0.0020581     0.00198623     0.00128792     0.00251199
865    0.00272714     0.00319067     0.00198689     0.0020272     0.00194434     0.0013119     0.00243368
875    0.00228229     0.00295827     0.00159205     0.00163314     0.00154915     0.000935175     0.00202575
885    0.00212756     0.00257094     0.00139724     0.00143793     0.00135503     0.000822579     0.00177597
895    0.00177941     0.00246442     0.00127034     0.00131426     0.00122506     0.000690967     0.00165082
905    0.00166336     0.00230949     0.00124031     0.00128472     0.00119467     0.000747478     0.00156303
915    0.00138291     0.00205288     0.000995334     0.00103888     0.000950775     0.000499859     0.00131919
925    0.00136357     0.00164133     0.000926342     0.000972466     0.000879267     0.000415381     0.00125905
935    0.00126686     0.00156387     0.000880401     0.000924969     0.000835049     0.000455274     0.00115647
945    0.00125719     0.00156387     0.000684771     0.000729163     0.000639685     0.000221134     0.000985264
955    0.00100575     0.00132178     0.000680653     0.000722299     0.000638415     0.000321454     0.000912679
965    0.000889705     0.000832771     0.000608821     0.000653208     0.000563861     0.00021122     0.000864504
975    0.000976742     0     0.000530391     0.000569157     0.000491177     0.000222193     0.000727904
985    0.000841352     0     0.000564388     0.000585898     0.000542632     0.000236582     0.000773835
995    0.000628596     0     0.000480535     0.000480535     0.000480535     0.000182652     0.000670345
1005    0.00067695     0     0.000414544     0.000414544     0.000414544     0.00015017     0.000582509
1015    0.000783328     0     0.0004256     0.0004256     0.0004256     0.000159789     0.000593933
1025    0.000657608     0     0.00036461     0.00036461     0.00036461     8.41448e-05     0.000541611
1035    0.000647938     0     0.000243142     0.000243142     0.000243142     -3.28791e-05     0.000416704
1045    0.000512548     0     0.000294024     0.000294024     0.000294024     8.25649e-05     0.000426493
1055    0.00067695     0     0.000140156     0.000140156     0.000140156     -0.000173278     0.00033572
1065    0.000657608     0     0.00018212     0.00018212     0.00018212     -0.000117113     0.000368105
1075    0.000483536     0     0.000285537     0.000285537     0.000285537     4.4015e-05     0.000434934
1085    0.000435182     0     0.000157346     0.000157346     0.000157346     -7.29618e-05     0.000299176
1095    0.000328804     0     0.000167262     0.000167262     0.000167262     -6.30112e-05     0.000308474
1105    0.000338475     0     0.000181422     0.000181422     0.000181422     8.10417e-06     0.000287213
1115    0.000386828     0     0.000241144     0.000241144     0.000241144     8.53089e-05     0.000335827
1125    0.000357816     0     0.000166085     0.000166085     0.000166085     -3.60929e-05     0.000288308
1135    0.000241768     0     0.000127073     0.000127073     0.000127073     -2.86218e-05     0.000220738
1145    0.000212756     0     8.52071e-05     8.52071e-05     8.52071e-05     -9.10882e-05     0.000190746
1155    0.000377158     0     0.000143748     0.000143748     0.000143748     6.49795e-06     0.000225535
1165    0.000290121     0     1.8969e-05     1.8969e-05     1.8969e-05     -0.000157781     0.000123753
1175    0.000145061     0     6.9684e-05     6.9684e-05     6.9684e-05     -9.99249e-05     0.000169761
1185    0.000183744     0     0.000111092     0.000111092     0.000111092     -1.16195e-05     0.00018309
1195    0.000251438     0     7.45922e-05     7.45922e-05     7.45922e-05     -2.78493e-05     0.000134375
1205    0.000251438     0     8.64032e-05     8.64032e-05     8.64032e-05     -7.61515e-05     0.000180837
1215    0.00013539     0     8.22679e-05     8.22679e-05     8.22679e-05     -4.96819e-05     0.000158505
1225    0.000145061     0     0.000104522     0.000104522     0.000104522     -1.89383e-05     0.000175464
1235    9.67071e-05     0     9.79025e-05     9.79025e-05     9.79025e-05     1.74768e-05     0.000143876
1245    0.000125719     0     3.65305e-05     3.65305e-05     3.65305e-05     -0.000106107     0.000117577
1255    0.000193414     0     5.99763e-06     5.99763e-06     5.99763e-06     -0.000139452     8.82241e-05
1265    0.000154731     0     5.87783e-05     5.87783e-05     5.87783e-05     -1.40621e-05     9.97275e-05
1275    0.000116049     0     9.31284e-05     9.31284e-05     9.31284e-05     -8.79581e-07     0.000145671
1285    0.000145061     0     9.5131e-05     9.5131e-05     9.5131e-05     2.13841e-05     0.000136158
1295    0.000125719     0     3.91842e-05     3.91842e-05     3.91842e-05     -6.74304e-05     9.8141e-05
1305    5.80243e-05     0     3.78391e-05     3.78391e-05     3.78391e-05     -3.1383e-05     7.58876e-05
1315    9.67071e-05     0     1.99252e-05     1.99252e-05     1.99252e-05     -0.00010074     8.58784e-05
1325    5.80243e-05     0     5.33736e-05     5.33736e-05     5.33736e-05     8.23832e-06     7.79046e-05
1335    7.73657e-05     0     6.70931e-05     6.70931e-05     6.70931e-05     1.39452e-06     0.000102569
1345    7.73657e-05     0     2.97112e-05     2.97112e-05     2.97112e-05     -3.85317e-05     6.63434e-05
1355    8.70364e-05     0     2.36878e-05     2.36878e-05     2.36878e-05     -7.51431e-05     7.64569e-05
1365    5.80243e-05     0     3.51284e-05     3.51284e-05     3.51284e-05     -3.26078e-05     7.10785e-05
1375    6.7695e-05     0     -4.62955e-05     -4.62955e-05     -4.62955e-05     -0.000183812     2.62351e-05
1385    0.000106378     0     2.97543e-05     2.97543e-05     2.97543e-05     -3.55422e-05     6.3967e-05
1395    0.000106378     0     1.99055e-05     1.99055e-05     1.99055e-05     -7.499e-05     6.93171e-05
1405    6.7695e-05     0     4.21199e-05     4.21199e-05     4.21199e-05     4.35649e-07     6.36942e-05
1415    8.70364e-05     0     3.27661e-05     3.27661e-05     3.27661e-05     -9.06625e-06     5.42896e-05
1425    3.86828e-05     0     1.97464e-05     1.97464e-05     1.97464e-05     -9.85297e-05     8.02149e-05
1435    3.86828e-05     0     1.30537e-05     1.30537e-05     1.30537e-05     -5.02076e-05     4.51882e-05
1445    5.80243e-05     0     1.95743e-05     1.95743e-05     1.95743e-05     -1.0685e-05     3.48282e-05
1455    3.86828e-05     0     2.11233e-05     2.11233e-05     2.11233e-05     -1.12723e-05     3.73539e-05
1465    5.80243e-05     0     5.77859e-06     5.77859e-06     5.77859e-06     -4.35494e-05     3.03195e-05
1475    8.70364e-05     0     8.89599e-06     8.89599e-06     8.89599e-06     -4.47076e-05     3.53816e-05
1485    6.7695e-05     0     -1.37257e-05     -1.37257e-05     -1.37257e-05     -9.6362e-05     2.68736e-05
1495    7.73657e-05     0     2.08292e-05     2.08292e-05     2.08292e-05     -1.3544e-05     3.75987e-05
1505    3.86828e-05     0     2.23875e-05     2.23875e-05     2.23875e-05     -1.43393e-05     4.01746e-05
1515    1.93414e-05     0     -9.96989e-06     -9.96989e-06     -9.96989e-06     -8.04824e-05     2.39531e-05
1525    4.83536e-05     0     2.22995e-05     2.22995e-05     2.22995e-05     -1.54218e-05     4.03284e-05
1535    5.80243e-05     0     -2.396e-05     -2.396e-05     -2.396e-05     -0.000101169     1.27124e-05
1545    3.86828e-05     0     -2.73236e-06     -2.73236e-06     -2.73236e-06     -4.82041e-05     1.86839e-05
1555    5.80243e-05     0     -1.97435e-05     -1.97435e-05     -1.97435e-05     -8.21893e-05     9.51329e-06
1565    1.93414e-05     0     -3.04438e-05     -3.04438e-05     -3.04438e-05     -0.000102951     3.23834e-06
1575    9.67071e-06     0     -7.50039e-06     -7.50039e-06     -7.50039e-06     -4.8563e-05     1.14558e-05
1585    9.67071e-06     0     2.49659e-05     2.49659e-05     2.49659e-05     -8.35267e-06     4.02306e-05
1595    2.90121e-05     0     1.26077e-05     1.26077e-05     1.26077e-05     -1.63995e-05     2.57887e-05
1605    2.90121e-05     0     3.327e-06     3.327e-06     3.327e-06     -5.43635e-05     2.93927e-05
1615    0     0     3.26516e-06     3.26516e-06     3.26516e-06     -1.3468e-05     1.0757e-05
1625    1.93414e-05     0     1.08695e-07     1.08695e-07     1.08695e-07     -5.48336e-05     2.4565e-05
1635    3.86828e-05     0     1.08756e-05     1.08756e-05     1.08756e-05     -4.74026e-06     1.77663e-05
1645    9.67071e-06     0     -2.77919e-05     -2.77919e-05     -2.77919e-05     -0.000100092     3.88813e-06
1655    9.67071e-06     0     -1.0775e-05     -1.0775e-05     -1.0775e-05     -5.1986e-05     7.13621e-06
1665    9.67071e-06     0     1.24557e-05     1.24557e-05     1.24557e-05     -6.02468e-06     2.04348e-05
1675    3.86828e-05     0     1.24411e-05     1.24411e-05     1.24411e-05     -6.29325e-06     2.04691e-05
1685    1.93414e-05     0     1.08822e-05     1.08822e-05     1.08822e-05     -5.73206e-06     1.79456e-05
1695    9.67071e-06     0     1.71137e-05     1.71137e-05     1.71137e-05     -9.25942e-06     2.82536e-05
1705    2.90121e-05     0     -4.78604e-05     -4.78604e-05     -4.78604e-05     -0.000154784     -3.02062e-06
1715    1.93414e-05     0     4.67104e-06     4.67104e-06     4.67104e-06     -2.69296e-06     7.73605e-06
1725    3.86828e-05     0     1.09245e-05     1.09245e-05     1.09245e-05     -6.43142e-06     1.80945e-05
1735    0     0     1.09255e-05     1.09255e-05     1.09255e-05     -6.66304e-06     1.8132e-05
1745    0     0     6.25277e-06     6.25277e-06     6.25277e-06     -3.93061e-06     1.03877e-05
1755    9.67071e-06     0     -1.52475e-05     -1.52475e-05     -1.52475e-05     -5.36738e-05     2.80812e-07
1765    0     0     -4.51355e-06     -4.51355e-06     -4.51355e-06     -1.16019e-05     -1.68241e-06
1775    0     0     0     0     0     0     0
1785    9.67071e-06     0     -1.99291e-05     -1.99291e-05     -1.99291e-05     -5.2014e-05     -7.31264e-06
1795    9.67071e-06     0     0     0     0     0     0
1805    9.67071e-06     0     -1.98364e-05     -1.98364e-05     -1.98364e-05     -5.258e-05     -7.16427e-06
1815    9.67071e-06     0     0     0     0     0     0
1825    9.67071e-06     0     -1.98138e-05     -1.98138e-05     -1.98138e-05     -5.31316e-05     -7.07158e-06
1835    2.90121e-05     0     0     0     0     0     0
1845    0     0     -1.96319e-05     -1.96319e-05     -1.96319e-05     -5.36747e-05     -6.86791e-06
1855    9.67071e-06     0     0     0     0     0     0
1865    0     0     0     0     0     0     0
1875    1.93414e-05     0     0     0     0     0     0
1885    9.67071e-06     0     -1.9568e-05     -1.9568e-05     -1.9568e-05     -5.51908e-05     -6.63007e-06
1895    0     0     -4.39237e-06     -4.39237e-06     -4.39237e-06     -1.24853e-05     -1.47638e-06
1905    9.67071e-06     0     0     0     0     0     0
1915    0     0     0     0     0     0     0
1925    0     0     0     0     0     0     0
1935    0     0     -4.34839e-06     -4.34839e-06     -4.34839e-06     -1.27503e-05     -1.41563e-06
1945    0     0     0     0     0     0     0
1955    0     0     0     0     0     0     0
1965    0     0     0     0     0     0     0
1975    1.93414e-05     0     -1.9073e-05     -1.9073e-05     -1.9073e-05     -5.7681e-05     -6.01524e-06
1985    9.67071e-06     0     0     0     0     0     0
1995    1.93414e-05     0     0     0     0     0     0
2005    9.67071e-06     0     0     0     0     0     0
2015    0     0     0     0     0     0     0
2025    1.93414e-05     0     0     0     0     0     0
2035    0     0     0     0     0     0     0
2045    0     0     0     0     0     0     0
2055    9.67071e-06     0     0     0     0     0     0
2065    0     0     0     0     0     0     0
2075    0     0     0     0     0     0     0
2085    0     0     0     0     0     0     0
2095    0     0     0     0     0     0     0
2105    0     0     0     0     0     0     0
2115    9.67071e-06     0     0     0     0     0     0
2125    0     0     0     0     0     0     0
2135    9.67071e-06     0     0     0     0     0     0
2145    0     0     0     0     0     0     0
2155    0     0     0     0     0     0     0
2165    0     0     0     0     0     0     0
2175    0     0     0     0     0     0     0
2185    9.67071e-06     0     0     0     0     0     0
2195    0     0     0     0     0     0     0
2205    0     0     0     0     0     0     0
2215    9.67071e-06     0     0     0     0     0     0
2225    0     0     0     0     0     0     0
2235    0     0     0     0     0     0     0
2245    0     0     0     0     0     0     0
2255    0     0     0     0     0     0     0
2265    0     0     0     0     0     0     0
2275    0     0     0     0     0     0     0
2285    0     0     0     0     0     0     0
2295    0     0     0     0     0     0     0
2305    0     0     0     0     0     0     0
2315    0     0     0     0     0     0     0
2325    0     0     0     0     0     0     0
2335    0     0     0     0     0     0     0
2345    0     0     0     0     0     0     0
2355    0     0     0     0     0     0     0
2365    0     0     0     0     0     0     0
2375    0     0     0     0     0     0     0
2385    0     0     0     0     0     0     0
2395    0     0     0     0     0     0     0
