5    0     0     0     0     0     0     0
15    0     0     0     0     0     0     0
25    0     0     0     0     0     0     0
35    0     0     0     0     0     0     0
45    0     0     0     0     0     0     0
55    0     0     0     0     0     0     0
65    0     0     0     0     0     0     0
75    0     0     0     0     0     0     0
85    0     0     0     0     0     0     0
95    0     0     0     0     0     0     0
105    0.000505836     0     0     0     0     0     0
115    0.00396238     0     0     0     0     0     0
125    0.00396238     0     0     0     0     0     0
135    0.00453145     0     0     0     0     0     0
145    0.00518482     0     0     0     0     0     0
155    0.00569066     1.85776e-05     1.85776e-05     1.85776e-05     1.85776e-05     1.85776e-05     1.85776e-05
165    0.00661802     3.71552e-05     3.71552e-05     3.71552e-05     3.71552e-05     3.71552e-05     3.71552e-05
175    0.00765077     7.43104e-05     7.43104e-05     7.43104e-05     7.43104e-05     7.43104e-05     7.43104e-05
185    0.00744     0.000167198     0.000167198     0.000167198     0.000167198     0.000167198     0.000167198
195    0.00779831     0.000204354     0.000204354     0.000204354     0.000204354     0.000204354     0.000204354
205    0.00973734     0.000650216     0.000650216     0.000650216     0.000650216     0.000650216     0.000650216
215    0.0111916     0.000371552     0.00355619     0.00355619     0.00355619     0.00493729     0.00260598
225    0.0106015     0.000798837     0.0040934     0.0040934     0.0040934     0.0055292     0.00310546
235    0.0125405     0.000891725     0.00427322     0.00427322     0.00427322     0.00574791     0.00325708
245    0.0140791     0.00100319     0.00443524     0.00443524     0.00443524     0.00593413     0.00340128
255    0.0171141     0.00187634     0.00533724     0.00533724     0.00533724     0.00684277     0.00429604
265    0.0196222     0.00263802     0.00618158     0.00618158     0.00618158     0.00771545     0.00511769
275    0.02095     0.00271233     0.00627497     0.00627497     0.00627497     0.00782026     0.00520249
285    0.0249757     0.00399418     0.00768815     0.00768815     0.00768815     0.00928715     0.00657623
295    0.0285587     0.00551755     0.00935973     0.00935973     0.00935973     0.0110229     0.00820174
305    0.036083     0.00759824     0.0117968     0.0117968     0.0117968     0.0136161     0.0105292
315    0.0440499     0.0100691     0.0145984     0.0145984     0.0145984     0.0165541     0.0132326
325    0.053998     0.0151407     0.0204982     0.0204982     0.0204982     0.0228067     0.0188831
335    0.0725032     0.0226275     0.0292088     0.0292088     0.0292088     0.0320255     0.0272318
345    0.0974156     0.0368022     0.0459223     0.0460083     0.0458349     0.0498093     0.0431878
355    0.134847     0.0657647     0.080512     0.0807824     0.080237     0.0868568     0.0760562
365    0.214685     0.123225     0.14871     0.149501     0.147911     0.159767     0.140957
375    0.353495     0.249571     0.293392     0.29621     0.290579     0.312539     0.279982
385    0.683363     0.565279     0.63347     0.646302     0.620935     0.663473     0.612482
395    1.14051     1.19261     1.25075     1.30083     1.20358     1.27646     1.23278
405    1.06082     1.2912     1.26597     1.31963     1.21539     1.25337     1.27518
415    0.576695     0.724898     0.668402     0.684031     0.653103     0.643154     0.686026
425    0.289781     0.379596     0.33343     0.337233     0.329617     0.312693     0.347894
435    0.168865     0.220646     0.187006     0.18816     0.185829     0.171837     0.197583
445    0.101146     0.143791     0.118839     0.119267     0.118399     0.107519     0.126723
455    0.0697     0.0983498     0.0794955     0.0796644     0.0793222     0.0708846     0.0854843
465    0.0486235     0.0719325     0.0572374     0.0572374     0.0572374     0.0505383     0.0619036
475    0.0384225     0.0564945     0.0443614     0.0443614     0.0443614     0.0388397     0.0482127
485    0.0283057     0.043453     0.0335596     0.0335596     0.0335596     0.0290351     0.0367128
495    0.0224043     0.0358733     0.0273836     0.0273836     0.0273836     0.0234886     0.0300975
505    0.0185052     0.0299471     0.0226733     0.0226733     0.0226733     0.0193305     0.0250028
515    0.0138473     0.0235936     0.0174826     0.0174826     0.0174826     0.0146566     0.0194496
525    0.0124773     0.0210484     0.015643     0.015643     0.015643     0.0131306     0.0173899
535    0.0106647     0.0169428     0.0122944     0.0122944     0.0122944     0.0101355     0.0137972
545    0.00857814     0.0148807     0.0107462     0.0107462     0.0107462     0.00882792     0.0120828
555    0.00752431     0.0127442     0.00896096     0.00896096     0.00896096     0.00720274     0.0101863
565    0.00640726     0.0110722     0.00774849     0.00774849     0.00774849     0.00619727     0.00882876
575    0.00531128     0.00934453     0.00643796     0.00643796     0.00643796     0.00507791     0.00738497
585    0.00533235     0.0082113     0.00560702     0.00560702     0.00560702     0.00438725     0.00645674
595    0.00438391     0.00767255     0.00513583     0.00513583     0.00513583     0.00394407     0.00596572
605    0.00345655     0.00652074     0.00423788     0.00423788     0.00423788     0.00316063     0.00498733
615    0.00303502     0.00635354     0.00416233     0.00416233     0.00416233     0.00312521     0.00488364
625    0.00261349     0.005146     0.00325596     0.00325596     0.00325596     0.00236005     0.00387917
635    0.00263456     0.00449578     0.00272787     0.00272787     0.00272787     0.0018876     0.00331219
645    0.0025081     0.00444005     0.00277567     0.00277567     0.00277567     0.0019817     0.0033275
655    0.00231842     0.00423569     0.00261335     0.00261335     0.00261335     0.00183806     0.00315224
665    0.0017915     0.00378983     0.0022524     0.0022524     0.0022524     0.00151569     0.00276425
675    0.00174935     0.00334397     0.00196426     0.00196426     0.00196426     0.00130075     0.00242495
685    0.00139105     0.00313961     0.00187446     0.00187446     0.00187446     0.00126513     0.00229766
695    0.000316147     0.000483018     -0.000120862     -0.000120862     -0.000120862     -0.000412752     8.17111e-05
705    0     0     -0.000490211     -0.000490211     -0.000490211     -0.000728193     -0.000325207
715    0     0     -0.000401095     -0.000401095     -0.000401095     -0.00059623     -0.000265807
725    0     0     -0.000371473     -0.000371473     -0.000371473     -0.000552971     -0.000245758
735    0     0     -0.000313235     -0.000313235     -0.000313235     -0.000466883     -0.000206895
745    0     0     -0.000304807     -0.000304807     -0.000304807     -0.000454896     -0.000201
755    0     0     -0.000365582     -0.000365582     -0.000365582     -0.000546232     -0.000240734
765    0     0     -0.000335052     -0.000335052     -0.000335052     -0.000501191     -0.000220306
775    0     0     -0.000293408     -0.000293408     -0.000293408     -0.00043953     -0.000192589
785    0     0     -0.000255962     -0.000255962     -0.000255962     -0.00038404     -0.000167691
795    0     0     -0.000290773     -0.000290773     -0.000290773     -0.000436972     -0.000190136
805    0     0     -0.000247832     -0.000247832     -0.000247832     -0.000372921     -0.000161795
815    0     0     -0.000208478     -0.000208478     -0.000208478     -0.000314229     -0.000135836
825    0     0     -0.000274717     -0.000274717     -0.000274717     -0.000414302     -0.000178844
835    0     0     -0.000193978     -0.000193978     -0.000193978     -0.000293369     -0.000125881
845    0     0     -0.000194715     -0.000194715     -0.000194715     -0.000295036     -0.000126091
855    0     0     -0.000233521     -0.000233521     -0.000233521     -0.000354123     -0.000151053
865    0     0     -0.000192061     -0.000192061     -0.000192061     -0.000292106     -0.00012383
875    0     0     -0.000197943     -0.000197943     -0.000197943     -0.000301744     -0.000127292
885    0     0     -0.000185157     -0.000185157     -0.000185157     -0.000282573     -0.000118898
895    0     0     -0.000166122     -0.000166122     -0.000166122     -0.000254354     -0.000106295
905    0     0     -0.000126252     -0.000126252     -0.000126252     -0.000193725     -8.05891e-05
915    0     0     -0.000144855     -0.000144855     -0.000144855     -0.000222605     -9.22971e-05
925    0     0     -0.000156858     -0.000156858     -0.000156858     -0.000241772     -9.9615e-05
935    0     0     -0.000187985     -0.000187985     -0.000187985     -0.000290347     -0.000119102
945    0     0     -0.00012447     -0.00012447     -0.00012447     -0.000192518     -7.87289e-05
955    0     0     -0.00013826     -0.00013826     -0.00013826     -0.000214404     -8.71966e-05
965    0     0     -8.4111e-05     -8.4111e-05     -8.4111e-05     -0.000130945     -5.28243e-05
975    0     0     -0.000114562     -0.000114562     -0.000114562     -0.000178776     -7.17595e-05
985    0     0     -0.000113405     -0.000113405     -0.000113405     -0.000177427     -7.0827e-05
995    0     0     -0.000109803     -0.000109803     -0.000109803     -0.000172104     -6.8436e-05
1005    0     0     0     0     0     0     0
1015    0     0     0     0     0     0     0
1025    0     0     0     0     0     0     0
1035    0     0     0     0     0     0     0
1045    0     0     0     0     0     0     0
1055    0     0     0     0     0     0     0
1065    0     0     0     0     0     0     0
1075    0     0     0     0     0     0     0
1085    0     0     0     0     0     0     0
1095    0     0     0     0     0     0     0
1105    0     0     0     0     0     0     0
1115    0     0     0     0     0     0     0
1125    0     0     0     0     0     0     0
1135    0     0     0     0     0     0     0
1145    0     0     0     0     0     0     0
1155    0     0     0     0     0     0     0
1165    0     0     0     0     0     0     0
1175    0     0     0     0     0     0     0
1185    0     0     0     0     0     0     0
1195    0     0     0     0     0     0     0
1205    0     0     0     0     0     0     0
1215    0     0     0     0     0     0     0
1225    0     0     0     0     0     0     0
1235    0     0     0     0     0     0     0
1245    0     0     0     0     0     0     0
1255    0     0     0     0     0     0     0
1265    0     0     0     0     0     0     0
1275    0     0     0     0     0     0     0
1285    0     0     0     0     0     0     0
1295    0     0     0     0     0     0     0
1305    0     0     0     0     0     0     0
1315    0     0     0     0     0     0     0
1325    0     0     0     0     0     0     0
1335    0     0     0     0     0     0     0
1345    0     0     0     0     0     0     0
1355    0     0     0     0     0     0     0
1365    0     0     0     0     0     0     0
1375    0     0     0     0     0     0     0
1385    0     0     0     0     0     0     0
1395    0     0     0     0     0     0     0
1405    0     0     0     0     0     0     0
1415    0     0     0     0     0     0     0
1425    0     0     0     0     0     0     0
1435    0     0     0     0     0     0     0
1445    0     0     0     0     0     0     0
1455    0     0     0     0     0     0     0
1465    0     0     0     0     0     0     0
1475    0     0     0     0     0     0     0
1485    0     0     0     0     0     0     0
1495    0     0     0     0     0     0     0
1505    0     0     0     0     0     0     0
1515    0     0     0     0     0     0     0
1525    0     0     0     0     0     0     0
1535    0     0     0     0     0     0     0
1545    0     0     0     0     0     0     0
1555    0     0     0     0     0     0     0
1565    0     0     0     0     0     0     0
1575    0     0     0     0     0     0     0
1585    0     0     0     0     0     0     0
1595    0     0     0     0     0     0     0
1605    0     0     0     0     0     0     0
1615    0     0     0     0     0     0     0
1625    0     0     0     0     0     0     0
1635    0     0     0     0     0     0     0
1645    0     0     0     0     0     0     0
1655    0     0     0     0     0     0     0
1665    0     0     0     0     0     0     0
1675    0     0     0     0     0     0     0
1685    0     0     0     0     0     0     0
1695    0     0     0     0     0     0     0
1705    0     0     0     0     0     0     0
1715    0     0     0     0     0     0     0
1725    0     0     0     0     0     0     0
1735    0     0     0     0     0     0     0
1745    0     0     0     0     0     0     0
1755    0     0     0     0     0     0     0
1765    0     0     0     0     0     0     0
1775    0     0     0     0     0     0     0
1785    0     0     0     0     0     0     0
1795    0     0     0     0     0     0     0
1805    0     0     0     0     0     0     0
1815    0     0     0     0     0     0     0
1825    0     0     0     0     0     0     0
1835    0     0     0     0     0     0     0
1845    0     0     0     0     0     0     0
1855    0     0     0     0     0     0     0
1865    0     0     0     0     0     0     0
1875    0     0     0     0     0     0     0
1885    0     0     0     0     0     0     0
1895    0     0     0     0     0     0     0
1905    0     0     0     0     0     0     0
1915    0     0     0     0     0     0     0
1925    0     0     0     0     0     0     0
1935    0     0     0     0     0     0     0
1945    0     0     0     0     0     0     0
1955    0     0     0     0     0     0     0
1965    0     0     0     0     0     0     0
1975    0     0     0     0     0     0     0
1985    0     0     0     0     0     0     0
1995    0     0     0     0     0     0     0
2005    0     0     0     0     0     0     0
2015    0     0     0     0     0     0     0
2025    0     0     0     0     0     0     0
2035    0     0     0     0     0     0     0
2045    0     0     0     0     0     0     0
2055    0     0     0     0     0     0     0
2065    0     0     0     0     0     0     0
2075    0     0     0     0     0     0     0
2085    0     0     0     0     0     0     0
2095    0     0     0     0     0     0     0
2105    0     0     0     0     0     0     0
2115    0     0     0     0     0     0     0
2125    0     0     0     0     0     0     0
2135    0     0     0     0     0     0     0
2145    0     0     0     0     0     0     0
2155    0     0     0     0     0     0     0
2165    0     0     0     0     0     0     0
2175    0     0     0     0     0     0     0
2185    0     0     0     0     0     0     0
2195    0     0     0     0     0     0     0
2205    0     0     0     0     0     0     0
2215    0     0     0     0     0     0     0
2225    0     0     0     0     0     0     0
2235    0     0     0     0     0     0     0
2245    0     0     0     0     0     0     0
2255    0     0     0     0     0     0     0
2265    0     0     0     0     0     0     0
2275    0     0     0     0     0     0     0
2285    0     0     0     0     0     0     0
2295    0     0     0     0     0     0     0
2305    0     0     0     0     0     0     0
2315    0     0     0     0     0     0     0
2325    0     0     0     0     0     0     0
2335    0     0     0     0     0     0     0
2345    0     0     0     0     0     0     0
2355    0     0     0     0     0     0     0
2365    0     0     0     0     0     0     0
2375    0     0     0     0     0     0     0
2385    0     0     0     0     0     0     0
2395    0     0     0     0     0     0     0
