5    2.36479e-06     0     0     0     0     0     0
15    2.77863e-05     0     0     0     0     0     0
25    5.61637e-05     0     0     0     0     0     0
35    7.44909e-05     0     0     0     0     0     0
45    0.000115283     0     0     0     0     0     0
55    0.000138931     0     0     0     0     0     0
65    0.000198642     0     0     0     0     0     0
75    0.000211057     0     0     0     0     0     0
85    0.000247712     0     0     0     0     0     0
95    0.000290869     0     0     0     0     0     0
105    0.000317473     0     0     0     0     0     0
115    0.000342303     0     0     0     0     0     0
125    0.000378957     0     0     0     0     0     0
135    0.000421524     0     0     0     0     0     0
145    0.000461134     0     0     0     0     0     0
155    0.000487738     0     0     0     0     0     0
165    0.000499562     4.4051e-06     1.17469e-06     1.17469e-06     1.17469e-06     1.17469e-06     1.17469e-06
175    0.000579373     4.4051e-06     3.52408e-06     3.52408e-06     3.52408e-06     3.52408e-06     3.52408e-06
185    0.000561046     5.28612e-06     4.69877e-06     4.69877e-06     4.69877e-06     4.69877e-06     4.69877e-06
195    0.000560455     7.04816e-06     5.87347e-06     5.95688e-06     5.78487e-06     5.87347e-06     5.87347e-06
205    0.000620757     1.32153e-05     1.17469e-05     1.20806e-05     1.13925e-05     1.17469e-05     1.17469e-05
215    0.000667462     1.05722e-05     0.000691557     0.000692131     0.000690949     0.000970884     0.00049714
225    0.000707663     1.93824e-05     0.000715077     0.00071552     0.000714609     0.00100743     0.000511548
235    0.000725399     1.67394e-05     0.000624479     0.000625064     0.00062386     0.0008773     0.000448227
245    0.000735449     2.73116e-05     0.000616814     0.000617524     0.000616062     0.000865261     0.000443234
255    0.000741953     2.20255e-05     0.000580695     0.000581543     0.000579798     0.000811693     0.000419114
265    0.000833588     3.17167e-05     0.000590302     0.000591436     0.000589101     0.00082077     0.000428748
275    0.000841865     4.14079e-05     0.00054482     0.000545816     0.000543768     0.000759267     0.000394368
285    0.000870242     5.10992e-05     0.00053142     0.00053317     0.000529572     0.000730143     0.000391771
295    0.000881475     5.46232e-05     0.000546107     0.000548038     0.00054407     0.000749397     0.000403232
305    0.000864331     7.13626e-05     0.000489784     0.000492176     0.000487263     0.000664233     0.000367105
315    0.000910444     9.86742e-05     0.000532711     0.00053538     0.000529899     0.000721424     0.000399712
325    0.00095774     9.77932e-05     0.000527759     0.000531238     0.000524098     0.000704337     0.000403081
335    0.00095774     0.000137439     0.000529671     0.000533437     0.000525711     0.000702154     0.000407375
345    0.000996759     0.000148011     0.000575986     0.000580654     0.000571092     0.000753634     0.000448925
355    0.0010541     0.00021585     0.000657218     0.000664412     0.000649678     0.000837347     0.000528033
365    0.00111086     0.000255496     0.000660176     0.000668629     0.000651314     0.000832127     0.000537296
375    0.0010748     0.000311     0.000811205     0.000821822     0.000800091     0.00102367     0.000659702
385    0.00111914     0.000352408     0.000858865     0.000872019     0.000845137     0.00106852     0.000709832
395    0.00117589     0.000444034     0.000936598     0.000952687     0.000919828     0.00115119     0.00078445
405    0.00122023     0.000494252     0.00100943     0.00102838     0.000989696     0.00122863     0.000854374
415    0.00121432     0.000527731     0.00106065     0.0010814     0.0010391     0.00129019     0.000898618
425    0.00121609     0.000574425     0.00115592     0.00117948     0.00113146     0.00140092     0.00098335
435    0.00127521     0.000615833     0.00118594     0.00121266     0.00115828     0.00142188     0.00102005
445    0.00132606     0.000687196     0.00122912     0.00125673     0.00120056     0.00147934     0.00105361
455    0.00136685     0.000718912     0.00125652     0.00128742     0.00122463     0.0014987     0.00108705
465    0.00141001     0.000768249     0.00131866     0.00135285     0.00128342     0.0015599     0.00114982
475    0.00144489     0.000755034     0.00136587     0.00140279     0.00132794     0.00161258     0.00119313
485    0.00145553     0.000858994     0.00152866     0.00156978     0.00148652     0.00181903     0.00132576
495    0.00157081     0.000937405     0.00149972     0.00154238     0.00145607     0.00177344     0.0013087
505    0.00154657     0.000984099     0.001534     0.00158071     0.00148637     0.00180188     0.00134726
515    0.00162698     0.00100789     0.00166136     0.00171267     0.00160909     0.00195396     0.0014578
525    0.00166304     0.00106956     0.00169847     0.00175525     0.00164094     0.00198482     0.00149961
535    0.00173457     0.00108894     0.00172167     0.00177785     0.00166483     0.00203053     0.00150721
545    0.00174581     0.00111449     0.00188114     0.00194827     0.00181355     0.00219721     0.00166161
555    0.00188178     0.001281     0.00187357     0.00194116     0.00180567     0.0021952     0.00165036
565    0.00189006     0.00124048     0.00196792     0.0020399     0.00189591     0.00232281     0.00172204
575    0.00192198     0.00132417     0.00202871     0.00210737     0.00195033     0.00238125     0.00178467
585    0.00203549     0.00134003     0.00207435     0.00215892     0.00199037     0.00242314     0.00183307
595    0.00204968     0.00140082     0.00217197     0.00226456     0.00208064     0.00254267     0.00191578
605    0.00210939     0.00139465     0.00228694     0.00238884     0.00218667     0.00266055     0.00202918
615    0.00226606     0.00156117     0.00226669     0.00237347     0.0021624     0.00264583     0.00200539
625    0.00227966     0.00161403     0.00243687     0.00255316     0.0023236     0.00284836     0.00215349
635    0.00239967     0.0016616     0.00261784     0.00275074     0.00248983     0.00306423     0.00231078
645    0.00247475     0.00170565     0.00253528     0.00267585     0.00240042     0.00291854     0.00227198
655    0.00246648     0.00181754     0.00257322     0.00272012     0.00243332     0.00298361     0.00229153
665    0.00257289     0.00183076     0.0027316     0.00289525     0.00257689     0.00316552     0.00243413
675    0.00264443     0.00193384     0.0027095     0.00288538     0.00254427     0.00310361     0.00243965
685    0.00277153     0.00203604     0.0028801     0.00307818     0.00269617     0.00330933     0.00258643
695    0.00285253     0.00220167     0.00302737     0.00323773     0.00283272     0.00349275     0.00270948
705    0.00286021     0.00218757     0.00317846     0.00342896     0.00295082     0.00362796     0.0028719
715    0.00297077     0.00237171     0.0034062     0.0036691     0.00316823     0.00393926     0.00304302
725    0.00304348     0.00237347     0.00353977     0.00384531     0.00326761     0.00405671     0.00318812
735    0.00312034     0.0025206     0.00355832     0.00387885     0.0032755     0.00407548     0.00320711
745    0.00311975     0.00264394     0.00362836     0.00398366     0.00331947     0.00412999     0.00328823
755    0.00321966     0.00280252     0.0039031     0.00430786     0.00355647     0.00445059     0.00353248
765    0.0032037     0.00294525     0.00401179     0.00445149     0.00363897     0.00455607     0.00364383
775    0.00325572     0.00300428     0.00412801     0.00461495     0.00372413     0.00470478     0.00373877
785    0.00334795     0.00314965     0.00414368     0.0046567     0.00372059     0.00468329     0.00378029
795    0.0032374     0.00329501     0.00432913     0.00492007     0.00385564     0.00489933     0.00394585
805    0.00313985     0.00335669     0.00442247     0.00505863     0.00391619     0.00495199     0.00406713
815    0.00321493     0.00361747     0.00453648     0.00524498     0.00398633     0.00507734     0.00417432
825    0.00323562     0.00361835     0.00459909     0.00536881     0.0040086     0.00508163     0.00427627
835    0.00309078     0.0039223     0.00455981     0.0053641     0.00395371     0.00504437     0.00423671
845    0.00302161     0.00393816     0.00471962     0.00562017     0.00405181     0.00515016     0.00443322
855    0.00295303     0.00402538     0.00477755     0.0057202     0.00408578     0.00520579     0.00449307
865    0.00277804     0.00413727     0.00464205     0.00562464     0.00393259     0.00499765     0.00440667
875    0.00266098     0.00407472     0.00470544     0.00572598     0.00397148     0.00503569     0.00448738
885    0.00261723     0.00418484     0.00456853     0.00560822     0.00382926     0.00483262     0.00439449
895    0.00241149     0.00409322     0.00457676     0.00563662     0.00382309     0.00479754     0.00443177
905    0.00224241     0.00416194     0.00443672     0.00548273     0.00369255     0.00433775     0.00458786
915    0.00214959     0.0040571     0.00421025     0.00520233     0.0035008     0.00414446     0.00431088
925    0.00202958     0.00395666     0.00395097     0.00487495     0.00328483     0.00392143     0.00399632
935    0.00194445     0.00374257     0.00377213     0.00462769     0.00314577     0.00376073     0.0037811
945    0.00177241     0.00367473     0.00361457     0.00442486     0.00301519     0.00355725     0.00365172
955    0.00167191     0.00343245     0.00335368     0.00404685     0.00282645     0.00325882     0.00341495
965    0.00153593     0.00338224     0.0031061     0.00374609     0.00261547     0.00296826     0.00319473
975    0.00145553     0.00322189     0.00284495     0.00335278     0.00243883     0.00268455     0.00294774
985    0.00141651     0.00286331     0.00265454     0.0031197     0.0022791     0.00246461     0.00277589
995    0.00128999     0.00273292     0.00241897     0.00278743     0.0021094     0.00220919     0.00255265
1005    0.00115934     0.00264747     0.00218355     0.00249291     0.00191863     0.00196247     0.002324
1015    0.0010949     0.00239285     0.00197106     0.00221623     0.00175379     0.00174142     0.00211649
1025    0.00104169     0.00227215     0.00177666     0.00196849     0.00160093     0.00153022     0.00193219
1035    0.0009134     0.00208626     0.00161996     0.00177901     0.00147014     0.00135256     0.00178809
1045    0.000882066     0.00187129     0.00144555     0.00155016     0.0013407     0.00120638     0.00159536
1055    0.000780972     0.0017453     0.00129442     0.00138628     0.00120036     0.000996662     0.0014802
1065    0.000740179     0.00153562     0.00111339     0.0011602     0.00105861     0.000836934     0.00128519
1075    0.000704707     0.00145633     0.00110133     0.00113926     0.00105471     0.000849416     0.00125719
1085    0.000640267     0.00134796     0.000977725     0.000991106     0.000953333     0.000712827     0.00114089
1095    0.000598883     0.00120788     0.000880702     0.000887961     0.000862867     0.000622614     0.00103897
1105    0.000574053     0.00117528     0.000837914     0.00083851     0.000826871     0.000604477     0.000980399
1115    0.000545675     0.00109775     0.000793917     0.00080493     0.000771666     0.000582021     0.000922661
1125    0.000481826     0.000994672     0.000663487     0.000679495     0.000636478     0.000432237     0.000803294
1135    0.000452266     0.000927714     0.000631376     0.000659461     0.000592298     0.000410762     0.000764114
1145    0.00040497     0.000799085     0.000547808     0.000576275     0.000509137     0.000318945     0.000684827
1155    0.000402014     0.000778822     0.0005212     0.000558704     0.000474202     0.000330512     0.000634815
1165    0.000382505     0.000763844     0.000422353     0.000460068     0.000375746     0.000193647     0.000557931
1175    0.000361813     0.00067398     0.000394863     0.000437244     0.000344265     0.000188549     0.000516564
1185    0.000326341     0.000611428     0.000398445     0.000442455     0.000346762     0.000225209     0.000500079
1195    0.000292643     0.000616714     0.000373722     0.000420494     0.000319654     0.000202017     0.000473932
1205    0.000273724     0.000537422     0.00030304     0.000350285     0.000249324     0.000121909     0.000408233
1215    0.000258944     0.000488085     0.000305046     0.000353607     0.000250229     0.000135066     0.000403251
1225    0.000210466     0.000512754     0.000289412     0.00034042     0.000232704     0.000135417     0.000377882
1235    0.000241209     0.000433462     0.000266349     0.000312138     0.000215624     0.000142447     0.000337158
1245    0.000209284     0.000408793     0.000192039     0.000239687     0.000139942     3.10956e-05     0.000283507
1255    0.000202781     0.000429057     0.00018241     0.00023238     0.000127944     6.23862e-06     0.000282011
1265    0.000183862     0.000373552     0.000212004     0.000261006     0.000158998     9.03163e-05     0.000280426
1275    0.000185045     0.000321572     0.000189957     0.000236109     0.000140271     7.9558e-05     0.000251687
1285    0.000170856     0.000320691     0.000198224     0.000246444     0.000146556     9.5668e-05     0.000255248
1295    0.000169674     0.000296023     0.000154868     0.000204712     0.000101742     2.14881e-05     0.000228629
1305    0.000147208     0.00027664     0.000148929     0.000194136     0.000100857     4.08046e-05     0.000208367
1315    0.000150164     0.000266068     0.000125744     0.000177013     7.15679e-05     -1.70408e-05     0.000203775
1325    0.000127107     0.000240518     0.000164189     0.000213472     0.000112173     6.8333e-05     0.000216282
1335    0.000124151     0.000231708     0.000142557     0.000189952     9.27849e-05     5.15463e-05     0.000191726
1345    0.000127699     0.000207921     0.000106349     0.000148253     6.24111e-05     1.10765e-05     0.000157497
1355    0.00011351     0.000205278     7.40584e-05     0.000112523     3.38558e-05     -2.78226e-05     0.000128438
1365    0.000117648     0.000193824     0.000102996     0.000146581     5.75421e-05     1.06735e-05     0.000151992
1375    9.69564e-05     0.000180609     2.13664e-05     5.99052e-05     -1.87325e-05     -0.000122351     9.71595e-05
1385    9.5774e-05     0.000160346     8.28411e-05     0.000122616     4.15562e-05     -6.35179e-07     0.000126572
1395    9.04532e-05     0.000170037     6.56111e-05     0.000105988     2.37416e-05     -3.52317e-05     0.00011813
1405    9.34092e-05     0.000154179     8.21688e-05     0.00011811     4.50095e-05     2.29463e-05     0.000112818
1415    7.86292e-05     0.000134796     8.14366e-05     0.000119325     4.22894e-05     1.48002e-05     0.000115701
1425    7.68557e-05     0.000136558     3.81924e-05     7.52446e-05     8.50375e-09     -6.25845e-05     8.97074e-05
1435    6.85789e-05     0.000121581     5.96934e-05     9.82934e-05     1.99512e-05     -2.31959e-05     0.000101778
1445    6.73965e-05     0.000113652     6.68596e-05     0.000102327     3.04027e-05     7.04955e-06     9.70271e-05
1455    6.91701e-05     0.000105722     5.05617e-05     7.87036e-05     2.16661e-05     2.63918e-06     7.45788e-05
1465    6.38493e-05     0.000107484     3.98485e-05     7.01606e-05     8.75696e-06     -2.53118e-05     7.22661e-05
1475    5.55725e-05     9.25071e-05     4.35537e-05     7.71314e-05     9.16127e-06     -2.60503e-05     7.79566e-05
1485    5.49814e-05     9.16261e-05     1.45845e-05     4.42531e-05     -1.57836e-05     -7.22152e-05     5.72203e-05
1495    5.02518e-05     9.42691e-05     5.26044e-05     0.000114183     -1.02032e-05     -1.40657e-06     7.8954e-05
1505    6.38493e-05     9.86742e-05     4.4602e-05     9.28986e-05     -4.65029e-06     -3.20208e-06     6.77664e-05
1515    4.31574e-05     7.48867e-05     1.12121e-05     1.12121e-05     1.12121e-05     -6.19837e-05     4.64288e-05
1525    5.20254e-05     7.04816e-05     3.74425e-05     3.74425e-05     3.74425e-05     -5.60761e-06     5.8011e-05
1535    4.25662e-05     7.13626e-05     4.14341e-06     4.14341e-06     4.14341e-06     -8.1828e-05     4.49728e-05
1545    4.31574e-05     6.07904e-05     2.45699e-05     2.45699e-05     2.45699e-05     -3.70389e-05     5.35793e-05
1555    3.36982e-05     7.22436e-05     5.15863e-06     5.15863e-06     5.15863e-06     -6.76942e-05     3.92702e-05
1565    4.61134e-05     5.55043e-05     -3.31966e-06     -3.31966e-06     -3.31966e-06     -8.68379e-05     3.54732e-05
1575    4.55222e-05     6.07904e-05     1.71216e-05     1.71216e-05     1.71216e-05     -3.99754e-05     4.34724e-05
1585    3.48806e-05     5.37422e-05     3.45983e-05     3.45983e-05     3.45983e-05     -1.45653e-06     5.11052e-05
1595    4.1975e-05     6.07904e-05     3.0528e-05     3.0528e-05     3.0528e-05     -1.11604e-05     4.94705e-05
1605    4.13838e-05     5.99094e-05     1.32816e-05     1.32816e-05     1.32816e-05     -4.26487e-05     3.85443e-05
1615    3.54718e-05     4.93371e-05     2.91586e-05     2.91586e-05     2.91586e-05     -1.2311e-05     4.77326e-05
1625    2.30567e-05     4.05269e-05     6.38453e-06     6.38453e-06     6.38453e-06     -4.38281e-05     2.87369e-05
1635    2.66039e-05     3.87649e-05     2.38083e-05     2.38083e-05     2.38083e-05     -3.14396e-06     3.5707e-05
1645    2.42391e-05     3.96459e-05     -1.53897e-05     -1.53897e-05     -1.53897e-05     -8.67763e-05     1.59051e-05
1655    2.60127e-05     3.34788e-05     1.46154e-06     1.46154e-06     1.46154e-06     -4.55054e-05     2.18796e-05
1665    2.71951e-05     3.17167e-05     1.80584e-05     1.80584e-05     1.80584e-05     -3.25305e-06     2.72619e-05
1675    2.83775e-05     2.73116e-05     1.70737e-05     1.70737e-05     1.70737e-05     -3.39217e-06     2.58527e-05
1685    2.42391e-05     3.87649e-05     1.98975e-05     1.98975e-05     1.98975e-05     -4.3403e-06     3.02089e-05
1695    1.35975e-05     3.87649e-05     1.8943e-05     1.8943e-05     1.8943e-05     -4.43633e-06     2.8816e-05
1705    2.01007e-05     3.25977e-05     -3.93607e-05     -3.93607e-05     -3.93607e-05     -0.000135694     1.03552e-06
1715    1.35975e-05     2.73116e-05     1.67172e-05     1.67172e-05     1.67172e-05     -4.48253e-06     2.55343e-05
1725    1.89183e-05     3.25977e-05     1.6407e-05     1.6407e-05     1.6407e-05     -4.64552e-06     2.50964e-05
1735    2.18743e-05     2.81926e-05     1.26148e-05     1.26148e-05     1.26148e-05     -3.80294e-06     1.93366e-05
1745    1.83271e-05     2.29065e-05     1.67333e-05     1.67333e-05     1.67333e-05     -5.23801e-06     2.56662e-05
1755    1.35975e-05     2.02635e-05     -3.0824e-06     -3.0824e-06     -3.0824e-06     -5.04316e-05     1.60391e-05
1765    1.53711e-05     1.49773e-05     5.71598e-06     5.71598e-06     5.71598e-06     -1.38619e-05     1.35455e-05
1775    1.41887e-05     2.81926e-05     1.16647e-05     1.16647e-05     1.16647e-05     -4.30302e-06     1.80027e-05
1785    1.53711e-05     2.11445e-05     -9.43002e-06     -9.43002e-06     -9.43002e-06     -5.00996e-05     6.57294e-06
1795    9.45916e-06     1.32153e-05     1.26437e-05     1.26437e-05     1.26437e-05     -4.99175e-06     1.95366e-05
1805    1.24151e-05     0     -9.69357e-06     -9.69357e-06     -9.69357e-06     -5.0871e-05     6.25032e-06
1815    1.30063e-05     0     1.0422e-05     1.0422e-05     1.0422e-05     -4.50254e-06     1.61648e-05
1825    7.68556e-06     0     -6.20875e-06     -6.20875e-06     -6.20875e-06     -5.32537e-05     1.17683e-05
1835    1.00504e-05     0     1.32997e-05     1.32997e-05     1.32997e-05     -6.11942e-06     2.06522e-05
1845    8.86796e-06     0     -8.59887e-06     -8.59887e-06     -8.59887e-06     -5.30082e-05     8.06121e-06
1855    8.27676e-06     0     8.88251e-06     8.88251e-06     8.88251e-06     -4.3703e-06     1.38179e-05
1865    8.27676e-06     0     6.35149e-06     6.35149e-06     6.35149e-06     -3.20102e-06     9.88492e-06
1875    8.86796e-06     0     6.04388e-06     6.04388e-06     6.04388e-06     -3.11871e-06     9.40757e-06
1885    1.00504e-05     0     -1.1412e-05     -1.1412e-05     -1.1412e-05     -5.35394e-05     3.89616e-06
1895    7.68556e-06     0     4.93339e-06     4.93339e-06     4.93339e-06     -1.62366e-05     1.25711e-05
1905    4.72958e-06     0     6.38379e-06     6.38379e-06     6.38379e-06     -3.58401e-06     9.95467e-06
1915    1.12327e-05     0     4.79698e-06     4.79698e-06     4.79698e-06     -2.75807e-06     7.48055e-06
1925    8.27676e-06     0     5.76895e-06     5.76895e-06     5.76895e-06     -3.37302e-06     8.9925e-06
1935    5.91197e-06     0     -2.03959e-06     -2.03959e-06     -2.03959e-06     -1.27715e-05     1.71073e-06
1945    6.50317e-06     0     0     0     0     0     0
1955    8.86796e-06     0     0     0     0     0     0
1965    6.50317e-06     0     0     0     0     0     0
1975    2.95599e-06     0     -1.74338e-05     -1.74338e-05     -1.74338e-05     -5.27236e-05     -5.49821e-06
1985    5.91197e-06     0     0     0     0     0     0
1995    1.77359e-06     0     0     0     0     0     0
2005    3.54718e-06     0     0     0     0     0     0
2015    4.13838e-06     0     0     0     0     0     0
2025    5.91197e-06     0     0     0     0     0     0
2035    4.72958e-06     0     0     0     0     0     0
2045    6.50317e-06     0     0     0     0     0     0
2055    5.32078e-06     0     0     0     0     0     0
2065    4.72958e-06     0     0     0     0     0     0
2075    4.72958e-06     0     0     0     0     0     0
2085    2.95599e-06     0     0     0     0     0     0
2095    2.36479e-06     0     0     0     0     0     0
2105    4.13838e-06     0     0     0     0     0     0
2115    2.36479e-06     0     0     0     0     0     0
2125    4.72958e-06     0     0     0     0     0     0
2135    3.54718e-06     0     0     0     0     0     0
2145    3.54718e-06     0     0     0     0     0     0
2155    3.54718e-06     0     0     0     0     0     0
2165    1.18239e-06     0     0     0     0     0     0
2175    2.36479e-06     0     0     0     0     0     0
2185    1.77359e-06     0     0     0     0     0     0
2195    3.54718e-06     0     0     0     0     0     0
2205    2.95599e-06     0     0     0     0     0     0
2215    1.77359e-06     0     0     0     0     0     0
2225    1.18239e-06     0     0     0     0     0     0
2235    1.18239e-06     0     0     0     0     0     0
2245    3.54718e-06     0     0     0     0     0     0
2255    5.91197e-07     0     0     0     0     0     0
2265    2.36479e-06     0     0     0     0     0     0
2275    2.95599e-06     0     0     0     0     0     0
2285    5.91197e-07     0     0     0     0     0     0
2295    1.77359e-06     0     0     0     0     0     0
2305    5.91197e-07     0     0     0     0     0     0
2315    2.95599e-06     0     0     0     0     0     0
2325    3.54718e-06     0     0     0     0     0     0
2335    1.77359e-06     0     0     0     0     0     0
2345    1.77359e-06     0     0     0     0     0     0
2355    1.18239e-06     0     0     0     0     0     0
2365    1.77359e-06     0     0     0     0     0     0
2375    2.95599e-06     0     0     0     0     0     0
2385    1.77359e-06     0     0     0     0     0     0
2395    1.18239e-06     0     0     0     0     0     0
