5    0     0     0     0     0     0     0
15    0     0     0     0     0     0     0
25    0.000257596     0     0     0     0     0     0
35    0.000618229     0     0     0     0     0     0
45    0.000824306     0     0     0     0     0     0
55    0.00141678     0     0     0     0     0     0
65    0.0013395     0     0     0     0     0     0
75    0.00173877     0     0     0     0     0     0
85    0.00206076     0     0     0     0     0     0
95    0.00226684     0     0     0     0     0     0
105    0.00310403     0     0     0     0     0     0
115    0.00318131     0     0     0     0     0     0
125    0.00352906     0     0     0     0     0     0
135    0.00340026     0     0     0     0     0     0
145    0.00382529     0     0     0     0     0     0
155    0.00467536     0     0     0     0     0     0
165    0.00454656     0     0     0     0     0     0
175    0.00596334     9.70043e-05     9.70043e-05     9.70043e-05     9.70043e-05     9.70043e-05     9.70043e-05
185    0.00521631     0.000157632     0.000157632     0.000157632     0.000157632     0.000157632     0.000157632
195    0.00659445     0.000169758     0.000169758     0.000169758     0.000169758     0.000169758     0.000169758
205    0.00735435     0.000157632     0.000157632     0.000157632     0.000157632     0.000157632     0.000157632
215    0.00743163     0.000400143     0.0027975     0.0027975     0.0027975     0.00383724     0.00208228
225    0.00750891     0.000412268     0.00284446     0.00284446     0.00284446     0.00390431     0.00211503
235    0.00901585     0.000375892     0.00281023     0.00281023     0.00281023     0.00387199     0.00207869
245    0.00972423     0.000630528     0.00306532     0.00306532     0.00306532     0.00412879     0.00233177
255    0.0107804     0.000751784     0.0031583     0.0031583     0.0031583     0.00420507     0.00243432
265    0.0116047     0.000885164     0.00330124     0.00330124     0.00330124     0.00434715     0.00257593
275    0.0129828     0.00126106     0.00362188     0.00362188     0.00362188     0.00464588     0.00291124
285    0.0136526     0.00134594     0.00370531     0.00370531     0.00370531     0.00472668     0.00299519
295    0.0158936     0.00184308     0.0042147     0.0042147     0.0042147     0.00524133     0.00349994
305    0.0179802     0.0028495     0.00531232     0.00531232     0.00531232     0.00637945     0.00456875
315    0.0198735     0.0033224     0.00581671     0.00581671     0.00581671     0.00689369     0.00506456
325    0.0236859     0.00466833     0.007372     0.007372     0.007372     0.00853703     0.00655695
335    0.0256565     0.00628103     0.00919508     0.00919508     0.00919508     0.0104424     0.00831968
345    0.031285     0.00828174     0.0116063     0.0116063     0.0116063     0.013023     0.0106095
355    0.0366301     0.0129016     0.0170647     0.0170714     0.017058     0.0188552     0.0158072
365    0.0458263     0.0187218     0.024108     0.0241778     0.0240364     0.0264445     0.0224695
375    0.056246     0.0273552     0.034301     0.0344286     0.0341711     0.0373352     0.0321757
385    0.072642     0.0386683     0.0479114     0.0481413     0.047677     0.0519785     0.0450664
395    0.0952846     0.0590514     0.0721754     0.0726427     0.0717016     0.077982     0.0681167
405    0.130408     0.0891834     0.107201     0.108182     0.106207     0.115217     0.101602
415    0.187092     0.14182     0.166603     0.168897     0.164313     0.177679     0.158871
425    0.272201     0.230555     0.26223     0.268063     0.256524     0.276461     0.252304
435    0.402197     0.38581     0.419917     0.435616     0.405005     0.435297     0.409193
445    0.506755     0.58188     0.602257     0.635556     0.571561     0.611494     0.595822
455    0.461908     0.601015     0.591656     0.625952     0.560032     0.586999     0.595012
465    0.326528     0.432082     0.405693     0.422689     0.389515     0.393664     0.414072
475    0.210481     0.269296     0.242444     0.24875     0.236256     0.230223     0.250968
485    0.136873     0.174608     0.151745     0.154188     0.149296     0.141289     0.159031
495    0.0914207     0.116563     0.0983284     0.0993466     0.0972969     0.0899622     0.104157
505    0.0641928     0.0821748     0.067637     0.0681008     0.0671622     0.0609561     0.0722928
515    0.0480673     0.0603488     0.0485183     0.0487423     0.0482875     0.0430478     0.052326
525    0.0356641     0.0452768     0.0358082     0.0359165     0.035696     0.0314075     0.0388683
535    0.0278847     0.0362675     0.0281301     0.0281835     0.028075     0.0243504     0.0307609
545    0.0224495     0.0276341     0.0210762     0.0210921     0.0210593     0.0180337     0.0231963
555    0.0180961     0.0242996     0.0181872     0.0181872     0.0181872     0.0153466     0.0201669
565    0.0142708     0.0186733     0.0137585     0.0137585     0.0137585     0.0114649     0.0153557
575    0.0119396     0.0156904     0.0113986     0.0113986     0.0113986     0.00939042     0.012797
585    0.0104841     0.0136897     0.00985175     0.00985175     0.00985175     0.00805396     0.011104
595    0.00875825     0.0125014     0.00884239     0.00884239     0.00884239     0.00712319     0.0100394
605    0.00768923     0.00980956     0.00672919     0.00672919     0.00672919     0.00527558     0.00774057
615    0.00656869     0.00789373     0.0052928     0.0052928     0.0052928     0.00406177     0.00614899
625    0.00561558     0.0073602     0.00490093     0.00490093     0.00490093     0.00373514     0.00571184
635    0.0048428     0.00663267     0.0043084     0.0043084     0.0043084     0.00320373     0.00507662
645    0.00388969     0.00549287     0.00352942     0.00352942     0.00352942     0.00259288     0.00418037
655    0.00409577     0.00544437     0.00347962     0.00347962     0.00347962     0.00254068     0.00413226
665    0.00292371     0.00480171     0.00296747     0.00296747     0.00296747     0.00208849     0.00357823
675    0.00289795     0.00415906     0.00253462     0.00253462     0.00253462     0.00175332     0.00307706
685    0.00267899     0.00362554     0.00220327     0.00220327     0.00220327     0.00151834     0.00267898
695    0.00247292     0.00354066     0.00211062     0.00211062     0.00211062     0.00141921     0.00259043
705    0.00193197     0.00287375     0.00159885     0.00159885     0.00159885     0.000979972     0.00202799
715    0.00188045     0.00241298     0.00134153     0.00134153     0.00134153     0.000820243     0.00170293
725    0.00168725     0.00248574     0.00141254     0.00141254     0.00141254     0.000888168     0.00177573
735    0.00171301     0.00215835     0.00122732     0.00122732     0.00122732     0.00077063     0.00154339
745    0.00136526     0.00187946     0.00102789     0.00102789     0.00102789     0.000608584     0.00131787
755    0.00131374     0.00191584     0.000983171     0.000983171     0.000983171     0.00052232     0.00130168
765    0.00113342     0.00164907     0.000819989     0.000819989     0.000819989     0.00040893     0.0011039
775    0.000798546     0.00150357     0.000752573     0.000752573     0.000752573     0.000378614     0.0010106
785    0.00110766     0.00145506     0.000750285     0.000750285     0.000750285     0.000397616     0.000993344
795    0.000927344     0.00138231     0.000658151     0.000658151     0.000658151     0.000294085     0.000908786
805    0.000850065     0.00121255     0.000579732     0.000579732     0.000579732     0.000260395     0.000799397
815    0.000721268     0.00112768     0.000556418     0.000556418     0.000556418     0.000266567     0.000755497
825    0.000901585     0.000800286     0.00026312     0.00026312     0.00026312     -9.7954e-06     0.000450579
835    0.000656869     0.000909416     0.000414405     0.000414405     0.000414405     0.000160755     0.000588182
845    0.000553831     0.000933667     0.000425739     0.000425739     0.000425739     0.000164038     0.000604754
855    0.00060535     0.00078816     0.000286499     0.000286499     0.000286499     2.74529e-05     0.000463646
865    0.000721268     0.000666905     0.000244993     0.000244993     0.000244993     2.51657e-05     0.000394895
875    0.000425033     0.000715407     0.000268208     0.000268208     0.000268208     3.37121e-05     0.000427822
885    0.000360634     0.000521398     0.000151814     0.000151814     0.000151814     -4.26346e-05     0.000284057
895    0.000399273     0.000460771     0.000129503     0.000129503     0.000129503     -4.64573e-05     0.000248809
905    0.000373514     0.0005699     0.000238464     0.000238464     0.000238464     6.1337e-05     0.000358339
915    0.000270475     0.000521398     0.000185759     0.000185759     0.000185759     5.66365e-06     0.000307526
925    0     0     -0.00015823     -0.00015823     -0.00015823     -0.000243886     -0.000100486
935    0     0     -0.000189531     -0.000189531     -0.000189531     -0.000292736     -0.000120082
945    0     0     -0.000125442     -0.000125442     -0.000125442     -0.000194016     -7.93434e-05
955    0     0     -0.000139308     -0.000139308     -0.000139308     -0.000216032     -8.78579e-05
965    0     0     -8.46782e-05     -8.46782e-05     -8.46782e-05     -0.000131829     -5.31799e-05
975    0     0     -0.000115355     -0.000115355     -0.000115355     -0.000180016     -7.22569e-05
985    0     0     -0.000114128     -0.000114128     -0.000114128     -0.000178563     -7.12799e-05
995    0     0     -0.000110469     -0.000110469     -0.000110469     -0.000173147     -6.88516e-05
1005    0     0     0     0     0     0     0
1015    0     0     0     0     0     0     0
1025    0     0     0     0     0     0     0
1035    0     0     0     0     0     0     0
1045    0     0     0     0     0     0     0
1055    0     0     0     0     0     0     0
1065    0     0     0     0     0     0     0
1075    0     0     0     0     0     0     0
1085    0     0     0     0     0     0     0
1095    0     0     0     0     0     0     0
1105    0     0     0     0     0     0     0
1115    0     0     0     0     0     0     0
1125    0     0     0     0     0     0     0
1135    0     0     0     0     0     0     0
1145    0     0     0     0     0     0     0
1155    0     0     0     0     0     0     0
1165    0     0     0     0     0     0     0
1175    0     0     0     0     0     0     0
1185    0     0     0     0     0     0     0
1195    0     0     0     0     0     0     0
1205    0     0     0     0     0     0     0
1215    0     0     0     0     0     0     0
1225    0     0     0     0     0     0     0
1235    0     0     0     0     0     0     0
1245    0     0     0     0     0     0     0
1255    0     0     0     0     0     0     0
1265    0     0     0     0     0     0     0
1275    0     0     0     0     0     0     0
1285    0     0     0     0     0     0     0
1295    0     0     0     0     0     0     0
1305    0     0     0     0     0     0     0
1315    0     0     0     0     0     0     0
1325    0     0     0     0     0     0     0
1335    0     0     0     0     0     0     0
1345    0     0     0     0     0     0     0
1355    0     0     0     0     0     0     0
1365    0     0     0     0     0     0     0
1375    0     0     0     0     0     0     0
1385    0     0     0     0     0     0     0
1395    0     0     0     0     0     0     0
1405    0     0     0     0     0     0     0
1415    0     0     0     0     0     0     0
1425    0     0     0     0     0     0     0
1435    0     0     0     0     0     0     0
1445    0     0     0     0     0     0     0
1455    0     0     0     0     0     0     0
1465    0     0     0     0     0     0     0
1475    0     0     0     0     0     0     0
1485    0     0     0     0     0     0     0
1495    0     0     0     0     0     0     0
1505    0     0     0     0     0     0     0
1515    0     0     0     0     0     0     0
1525    0     0     0     0     0     0     0
1535    0     0     0     0     0     0     0
1545    0     0     0     0     0     0     0
1555    0     0     0     0     0     0     0
1565    0     0     0     0     0     0     0
1575    0     0     0     0     0     0     0
1585    0     0     0     0     0     0     0
1595    0     0     0     0     0     0     0
1605    0     0     0     0     0     0     0
1615    0     0     0     0     0     0     0
1625    0     0     0     0     0     0     0
1635    0     0     0     0     0     0     0
1645    0     0     0     0     0     0     0
1655    0     0     0     0     0     0     0
1665    0     0     0     0     0     0     0
1675    0     0     0     0     0     0     0
1685    0     0     0     0     0     0     0
1695    0     0     0     0     0     0     0
1705    0     0     0     0     0     0     0
1715    0     0     0     0     0     0     0
1725    0     0     0     0     0     0     0
1735    0     0     0     0     0     0     0
1745    0     0     0     0     0     0     0
1755    0     0     0     0     0     0     0
1765    0     0     0     0     0     0     0
1775    0     0     0     0     0     0     0
1785    0     0     0     0     0     0     0
1795    0     0     0     0     0     0     0
1805    0     0     0     0     0     0     0
1815    0     0     0     0     0     0     0
1825    0     0     0     0     0     0     0
1835    0     0     0     0     0     0     0
1845    0     0     0     0     0     0     0
1855    0     0     0     0     0     0     0
1865    0     0     0     0     0     0     0
1875    0     0     0     0     0     0     0
1885    0     0     0     0     0     0     0
1895    0     0     0     0     0     0     0
1905    0     0     0     0     0     0     0
1915    0     0     0     0     0     0     0
1925    0     0     0     0     0     0     0
1935    0     0     0     0     0     0     0
1945    0     0     0     0     0     0     0
1955    0     0     0     0     0     0     0
1965    0     0     0     0     0     0     0
1975    0     0     0     0     0     0     0
1985    0     0     0     0     0     0     0
1995    0     0     0     0     0     0     0
2005    0     0     0     0     0     0     0
2015    0     0     0     0     0     0     0
2025    0     0     0     0     0     0     0
2035    0     0     0     0     0     0     0
2045    0     0     0     0     0     0     0
2055    0     0     0     0     0     0     0
2065    0     0     0     0     0     0     0
2075    0     0     0     0     0     0     0
2085    0     0     0     0     0     0     0
2095    0     0     0     0     0     0     0
2105    0     0     0     0     0     0     0
2115    0     0     0     0     0     0     0
2125    0     0     0     0     0     0     0
2135    0     0     0     0     0     0     0
2145    0     0     0     0     0     0     0
2155    0     0     0     0     0     0     0
2165    0     0     0     0     0     0     0
2175    0     0     0     0     0     0     0
2185    0     0     0     0     0     0     0
2195    0     0     0     0     0     0     0
2205    0     0     0     0     0     0     0
2215    0     0     0     0     0     0     0
2225    0     0     0     0     0     0     0
2235    0     0     0     0     0     0     0
2245    0     0     0     0     0     0     0
2255    0     0     0     0     0     0     0
2265    0     0     0     0     0     0     0
2275    0     0     0     0     0     0     0
2285    0     0     0     0     0     0     0
2295    0     0     0     0     0     0     0
2305    0     0     0     0     0     0     0
2315    0     0     0     0     0     0     0
2325    0     0     0     0     0     0     0
2335    0     0     0     0     0     0     0
2345    0     0     0     0     0     0     0
2355    0     0     0     0     0     0     0
2365    0     0     0     0     0     0     0
2375    0     0     0     0     0     0     0
2385    0     0     0     0     0     0     0
2395    0     0     0     0     0     0     0
