5    0     0     0     0     0     0     0
15    0     0     0     0     0     0     0
25    1.7669e-05     0     0     0     0     0     0
35    4.08214e-05     0     0     0     0     0     0
45    5.72719e-05     0     0     0     0     0     0
55    7.57532e-05     0     0     0     0     0     0
65    9.78902e-05     0     0     0     0     0     0
75    0.000107639     0     0     0     0     0     0
85    0.00012612     0     0     0     0     0     0
95    0.000147242     0     0     0     0     0     0
105    0.000164504     0     0     0     0     0     0
115    0.000181361     0     0     0     0     0     0
125    0.000194562     0     0     0     0     0     0
135    0.000201061     0     0     0     0     0     0
145    0.00022137     0     0     0     0     0     0
155    0.00023579     0     2.014e-07     2.10119e-07     1.92169e-07     2.014e-07     2.014e-07
165    0.000250615     6.042e-07     8.056e-07     8.41052e-07     7.68111e-07     8.056e-07     8.056e-07
175    0.000265441     1.8126e-06     1.4098e-06     1.47184e-06     1.34419e-06     1.4098e-06     1.4098e-06
185    0.000276408     1.2084e-06     2.2154e-06     2.31428e-06     2.11096e-06     2.2154e-06     2.2154e-06
195    0.000276814     4.8336e-06     4.6322e-06     4.83924e-06     4.41355e-06     4.6322e-06     4.6322e-06
205    0.000306465     5.1357e-06     6.6462e-06     6.94533e-06     6.33018e-06     6.6462e-06     6.6462e-06
215    0.000327993     6.6462e-06     0.000433775     0.000434068     0.000433465     0.000611517     0.00031008
225    0.000319463     9.6672e-06     0.000475997     0.000476373     0.0004756     0.000671379     0.000340061
235    0.000339366     8.1567e-06     0.000417831     0.000418268     0.00041737     0.000588693     0.000298661
245    0.000346271     1.48029e-05     0.000416318     0.000416768     0.000415844     0.000586893     0.000297319
255    0.00037247     1.26882e-05     0.000357756     0.000358311     0.000357172     0.000502357     0.000256548
265    0.000367596     1.54071e-05     0.000377628     0.000378214     0.000377011     0.000529964     0.000270814
275    0.000367799     1.87302e-05     0.000354525     0.000355448     0.000353555     0.000494772     0.000256118
285    0.000374095     2.29596e-05     0.00032215     0.000323291     0.000320953     0.000447122     0.000234398
295    0.000388515     3.41373e-05     0.000341654     0.00034293     0.000340319     0.000473927     0.000248665
305    0.000414916     3.50436e-05     0.000310299     0.000311822     0.000308706     0.000427592     0.000227792
315    0.000399481     3.68562e-05     0.000340382     0.000342505     0.000338164     0.000465343     0.000252356
325    0.0004204     4.44087e-05     0.000302852     0.000305002     0.000300607     0.000411666     0.000226012
335    0.000416947     5.95137e-05     0.000310684     0.000313453     0.000307794     0.000416801     0.000235446
345    0.000447411     7.67334e-05     0.000326817     0.000330629     0.000322843     0.000429225     0.000253568
355    0.00045127     8.94216e-05     0.000338573     0.000342932     0.000334029     0.000440827     0.000265226
365    0.000452488     0.000116611     0.000366367     0.000371707     0.000360822     0.000475023     0.000288698
375    0.000464877     0.000127184     0.000417596     0.00042462     0.000410313     0.000536222     0.000332999
385    0.000454519     0.000145612     0.000449113     0.000457166     0.00044077     0.000575077     0.000359577
395    0.000457363     0.00017975     0.000481156     0.000490449     0.000471565     0.000614838     0.000386361
405    0.000496966     0.000210564     0.000501363     0.000511849     0.000490542     0.00063612     0.000406033
415    0.000506714     0.000211772     0.000501444     0.000512621     0.00048993     0.00063417     0.000407746
425    0.000509354     0.000228992     0.000526424     0.000539365     0.000513116     0.00065992     0.000432401
435    0.000497169     0.000263129     0.000575041     0.000589829     0.000559833     0.000717184     0.000475091
445    0.000516462     0.000287599     0.000565838     0.000581765     0.000549556     0.000701889     0.000470419
455    0.0005518     0.00030935     0.000607524     0.000624728     0.000589944     0.000754649     0.000504583
465    0.000548145     0.000306631     0.000601222     0.00061924     0.000582847     0.000742138     0.000502598
475    0.000544286     0.000306027     0.00063282     0.000653167     0.000612142     0.000775841     0.000532688
485    0.000578405     0.000331706     0.00065438     0.000675443     0.000632976     0.000803346     0.000550286
495    0.000595871     0.00035678     0.000667984     0.000690676     0.000645044     0.000819087     0.000562535
505    0.000584904     0.000363124     0.000664609     0.000687797     0.0006412     0.000813261     0.000560981
515    0.000608869     0.000381552     0.000719389     0.000745169     0.000693398     0.000878899     0.000608421
525    0.000600542     0.000391824     0.00069067     0.000717978     0.000663302     0.000835831     0.000589861
535    0.000611712     0.000416596     0.000735027     0.000764132     0.000705859     0.00088957     0.000627716
545    0.000617196     0.000431399     0.000726183     0.000756866     0.000695583     0.000873413     0.000623918
555    0.000631818     0.000436837     0.000762768     0.000794369     0.000731355     0.000926826     0.000648908
565    0.000658017     0.0004459     0.000754157     0.000786235     0.000722272     0.000912398     0.000644524
575    0.000663298     0.00045315     0.000747326     0.000781486     0.000713696     0.000903072     0.000639517
585    0.000663501     0.000458286     0.000771592     0.000808241     0.000735511     0.000924913     0.000665531
595    0.000686856     0.000498767     0.00081526     0.000854114     0.000777182     0.000983774     0.000698797
605    0.000707775     0.000496652     0.000816079     0.000855606     0.000777579     0.000990965     0.000695419
615    0.000715289     0.000503601     0.000846085     0.000888608     0.000804666     0.00101974     0.00072641
625    0.000734786     0.000517799     0.000855135     0.000901034     0.0008109     0.00103024     0.000734547
635    0.000723007     0.000507226     0.000906044     0.00095452     0.00085941     0.0010961     0.000775306
645    0.000752455     0.000545593     0.000861904     0.000910363     0.000815451     0.00103613     0.000742212
655    0.000736208     0.000564021     0.000912702     0.000967266     0.000860947     0.00109716     0.000786086
665    0.000765656     0.000581845     0.000957153     0.00101396     0.000903276     0.00115368     0.000822438
675    0.000774389     0.000586074     0.000957877     0.00101914     0.000900397     0.00114973     0.000826513
685    0.000785153     0.000591512     0.000904019     0.00096411     0.00084794     0.00108276     0.000781725
695    0.000798963     0.000611753     0.000986018     0.00105207     0.000924466     0.00118186     0.000852242
705    0.000815413     0.000618399     0.000998589     0.00106893     0.000934171     0.00120756     0.000856074
715    0.00082638     0.000632295     0.00100206     0.00107717     0.000933266     0.00119338     0.000871704
725    0.000832676     0.000656463     0.00100057     0.00107954     0.000929034     0.00119121     0.000870877
735    0.000842628     0.000673381     0.000991496     0.00107637     0.000915436     0.00117013     0.000870178
745    0.000838972     0.000687278     0.000995903     0.00108046     0.000920127     0.00117916     0.000871649
755    0.000855829     0.000714164     0.00109875     0.00119689     0.00101265     0.00131567     0.000951905
765    0.000856438     0.000718998     0.0011088     0.0012104     0.00101988     0.00132315     0.000963884
775    0.000866796     0.000739239     0.00110116     0.00120823     0.00100838     0.00130612     0.000962847
785    0.000856641     0.000773376     0.00109402     0.00121078     0.000994815     0.00129036     0.000961814
795    0.000853798     0.000748906     0.0011852     0.00130951     0.00107957     0.00140654     0.00103643
805    0.000853595     0.000770053     0.00116488     0.00130085     0.00105207     0.0013723     0.00102568
815    0.000858063     0.000810836     0.00115242     0.00129447     0.00103555     0.00134829     0.00102126
825    0.000846283     0.000815066     0.00124276     0.00139251     0.00112019     0.00147212     0.00108932
835    0.000819881     0.000862798     0.0011728     0.00133657     0.00104283     0.00136876     0.00104214
845    0.000830036     0.000870652     0.00125154     0.00142835     0.00111122     0.00145652     0.00111519
855    0.000816835     0.000908113     0.00129583     0.00148702     0.00114732     0.00151748     0.00114859
865    0.000812164     0.000908717     0.00127156     0.00147489     0.00111636     0.0014765     0.00113591
875    0.000771342     0.000954938     0.00132188     0.00153571     0.00115864     0.00153029     0.00118427
885    0.000760579     0.000944969     0.00131823     0.00155807     0.00114218     0.00151803     0.00118654
895    0.000726865     0.000986054     0.00128541     0.00152535     0.00110963     0.00147114     0.00116346
905    0.000713461     0.0010211     0.00130903     0.00157094     0.00112     0.00148009     0.00119701
915    0.000695792     0.00103197     0.00129777     0.00157416     0.00110301     0.00146609     0.00118775
925    0.000675686     0.0010353     0.00134083     0.0016299     0.00113714     0.00150899     0.00123134
935    0.000628975     0.00105614     0.00134396     0.00165241     0.00113233     0.00151088     0.00123557
945    0.000613946     0.0010649     0.00127515     0.00158407     0.00106469     0.00141077     0.00118725
955    0.000589575     0.00108635     0.00129588     0.0016169     0.00107815     0.00142581     0.00121196
965    0.000552206     0.0010507     0.00125373     0.00158604     0.00103253     0.00135941     0.00118576
975    0.000544083     0.00101808     0.00124994     0.00158449     0.00102726     0.00134982     0.00118594
985    0.000523571     0.00105675     0.00121413     0.00154567     0.000994385     0.00129892     0.00115995
995    0.000489654     0.00106641     0.0011866     0.00151745     0.000967967     0.0012564     0.00114212
1005    0.000462237     0.00104164     0.001158     0.00148535     0.000941659     0.00112041     0.00121716
1015    0.000426696     0.00100932     0.00112055     0.00143005     0.000913399     0.00109552     0.00116007
1025    0.00040923     0.000994815     0.00106232     0.00136192     0.000861789     0.00104705     0.0010865
1035    0.000384859     0.00100962     0.00102315     0.00130498     0.000832002     0.0010168     0.00103324
1045    0.000350536     0.000941042     0.000961988     0.00121527     0.000786663     0.000958743     0.000964018
1055    0.000330227     0.000922311     0.000899124     0.00114107     0.000731652     0.000882887     0.000909253
1065    0.000323525     0.000854641     0.000858896     0.00106333     0.000711167     0.000832281     0.000875432
1075    0.000286969     0.000850411     0.000823553     0.00101711     0.000682186     0.000785823     0.000846895
1085    0.000289406     0.000803586     0.00075246     0.000923816     0.000625334     0.000703577     0.00078257
1095    0.000266863     0.000791804     0.000716343     0.000853719     0.00060846     0.00065976     0.000751036
1105    0.000247163     0.000727155     0.000663568     0.000792902     0.000562001     0.000602151     0.000701059
1115    0.000236196     0.000694528     0.000594154     0.000690755     0.000514022     0.000525943     0.000635591
1125    0.000214059     0.000629878     0.000563952     0.000646261     0.000493007     0.000488636     0.000609489
1135    0.000216902     0.000602992     0.000517592     0.000592367     0.000452756     0.000440944     0.000563715
1145    0.000195374     0.000580636     0.000465821     0.000509878     0.000422296     0.000381037     0.00051658
1155    0.000186641     0.000523237     0.000441844     0.000482896     0.000401289     0.000367714     0.000486007
1165    0.00017405     0.000474599     0.000391539     0.000419293     0.000361452     0.000308415     0.000440809
1175    0.000170191     0.000478526     0.000376335     0.000391839     0.000355499     0.000293104     0.000425425
1185    0.000150288     0.000432607     0.000336095     0.00035043     0.00031683     0.000249137     0.000387119
1195    0.000141961     0.000387594     0.000308859     0.000313452     0.000302708     0.000222381     0.000359335
1205    0.000137899     0.000366447     0.000296574     0.000299853     0.000292189     0.000215082     0.00034389
1215    0.000125714     0.000352551     0.000246736     0.000251022     0.000239055     0.000158496     0.00029771
1225    0.000119418     0.000333216     0.000251037     0.000258165     0.000235383     0.000171498     0.000296736
1235    0.000108654     0.000301798     0.000217218     0.000223575     0.000203257     0.000140047     0.000261324
1245    0.000104795     0.000287901     0.000208979     0.00022176     0.000187999     0.000125945     0.000256183
1255    9.42346e-05     0.000261014     0.000172959     0.000186979     0.000151377     8.72912e-05     0.000221396
1265    9.50469e-05     0.000233221     0.000168564     0.000182266     0.000147935     9.92045e-05     0.000207565
1275    9.3016e-05     0.0002302     0.00014848     0.000167877     0.000122097     6.92523e-05     0.000192785
1285    7.33161e-05     0.000201803     0.000145646     0.000164348     0.000120209     7.04988e-05     0.000187434
1295    7.35192e-05     0.00019848     0.000121839     0.000141091     9.66931e-05     5.19263e-05     0.000160507
1305    7.18945e-05     0.000177635     0.000115453     0.000137832     8.7032e-05     3.59833e-05     0.000159137
1315    6.33646e-05     0.000168874     0.000119665     0.000140486     9.32221e-05     5.57964e-05     0.000154575
1325    7.00667e-05     0.000155581     0.000106753     0.000129357     7.92915e-05     5.2457e-05     0.000136253
1335    5.72719e-05     0.000150446     0.000100403     0.00012258     7.35045e-05     4.39136e-05     0.000130924
1345    5.84904e-05     0.00013806     9.62871e-05     0.00011864     6.95193e-05     4.38698e-05     0.000124439
1355    4.93513e-05     0.000131111     8.5235e-05     0.000108346     5.81155e-05     3.29363e-05     0.000113148
1365    5.17884e-05     0.000122048     7.49008e-05     9.7285e-05     4.86335e-05     1.64104e-05     0.000105945
1375    5.30069e-05     0.000114194     7.72676e-05     9.99573e-05     5.11661e-05     3.34594e-05     0.000100371
1385    4.52895e-05     0.000105735     6.66022e-05     8.93958e-05     4.05085e-05     1.50308e-05     9.36362e-05
1395    3.93998e-05     0.000103922     5.77923e-05     7.7276e-05     3.55646e-05     1.61206e-05     7.94949e-05
1405    4.00091e-05     9.39531e-05     5.27683e-05     7.45101e-05     2.8369e-05     5.35717e-06     7.73021e-05
1415    3.87905e-05     8.88174e-05     4.50964e-05     6.56158e-05     2.20689e-05     -4.94193e-06     7.08291e-05
1425    3.26978e-05     8.33796e-05     5.01665e-05     7.16359e-05     2.6303e-05     6.9187e-06     7.22565e-05
1435    3.04638e-05     7.61292e-05     4.53463e-05     6.42133e-05     2.44973e-05     1.18306e-05     6.23651e-05
1445    3.16823e-05     7.03893e-05     4.78937e-05     6.64779e-05     2.73588e-05     1.78913e-05     6.30294e-05
1455    3.1073e-05     6.22326e-05     4.19347e-05     6.16237e-05     2.04585e-05     8.63455e-06     5.86189e-05
1465    3.08699e-05     6.13263e-05     3.04354e-05     4.79608e-05     1.13193e-05     -6.9823e-06     4.90583e-05
1475    2.68081e-05     6.82746e-05     3.20304e-05     4.13881e-05     2.18233e-05     -3.03097e-06     4.93637e-05
1485    2.33556e-05     5.89095e-05     2.6376e-05     2.6376e-05     2.6376e-05     -5.60079e-06     4.20766e-05
1495    2.51834e-05     5.49822e-05     3.49499e-05     3.49499e-05     3.49499e-05     9.91154e-06     4.71659e-05
1505    2.6605e-05     5.01486e-05     3.11163e-05     3.11163e-05     3.11163e-05     1.20891e-06     4.56098e-05
1515    2.51834e-05     4.71276e-05     1.22781e-05     1.22781e-05     1.22781e-05     -3.10705e-05     3.31303e-05
1525    2.39648e-05     4.04814e-05     2.67514e-05     2.67514e-05     2.67514e-05     -1.30574e-06     4.01537e-05
1535    2.17308e-05     4.2294e-05     2.3989e-05     2.3989e-05     2.3989e-05     2.50105e-06     3.41826e-05
1545    1.80752e-05     4.07835e-05     1.59041e-05     1.59041e-05     1.59041e-05     -1.7855e-05     3.18086e-05
1555    1.96999e-05     3.56478e-05     1.18126e-05     1.18126e-05     1.18126e-05     -2.46196e-05     2.88595e-05
1565    1.58412e-05     3.38352e-05     1.04466e-05     1.04466e-05     1.04466e-05     -2.56874e-05     2.72267e-05
1575    2.17308e-05     2.59806e-05     1.97484e-05     1.97484e-05     1.97484e-05     -5.59781e-06     3.14371e-05
1585    1.78721e-05     2.99079e-05     1.29147e-05     1.29147e-05     1.29147e-05     -1.55269e-05     2.59316e-05
1595    1.27948e-05     2.59806e-05     1.72204e-05     1.72204e-05     1.72204e-05     1.80035e-06     2.42313e-05
1605    1.48257e-05     2.96058e-05     1.27819e-05     1.27819e-05     1.27819e-05     -7.72726e-06     2.20446e-05
1615    1.0967e-05     2.38659e-05     3.68615e-06     3.68615e-06     3.68615e-06     -2.68025e-05     1.73523e-05
1625    1.13731e-05     2.50743e-05     1.43812e-05     1.43812e-05     1.43812e-05     7.28779e-07     2.04553e-05
1635    8.12367e-06     1.93344e-05     1.34139e-05     1.34139e-05     1.34139e-05     4.42093e-07     1.91422e-05
1645    1.21855e-05     2.1147e-05     1.4425e-05     1.4425e-05     1.4425e-05     2.11089e-07     2.06561e-05
1655    7.51439e-06     2.26575e-05     5.36218e-06     5.36218e-06     5.36218e-06     -1.94704e-05     1.61686e-05
1665    9.7484e-06     1.8126e-05     1.13696e-05     1.13696e-05     1.13696e-05     -1.91127e-07     1.63631e-05
1675    1.29979e-05     1.96365e-05     1.0992e-05     1.0992e-05     1.0992e-05     -3.94354e-07     1.58742e-05
1685    1.01546e-05     1.41987e-05     1.1661e-05     1.1661e-05     1.1661e-05     -6.3773e-07     1.68935e-05
1695    9.34222e-06     1.8126e-05     5.64498e-06     5.64498e-06     5.64498e-06     -1.08312e-05     1.25986e-05
1705    7.71749e-06     1.63134e-05     5.72493e-06     5.72493e-06     5.72493e-06     -1.10971e-05     1.27806e-05
1715    8.93604e-06     1.11777e-05     8.62358e-06     8.62358e-06     8.62358e-06     -9.0665e-07     1.25882e-05
1725    7.51439e-06     1.14798e-05     6.08348e-06     6.08348e-06     6.08348e-06     -4.34457e-06     1.03898e-05
1735    6.29584e-06     1.38966e-05     8.60827e-06     8.60827e-06     8.60827e-06     -1.184e-06     1.26204e-05
1745    7.3113e-06     1.11777e-05     9.86964e-06     9.86964e-06     9.86964e-06     -1.50526e-06     1.44935e-05
1755    5.68657e-06     9.6672e-06     7.4527e-06     7.4527e-06     7.4527e-06     -1.26027e-06     1.0968e-05
1765    5.88966e-06     1.63134e-05     8.81225e-06     8.81225e-06     8.81225e-06     -1.66882e-06     1.3007e-05
1775    5.88966e-06     1.02714e-05     2.66425e-06     2.66425e-06     2.66425e-06     -1.22468e-05     8.59033e-06
1785    5.48348e-06     1.14798e-05     5.83269e-06     5.83269e-06     5.83269e-06     -1.29254e-06     8.63968e-06
1795    6.49894e-06     6.9483e-06     2.2096e-06     2.2096e-06     2.2096e-06     -1.25043e-05     7.96706e-06
1805    4.26493e-06     8.4588e-06     1.85178e-06     1.85178e-06     1.85178e-06     -1.2644e-05     7.47849e-06
1815    6.70203e-06     9.6672e-06     6.05241e-06     6.05241e-06     6.05241e-06     -1.64825e-06     9.01494e-06
1825    4.46802e-06     6.042e-06     4.45621e-06     4.45621e-06     4.45621e-06     -1.27819e-06     6.64444e-06
1835    5.28039e-06     6.6462e-06     4.22999e-06     4.22999e-06     4.22999e-06     -1.26936e-06     6.31308e-06
1845    3.24947e-06     6.3441e-06     -3.70932e-06     -3.70932e-06     -3.70932e-06     -2.43963e-05     4.0627e-06
1855    4.06184e-06     7.2504e-06     4.57385e-06     4.57385e-06     4.57385e-06     -1.5235e-06     6.84559e-06
1865    3.85874e-06     8.1567e-06     7.1765e-07     7.1765e-07     7.1765e-07     -1.33733e-05     5.92284e-06
1875    4.46802e-06     5.1357e-06     3.55119e-06     3.55119e-06     3.55119e-06     -1.28032e-06     5.32259e-06
1885    3.24947e-06     3.021e-06     1.52193e-06     1.52193e-06     1.52193e-06     -1.39715e-05     7.16537e-06
1895    2.84328e-06     7.5525e-06     7.61142e-07     7.61142e-07     7.61142e-07     -9.32555e-06     4.39894e-06
1905    3.24947e-06     5.7399e-06     4.12891e-06     4.12891e-06     4.12891e-06     -1.67719e-06     6.20781e-06
1915    3.65565e-06     6.042e-06     2.41111e-06     2.41111e-06     2.41111e-06     -1.01133e-06     3.6269e-06
1925    3.04638e-06     6.6462e-06     2.87472e-06     2.87472e-06     2.87472e-06     -1.23774e-06     4.32461e-06
1935    3.65565e-06     4.5315e-06     3.22241e-06     3.22241e-06     3.22241e-06     -1.43649e-06     4.85117e-06
1945    3.04638e-06     4.5315e-06     -1.275e-06     -1.275e-06     -1.275e-06     -1.36024e-05     2.99602e-06
1955    2.4371e-06     2.1147e-06     3.11231e-06     3.11231e-06     3.11231e-06     -1.47259e-06     4.69103e-06
1965    1.82783e-06     3.9273e-06     2.19303e-06     2.19303e-06     2.19303e-06     -1.06688e-06     3.30633e-06
1975    3.04638e-06     3.9273e-06     4.62081e-07     4.62081e-07     4.62081e-07     -2.29287e-07     6.96834e-07
1985    2.84328e-06     4.5315e-06     -4.13385e-06     -4.13385e-06     -4.13385e-06     -1.25982e-05     -1.29348e-06
1995    2.23401e-06     3.6252e-06     0     0     0     0     0
2005    8.12367e-07     3.9273e-06     0     0     0     0     0
2015    1.62473e-06     4.2294e-06     0     0     0     0     0
2025    1.62473e-06     3.6252e-06     0     0     0     0     0
2035    8.12367e-07     3.3231e-06     0     0     0     0     0
2045    1.62473e-06     2.1147e-06     0     0     0     0     0
2055    6.09275e-07     3.3231e-06     0     0     0     0     0
2065    2.03092e-06     2.7189e-06     0     0     0     0     0
2075    1.01546e-06     1.2084e-06     0     0     0     0     0
2085    1.62473e-06     3.021e-06     0     0     0     0     0
2095    1.01546e-06     1.8126e-06     0     0     0     0     0
2105    1.42164e-06     2.1147e-06     0     0     0     0     0
2115    1.21855e-06     1.2084e-06     0     0     0     0     0
2125    2.03092e-06     2.1147e-06     0     0     0     0     0
2135    1.42164e-06     2.1147e-06     0     0     0     0     0
2145    1.42164e-06     1.2084e-06     0     0     0     0     0
2155    2.03092e-06     1.8126e-06     0     0     0     0     0
2165    6.09275e-07     1.2084e-06     0     0     0     0     0
2175    4.06184e-07     1.2084e-06     0     0     0     0     0
2185    2.23401e-06     1.8126e-06     0     0     0     0     0
2195    8.12367e-07     9.063e-07     0     0     0     0     0
2205    4.06184e-07     2.1147e-06     0     0     0     0     0
2215    1.21855e-06     6.042e-07     0     0     0     0     0
2225    6.09275e-07     1.2084e-06     0     0     0     0     0
2235    8.12367e-07     9.063e-07     0     0     0     0     0
2245    1.62473e-06     6.042e-07     0     0     0     0     0
2255    1.42164e-06     3.021e-07     0     0     0     0     0
2265    4.06184e-07     6.042e-07     0     0     0     0     0
2275    2.03092e-07     3.021e-07     0     0     0     0     0
2285    4.06184e-07     1.8126e-06     0     0     0     0     0
2295    4.06184e-07     0     0     0     0     0     0
2305    8.12367e-07     0     0     0     0     0     0
2315    6.09275e-07     0     0     0     0     0     0
2325    1.01546e-06     0     0     0     0     0     0
2335    0     0     0     0     0     0     0
2345    4.06184e-07     0     0     0     0     0     0
2355    6.09275e-07     0     0     0     0     0     0
2365    2.03092e-07     0     0     0     0     0     0
2375    4.06184e-07     0     0     0     0     0     0
2385    4.06184e-07     0     0     0     0     0     0
2395    0     0     0     0     0     0     0
