5    0     0     0     0     0     0     0
15    0     0     0     0     0     0     0
25    0     0     0     0     0     0     0
35    0     0     0     0     0     0     0
45    0     0     0     0     0     0     0
55    0     0     0     0     0     0     0
65    0     0     0     0     0     0     0
75    0     0     0     0     0     0     0
85    0     0     0     0     0     0     0
95    0     0     0     0     0     0     0
105    0.000447845     0     0     0     0     0     0
115    0.00573242     0     0     0     0     0     0
125    0.00510543     0     0     0     0     0     0
135    0.0063594     0     0     0     0     0     0
145    0.00743423     0     0     0     0     0     0
155    0.00707595     2.65109e-05     2.65109e-05     2.65109e-05     2.65109e-05     2.65109e-05     2.65109e-05
165    0.00806121     5.30219e-05     5.30219e-05     5.30219e-05     5.30219e-05     5.30219e-05     5.30219e-05
175    0.00886733     7.95328e-05     7.95328e-05     7.95328e-05     7.95328e-05     7.95328e-05     7.95328e-05
185    0.0103004     0.000159066     0.000159066     0.000159066     0.000159066     0.000159066     0.000159066
195    0.0118231     0.000371153     0.000371153     0.000371153     0.000371153     0.000371153     0.000371153
205    0.0127188     0.000715795     0.000715795     0.000715795     0.000715795     0.000715795     0.000715795
215    0.0146893     0.000424175     0.00418013     0.00418013     0.00418013     0.00580907     0.00305941
225    0.0167494     0.000980905     0.00497127     0.00497127     0.00497127     0.0067103     0.00377467
235    0.0177347     0.00127252     0.00533144     0.00533144     0.00533144     0.00710155     0.00411174
245    0.0200635     0.00174972     0.0058543     0.0058543     0.0058543     0.0076469     0.00461774
255    0.0204217     0.00214739     0.00635772     0.00635772     0.00635772     0.00818933     0.00509104
265    0.026602     0.00288969     0.00723331     0.00723331     0.00723331     0.00911349     0.00592921
275    0.0302743     0.00408268     0.00846697     0.00846697     0.00846697     0.0103686     0.00714716
285    0.0384251     0.00572636     0.0103337     0.0103337     0.0103337     0.012328     0.00894685
295    0.040933     0.00731702     0.0120154     0.0120154     0.0120154     0.0140493     0.0105994
305    0.0488151     0.00975602     0.0148745     0.0148745     0.0148745     0.0170924     0.0133291
315    0.0602799     0.0143689     0.0201181     0.0201181     0.0201181     0.0226007     0.0183845
325    0.0799851     0.0206255     0.0273242     0.0273242     0.0273242     0.0302106     0.0253048
335    0.0988842     0.0322638     0.0406936     0.0406936     0.0406936     0.0443015     0.0381613
345    0.13498     0.0505033     0.0627008     0.0628184     0.0625813     0.0678994     0.0590436
355    0.188543     0.0909325     0.110519     0.110893     0.110139     0.118946     0.104601
365    0.301489     0.174787     0.209571     0.210696     0.208437     0.224664     0.198989
375    0.507319     0.353285     0.414748     0.418729     0.410775     0.441605     0.395939
385    0.962509     0.804156     0.900537     0.918776     0.88272     0.942944     0.870872
395    1.64807     1.6963     1.77842     1.84968     1.71129     1.81473     1.75304
405    1.495     1.83763     1.80181     1.87814     1.72985     1.7839     1.81489
415    0.815974     1.03761     0.957006     0.979377     0.935107     0.920984     0.982151
425    0.427961     0.536237     0.471191     0.476571     0.465797     0.441974     0.49157
435    0.239149     0.313439     0.26619     0.26783     0.264517     0.244885     0.281045
445    0.151999     0.209755     0.173649     0.174274     0.173007     0.15727     0.185057
455    0.110886     0.142496     0.115821     0.116065     0.115571     0.103638     0.124294
465    0.0698638     0.106203     0.0850881     0.0850881     0.0850881     0.0754623     0.0917928
475    0.0572346     0.0822104     0.0650264     0.0650264     0.0650264     0.0572058     0.0704809
485    0.0420079     0.0658001     0.0510864     0.0510864     0.0510864     0.0443574     0.0557759
495    0.0329614     0.0530749     0.0409141     0.0409141     0.0409141     0.0353348     0.0448015
505    0.026602     0.0444853     0.0340612     0.0340612     0.0340612     0.0292706     0.0373995
515    0.02078     0.0345968     0.0259538     0.0259538     0.0259538     0.0219571     0.0287356
525    0.0181825     0.0295862     0.0220519     0.0220519     0.0220519     0.0185503     0.0244869
535    0.0145997     0.0257686     0.0188913     0.0188913     0.0188913     0.015697     0.0211147
545    0.0125397     0.0224282     0.0162697     0.0162697     0.0162697     0.0134123     0.0182607
555    0.0111066     0.0180274     0.0128011     0.0128011     0.0128011     0.0103722     0.0144938
565    0.00850906     0.0165693     0.0115517     0.0115517     0.0115517     0.00921012     0.0131824
575    0.0102109     0.0141568     0.009761     0.009761     0.009761     0.00770409     0.0111932
585    0.00770293     0.0130964     0.00902487     0.00902487     0.00902487     0.00711779     0.0103534
595    0.00573242     0.0115588     0.00780161     0.00780161     0.00780161     0.0060365     0.00903078
605    0.005195     0.0105514     0.00709181     0.00709181     0.00709181     0.0054593     0.00822758
615    0.00528457     0.00933185     0.00617646     0.00617646     0.00617646     0.00468294     0.00721518
625    0.00465759     0.0080063     0.00511621     0.00511621     0.00511621     0.0037462     0.00606922
635    0.00456802     0.00734353     0.00457765     0.00457765     0.00457765     0.003263     0.00549186
645    0.00313492     0.00633611     0.0040623     0.0040623     0.0040623     0.00297763     0.00481616
655    0.00286621     0.0067868     0.0043623     0.0043623     0.0043623     0.00320369     0.00516764
665    0.00277664     0.00546125     0.00334224     0.00334224     0.00334224     0.00232685     0.00404773
675    0.00241836     0.0043743     0.00269233     0.00269233     0.00269233     0.00188344     0.00325397
685    0.00188095     0.00442733     0.00270007     0.00270007     0.00270007     0.00186823     0.00327781
695    0.000806121     0.000954394     8.19663e-05     8.19663e-05     8.19663e-05     -0.00033967     0.000374594
705    0     0     -0.000495926     -0.000495926     -0.000495926     -0.000736676     -0.000329003
715    0     0     -0.000647159     -0.000647159     -0.000647159     -0.000962046     -0.00042885
725    0     0     -0.000524116     -0.000524116     -0.000524116     -0.000780091     -0.000346795
735    0     0     -0.000498038     -0.000498038     -0.000498038     -0.000742353     -0.000328949
745    0     0     -0.000409736     -0.000409736     -0.000409736     -0.000611436     -0.000270219
755    0     0     -0.000458112     -0.000458112     -0.000458112     -0.000684472     -0.00030167
765    0     0     -0.000413852     -0.000413852     -0.000413852     -0.000619097     -0.000272101
775    0     0     -0.000482685     -0.000482685     -0.000482685     -0.000723051     -0.000316839
785    0     0     -0.000384949     -0.000384949     -0.000384949     -0.000577577     -0.000252192
795    0     0     -0.000456601     -0.000456601     -0.000456601     -0.000686193     -0.000298563
805    0     0     -0.000349133     -0.000349133     -0.000349133     -0.000525436     -0.000227883
815    0     0     -0.000408292     -0.000408292     -0.000408292     -0.000615462     -0.000266003
825    0     0     -0.000269983     -0.000269983     -0.000269983     -0.000407176     -0.000175763
835    0     0     -0.000385222     -0.000385222     -0.000385222     -0.000582643     -0.00024997
845    0     0     -0.000245044     -0.000245044     -0.000245044     -0.000371268     -0.000158689
855    0     0     -0.000374846     -0.000374846     -0.000374846     -0.000568491     -0.00024244
865    0     0     -0.000259547     -0.000259547     -0.000259547     -0.000394859     -0.00016729
875    0     0     -0.000339416     -0.000339416     -0.000339416     -0.000517469     -0.000218243
885    0     0     -0.000271894     -0.000271894     -0.000271894     -0.00041495     -0.000174595
895    0     0     -0.00029794     -0.00029794     -0.00029794     -0.00045605     -0.000190702
905    0     0     -0.000175786     -0.000175786     -0.000175786     -0.000269723     -0.000112209
915    0     0     -0.000247996     -0.000247996     -0.000247996     -0.000380952     -0.000158083
925    0     0     -0.000273907     -0.000273907     -0.000273907     -0.00042207     -0.000173999
935    0     0     -0.000173594     -0.000173594     -0.000173594     -0.000268097     -0.000109995
945    0     0     -0.000277288     -0.000277288     -0.000277288     -0.000428859     -0.000175399
955    0     0     -0.000148382     -0.000148382     -0.000148382     -0.000230141     -9.35651e-05
965    0     0     -0.00020567     -0.00020567     -0.00020567     -0.000320139     -0.000129188
975    0     0     -0.000127836     -0.000127836     -0.000127836     -0.00019946     -8.00866e-05
985    0     0     -0.00012755     -0.00012755     -0.00012755     -0.000199594     -7.96454e-05
995    0     0     -0.000120768     -0.000120768     -0.000120768     -0.000189319     -7.52574e-05
1005    0     0     0     0     0     0     0
1015    0     0     0     0     0     0     0
1025    0     0     0     0     0     0     0
1035    0     0     0     0     0     0     0
1045    0     0     0     0     0     0     0
1055    0     0     0     0     0     0     0
1065    0     0     0     0     0     0     0
1075    0     0     0     0     0     0     0
1085    0     0     0     0     0     0     0
1095    0     0     0     0     0     0     0
1105    0     0     0     0     0     0     0
1115    0     0     0     0     0     0     0
1125    0     0     0     0     0     0     0
1135    0     0     0     0     0     0     0
1145    0     0     0     0     0     0     0
1155    0     0     0     0     0     0     0
1165    0     0     0     0     0     0     0
1175    0     0     0     0     0     0     0
1185    0     0     0     0     0     0     0
1195    0     0     0     0     0     0     0
1205    0     0     0     0     0     0     0
1215    0     0     0     0     0     0     0
1225    0     0     0     0     0     0     0
1235    0     0     0     0     0     0     0
1245    0     0     0     0     0     0     0
1255    0     0     0     0     0     0     0
1265    0     0     0     0     0     0     0
1275    0     0     0     0     0     0     0
1285    0     0     0     0     0     0     0
1295    0     0     0     0     0     0     0
1305    0     0     0     0     0     0     0
1315    0     0     0     0     0     0     0
1325    0     0     0     0     0     0     0
1335    0     0     0     0     0     0     0
1345    0     0     0     0     0     0     0
1355    0     0     0     0     0     0     0
1365    0     0     0     0     0     0     0
1375    0     0     0     0     0     0     0
1385    0     0     0     0     0     0     0
1395    0     0     0     0     0     0     0
1405    0     0     0     0     0     0     0
1415    0     0     0     0     0     0     0
1425    0     0     0     0     0     0     0
1435    0     0     0     0     0     0     0
1445    0     0     0     0     0     0     0
1455    0     0     0     0     0     0     0
1465    0     0     0     0     0     0     0
1475    0     0     0     0     0     0     0
1485    0     0     0     0     0     0     0
1495    0     0     0     0     0     0     0
1505    0     0     0     0     0     0     0
1515    0     0     0     0     0     0     0
1525    0     0     0     0     0     0     0
1535    0     0     0     0     0     0     0
1545    0     0     0     0     0     0     0
1555    0     0     0     0     0     0     0
1565    0     0     0     0     0     0     0
1575    0     0     0     0     0     0     0
1585    0     0     0     0     0     0     0
1595    0     0     0     0     0     0     0
1605    0     0     0     0     0     0     0
1615    0     0     0     0     0     0     0
1625    0     0     0     0     0     0     0
1635    0     0     0     0     0     0     0
1645    0     0     0     0     0     0     0
1655    0     0     0     0     0     0     0
1665    0     0     0     0     0     0     0
1675    0     0     0     0     0     0     0
1685    0     0     0     0     0     0     0
1695    0     0     0     0     0     0     0
1705    0     0     0     0     0     0     0
1715    0     0     0     0     0     0     0
1725    0     0     0     0     0     0     0
1735    0     0     0     0     0     0     0
1745    0     0     0     0     0     0     0
1755    0     0     0     0     0     0     0
1765    0     0     0     0     0     0     0
1775    0     0     0     0     0     0     0
1785    0     0     0     0     0     0     0
1795    0     0     0     0     0     0     0
1805    0     0     0     0     0     0     0
1815    0     0     0     0     0     0     0
1825    0     0     0     0     0     0     0
1835    0     0     0     0     0     0     0
1845    0     0     0     0     0     0     0
1855    0     0     0     0     0     0     0
1865    0     0     0     0     0     0     0
1875    0     0     0     0     0     0     0
1885    0     0     0     0     0     0     0
1895    0     0     0     0     0     0     0
1905    0     0     0     0     0     0     0
1915    0     0     0     0     0     0     0
1925    0     0     0     0     0     0     0
1935    0     0     0     0     0     0     0
1945    0     0     0     0     0     0     0
1955    0     0     0     0     0     0     0
1965    0     0     0     0     0     0     0
1975    0     0     0     0     0     0     0
1985    0     0     0     0     0     0     0
1995    0     0     0     0     0     0     0
2005    0     0     0     0     0     0     0
2015    0     0     0     0     0     0     0
2025    0     0     0     0     0     0     0
2035    0     0     0     0     0     0     0
2045    0     0     0     0     0     0     0
2055    0     0     0     0     0     0     0
2065    0     0     0     0     0     0     0
2075    0     0     0     0     0     0     0
2085    0     0     0     0     0     0     0
2095    0     0     0     0     0     0     0
2105    0     0     0     0     0     0     0
2115    0     0     0     0     0     0     0
2125    0     0     0     0     0     0     0
2135    0     0     0     0     0     0     0
2145    0     0     0     0     0     0     0
2155    0     0     0     0     0     0     0
2165    0     0     0     0     0     0     0
2175    0     0     0     0     0     0     0
2185    0     0     0     0     0     0     0
2195    0     0     0     0     0     0     0
2205    0     0     0     0     0     0     0
2215    0     0     0     0     0     0     0
2225    0     0     0     0     0     0     0
2235    0     0     0     0     0     0     0
2245    0     0     0     0     0     0     0
2255    0     0     0     0     0     0     0
2265    0     0     0     0     0     0     0
2275    0     0     0     0     0     0     0
2285    0     0     0     0     0     0     0
2295    0     0     0     0     0     0     0
2305    0     0     0     0     0     0     0
2315    0     0     0     0     0     0     0
2325    0     0     0     0     0     0     0
2335    0     0     0     0     0     0     0
2345    0     0     0     0     0     0     0
2355    0     0     0     0     0     0     0
2365    0     0     0     0     0     0     0
2375    0     0     0     0     0     0     0
2385    0     0     0     0     0     0     0
2395    0     0     0     0     0     0     0
