5    9.29969e-06     0     0     0     0     0     0
15    3.71988e-05     0     0     0     0     0     0
25    8.21473e-05     0     0     0     0     0     0
35    0.000134846     0     0     0     0     0     0
45    0.000210793     0     0     0     0     0     0
55    0.000268141     0     0     0     0     0     0
65    0.000356488     0     0     0     0     0     0
75    0.000423136     0     0     0     0     0     0
85    0.000451035     0     0     0     0     0     0
95    0.000576581     0     0     0     0     0     0
105    0.000680428     0     0     0     0     0     0
115    0.000650979     0     0     0     0     0     0
125    0.000770325     0     0     0     0     0     0
135    0.000802874     0     0     0     0     0     0
145    0.000855572     0     0     0     0     0     0
155    0.000957868     0     0     0     0     0     0
165    0.000971818     0     1.5399e-06     1.5399e-06     1.5399e-06     1.5399e-06     1.5399e-06
175    0.00104157     0     1.07793e-05     1.07793e-05     1.07793e-05     1.07793e-05     1.07793e-05
185    0.00112526     0     6.1596e-06     6.1596e-06     6.1596e-06     6.1596e-06     6.1596e-06
195    0.00133296     0     1.84788e-05     1.84788e-05     1.84788e-05     1.84788e-05     1.84788e-05
205    0.00129731     0     2.30985e-05     2.30985e-05     2.30985e-05     2.30985e-05     2.30985e-05
215    0.00131126     0     0.000995706     0.000995706     0.000995706     0.00139641     0.000716945
225    0.0014182     0     0.00099958     0.00099958     0.00099958     0.00140293     0.000718708
235    0.0013996     0     0.00096464     0.00096464     0.00096464     0.00134877     0.00069674
245    0.00157785     0     0.000942571     0.000942571     0.000942571     0.00131443     0.000682921
255    0.00163365     4.15773e-05     0.000914575     0.000914575     0.000914575     0.00126543     0.000669047
265    0.00179639     0.000103943     0.000891153     0.000891153     0.000891153     0.00122989     0.000653609
275    0.00174369     0.000103943     0.000858825     0.000858825     0.000858825     0.0011789     0.000634359
285    0.00177314     0.000122422     0.000841981     0.000841981     0.000841981     0.0011492     0.000626187
295    0.00190799     0.000143211     0.000845009     0.00084615     0.000843808     0.00114235     0.000635987
305    0.00194364     0.000163999     0.000837668     0.000840114     0.000835091     0.0011184     0.000640238
315    0.00200098     0.000217126     0.000892415     0.00089556     0.000889102     0.00117723     0.000691684
325    0.00214513     0.000261013     0.000934168     0.000938069     0.000930061     0.001217     0.000734442
335    0.00228617     0.00031183     0.000985972     0.000990967     0.000980717     0.00126142     0.000790734
345    0.00234507     0.000425012     0.00112931     0.00113619     0.00112208     0.00141159     0.000927451
355    0.00249852     0.000471209     0.00127441     0.00128354     0.00126483     0.00156297     0.00106745
365    0.00254812     0.000704504     0.00144509     0.0014569     0.0014327     0.00174949     0.00122755
375    0.00262096     0.000817687     0.00167523     0.00168944     0.00166032     0.00202969     0.00142244
385    0.00261321     0.000990926     0.00177569     0.00179249     0.00175809     0.00212837     0.00152497
395    0.0029046     0.00116647     0.00201481     0.00203623     0.00199242     0.00238078     0.00175533
405    0.0030162     0.00124732     0.00216404     0.00218873     0.00213828     0.00254185     0.00189681
415    0.00303325     0.00144135     0.00243583     0.00246587     0.00240449     0.0028383     0.00215172
425    0.0030937     0.00166078     0.00266039     0.00269485     0.00262449     0.00309641     0.00235329
435    0.00332929     0.00191025     0.00276412     0.00280285     0.00272383     0.00318971     0.00246485
445    0.00349823     0.00186636     0.00288427     0.00292588     0.00284108     0.00334232     0.00256298
455    0.00360983     0.00222901     0.00322375     0.00327545     0.00317021     0.00367925     0.00290502
465    0.00396012     0.00243458     0.00340878     0.0034671     0.00334848     0.00386933     0.00308643
475    0.00395547     0.00259396     0.00370587     0.00377333     0.00363642     0.00418992     0.00336696
485    0.00422671     0.0029081     0.00407418     0.00414985     0.00399626     0.00464551     0.00367493
495    0.00458475     0.00302359     0.00418773     0.0042717     0.00410166     0.00474298     0.00380026
505    0.00477074     0.00325689     0.00449721     0.00459454     0.00439779     0.00506152     0.00410381
515    0.00492729     0.0034001     0.00489246     0.00500358     0.00477902     0.00551949     0.00445624
525    0.00509003     0.00355717     0.0050804     0.00520417     0.0049547     0.0057129     0.00464116
535    0.00537057     0.00376275     0.00568167     0.00582848     0.0055334     0.00639446     0.00518672
545    0.00585726     0.00434945     0.00579809     0.00595687     0.00563823     0.00653329     0.00528743
555    0.00616725     0.00467745     0.00626966     0.00645428     0.00608482     0.0070503     0.00572788
565    0.00660588     0.00510015     0.00666305     0.00686997     0.00645697     0.00753328     0.00606013
575    0.00695927     0.00551592     0.00725577     0.00750134     0.00701234     0.00816748     0.00662467
585    0.00764435     0.0059086     0.00769661     0.00798028     0.0074175     0.00863786     0.00704549
595    0.00800239     0.00653688     0.00867155     0.00901856     0.00833276     0.00972061     0.00794653
605    0.00869366     0.00667778     0.00880033     0.0091835     0.00842991     0.00986343     0.00806688
615    0.00928109     0.00742617     0.00969546     0.0101584     0.00925217     0.0108399     0.00890674
625    0.00989022     0.00819304     0.0107476     0.0113098     0.0102151     0.0120064     0.00988076
635    0.010442     0.0090754     0.0112876     0.0119357     0.0106816     0.0126113     0.0103771
645    0.0109535     0.00970137     0.0118511     0.0126183     0.0111433     0.0131252     0.0109758
655    0.0115673     0.0103989     0.0129989     0.0139308     0.0121519     0.0143655     0.0120608
665    0.0125995     0.0110919     0.0139597     0.0150749     0.0129632     0.0153722     0.0129914
675    0.012877     0.0117456     0.0150398     0.0163935     0.0138517     0.0164302     0.0140878
685    0.0133916     0.0133117     0.0162746     0.0179064     0.0148699     0.0176977     0.0153009
695    0.0137542     0.0142425     0.0167245     0.01859     0.0151501     0.0180896     0.015792
705    0.0139139     0.0155337     0.0176379     0.0198278     0.0158258     0.0189098     0.0167704
715    0.0137015     0.0165755     0.0185571     0.0210802     0.0165075     0.0197639     0.0177349
725    0.0138612     0.0167626     0.0188141     0.021598     0.0165883     0.0198365     0.0181186
735    0.0132676     0.0175433     0.0187974     0.0217675     0.0164503     0.0196143     0.0182426
745    0.0125468     0.0181508     0.0188026     0.0219094     0.0163622     0.0193989     0.0183983
755    0.0117533     0.0178505     0.0181954     0.0212616     0.0157865     0.0179508     0.0185568
765    0.0107334     0.0172338     0.0172438     0.0201328     0.0149573     0.0171612     0.0173658
775    0.00980963     0.0163376     0.0158172     0.0183873     0.0137557     0.0157167     0.0158851
785    0.0090734     0.015178     0.0144639     0.0166863     0.0126473     0.0141734     0.0146595
795    0.00836352     0.0142425     0.0130839     0.0149472     0.0115256     0.0126238     0.0133931
805    0.0077296     0.013016     0.0116532     0.0131605     0.0103619     0.0110809     0.0120372
815    0.00682907     0.0113483     0.0101622     0.0113415     0.00912586     0.00949713     0.0106075
825    0.0059549     0.0101541     0.0088904     0.00979697     0.00807325     0.00819615     0.00935483
835    0.00549302     0.00900149     0.00742467     0.00809032     0.00680959     0.00669128     0.00791367
845    0.00491954     0.00795281     0.00654371     0.00704479     0.0060694     0.00582456     0.00702209
855    0.00446075     0.00729913     0.00574087     0.0061182     0.00537494     0.00497074     0.00625247
865    0.00397407     0.00617654     0.00498497     0.00525587     0.00471569     0.00426035     0.0054646
875    0.00356178     0.00548127     0.00425272     0.00444296     0.00405842     0.00352399     0.00473387
885    0.00320529     0.00502854     0.0037007     0.00383056     0.00356423     0.00302013     0.00414922
895    0.00281936     0.00440488     0.00313889     0.00322211     0.00304778     0.00248147     0.00357059
905    0.00254657     0.00386669     0.00291553     0.00296684     0.00285547     0.0023073     0.00331382
915    0.00235902     0.00346939     0.00243616     0.00246068     0.00240333     0.00183955     0.00282614
925    0.00218698     0.0032592     0.00211059     0.00211649     0.00209646     0.00152632     0.00249105
935    0.00197153     0.00284343     0.0019306     0.0019329     0.00192093     0.00140963     0.00226891
945    0.00177004     0.00248771     0.00157856     0.00159275     0.00155782     0.0010456     0.00192397
955    0.00158095     0.00229137     0.00149889     0.0015221     0.00146972     0.00104128     0.00179447
965    0.00151275     0.00202574     0.00132767     0.00135839     0.00129149     0.00085128     0.00163404
975    0.00131746     0.00183402     0.00121893     0.0012546     0.00117839     0.000803024     0.00148544
985    0.00128336     0.00173701     0.00103202     0.00106969     0.000990244     0.000650709     0.00127565
995    0.00123531     0.00151988     0.000943699     0.000984849     0.000898796     0.000577541     0.00117703
1005    0.00100127     0.00136974     0.000914711     0.000960714     0.00086519     0.000554476     0.00114356
1015    0.000996617     0.00127504     0.000802332     0.000848573     0.000752998     0.000471439     0.00101188
1025    0.000867971     0.00112259     0.000682065     0.000728636     0.000632812     0.000352087     0.000890324
1035    0.000821473     0.00107639     0.000544484     0.00058974     0.000496928     0.000217018     0.00075039
1045    0.000753275     0.00109487     0.00057369     0.000620522     0.000524745     0.000300565     0.00074478
1055    0.000703677     0.000891602     0.000413979     0.000463278     0.000362672     5.36779e-05     0.000638781
1065    0.000643229     0.000845405     0.000358385     0.000404883     0.00031023     4.18113e-05     0.000555138
1075    0.00059208     0.000808447     0.000402982     0.000449465     0.000354963     0.000153571     0.000557269
1085    0.000505283     0.000813067     0.000374641     0.000425639     0.000322103     9.15819e-05     0.000548991
1095    0.000444835     0.000709124     0.000284424     0.000328805     0.000238823     3.92342e-05     0.000434786
1105    0.000438636     0.00061673     0.000323286     0.000369575     0.00027586     0.000113245     0.000451488
1115    0.000458785     0.000591322     0.000347792     0.000395587     0.000298931     0.000165795     0.000458362
1125    0.000471184     0.000517406     0.000253482     0.000300042     0.000205959     3.82211e-05     0.000383617
1135    0.000353388     0.000542815     0.000251503     0.000297824     0.000204266     5.6778e-05     0.000368646
1145    0.00031464     0.000473519     0.000192403     0.000237256     0.000146707     -1.39474e-05     0.00031594
1155    0.00029759     0.000441181     0.000226363     0.000270688     0.000181289     6.45523e-05     0.000322784
1165    0.000348738     0.000438872     0.000160785     0.000209952     0.000110878     -6.82577e-05     0.00029656
1175    0.00030844     0.000362646     0.000125165     0.000165288     8.44718e-05     -5.41315e-05     0.000230932
1185    0.000261941     0.000406534     0.000181856     0.000225471     0.000137635     3.43582e-05     0.000268391
1195    0.000252642     0.000418083     0.000163329     0.000205561     0.000120552     2.2392e-05     0.000245582
1205    0.000277441     0.00030028     0.000105117     0.000144118     6.5664e-05     -5.042e-05     0.000195447
1215    0.000213893     0.000284112     0.000125745     0.000167062     8.39798e-05     -1.7636e-05     0.00020859
1225    0.000220093     0.000293351     0.000164786     0.000213721     0.000115341     1.75026e-05     0.000249391
1235    0.000218543     0.000249464     0.000142987     0.000182104     0.000103489     4.26549e-05     0.000200323
1245    0.000215443     0.000131661     7.22511e-05     0.000111417     3.27217e-05     -7.86567e-05     0.000158008
1255    0.000172044     0     4.81956e-05     8.63921e-05     9.66482e-06     -0.000110363     0.000137828
1265    0.000192194     0     0.0001215     0.000162887     7.97711e-05     1.37398e-05     0.000182088
1275    0.000165845     0     9.98599e-05     0.000135284     6.41588e-05     1.04376e-05     0.000149862
1285    0.000131746     0     0.000134854     0.00015855     0.000110977     4.00268e-05     0.000187583
1295    0.000128646     0     6.84495e-05     6.84495e-05     6.84495e-05     -4.91313e-05     0.00013348
1305    0.000139495     0     7.33403e-05     7.33403e-05     7.33403e-05     -1.55912e-05     0.000122221
1315    0.000144145     0     3.03484e-05     3.03484e-05     3.03484e-05     -8.7038e-05     9.45096e-05
1325    0.000111596     0     8.40289e-05     8.40289e-05     8.40289e-05     1.9346e-05     0.000119176
1335    0.000116246     0     8.9453e-05     8.9453e-05     8.9453e-05     1.20465e-05     0.00013127
1345    0.000108496     0     6.86005e-05     6.86005e-05     6.86005e-05     -2.48887e-05     0.000118782
1355    9.60968e-05     0     3.2786e-05     3.2786e-05     3.2786e-05     -6.49814e-05     8.4981e-05
1365    9.91967e-05     0     4.80764e-05     4.80764e-05     4.80764e-05     -2.4644e-05     8.66754e-05
1375    9.76468e-05     0     -1.12318e-05     -1.12318e-05     -1.12318e-05     -0.000167023     7.09356e-05
1385    8.05973e-05     0     4.66473e-05     4.66473e-05     4.66473e-05     -2.78873e-05     8.5694e-05
1395    6.50979e-05     0     1.56962e-05     1.56962e-05     1.56962e-05     -6.74602e-05     5.89989e-05
1405    8.9897e-05     0     5.56209e-05     5.56209e-05     5.56209e-05     5.14066e-06     8.17501e-05
1415    8.05973e-05     0     4.64296e-05     4.64296e-05     4.64296e-05     -4.62358e-06     7.2689e-05
1425    5.88981e-05     0     1.35097e-05     1.35097e-05     1.35097e-05     -8.90506e-05     6.59467e-05
1435    5.73481e-05     0     2.18426e-05     2.18426e-05     2.18426e-05     -4.4775e-05     5.56711e-05
1445    5.73481e-05     0     4.26818e-05     4.26818e-05     4.26818e-05     -7.8416e-06     6.81548e-05
1455    5.88981e-05     0     3.6234e-05     3.6234e-05     3.6234e-05     -8.65307e-06     5.8726e-05
1465    5.88981e-05     0     1.98773e-05     1.98773e-05     1.98773e-05     -3.98577e-05     4.96056e-05
1475    5.26983e-05     0     2.05573e-05     2.05573e-05     2.05573e-05     -4.09344e-05     5.09383e-05
1485    5.73481e-05     0     -1.15495e-06     -1.15495e-06     -1.15495e-06     -9.06305e-05     4.27943e-05
1495    5.42482e-05     0     2.47446e-05     2.47446e-05     2.47446e-05     -1.12446e-05     4.22927e-05
1505    3.87487e-05     0     2.78707e-05     2.78707e-05     2.78707e-05     -1.19757e-05     4.71749e-05
1515    6.35479e-05     0     -8.78187e-06     -8.78187e-06     -8.78187e-06     -7.52088e-05     2.31799e-05
1525    5.11483e-05     0     2.07028e-05     2.07028e-05     2.07028e-05     -1.24082e-05     3.65227e-05
1535    4.02987e-05     0     -1.38481e-05     -1.38481e-05     -1.38481e-05     -9.68124e-05     2.55546e-05
1545    4.18486e-05     0     6.43475e-06     6.43475e-06     6.43475e-06     -4.63703e-05     3.12978e-05
1555    4.95984e-05     0     -6.11701e-06     -6.11701e-06     -6.11701e-06     -8.00701e-05     2.85141e-05
1565    4.18486e-05     0     -7.97222e-06     -7.97222e-06     -7.97222e-06     -0.00010214     3.57721e-05
1575    4.18486e-05     0     -6.60785e-07     -6.60785e-07     -6.60785e-07     -4.7003e-05     2.07364e-05
1585    2.63491e-05     0     1.70132e-05     1.70132e-05     1.70132e-05     -4.08349e-06     2.66693e-05
1595    2.47992e-05     0     2.26712e-05     2.26712e-05     2.26712e-05     -1.68777e-05     4.06444e-05
1605    2.78991e-05     0     3.84986e-06     3.84986e-06     3.84986e-06     -5.03236e-05     2.83285e-05
1615    3.71988e-05     0     1.95719e-05     1.95719e-05     1.95719e-05     -1.70148e-05     3.59584e-05
1625    2.47992e-05     0     -6.29015e-06     -6.29015e-06     -6.29015e-06     -4.88664e-05     1.26738e-05
1635    2.47992e-05     0     1.77146e-05     1.77146e-05     1.77146e-05     -5.82713e-06     2.81153e-05
1645    2.78991e-05     0     -2.80209e-05     -2.80209e-05     -2.80209e-05     -9.48212e-05     1.26452e-06
1655    2.32492e-05     0     -1.70064e-06     -1.70064e-06     -1.70064e-06     -5.24242e-05     2.03516e-05
1665    2.63491e-05     0     1.7731e-05     1.7731e-05     1.7731e-05     -6.68051e-06     2.82815e-05
1675    2.01493e-05     0     7.69298e-06     7.69298e-06     7.69298e-06     -3.08735e-06     1.23147e-05
1685    2.32492e-05     0     1.15343e-05     1.15343e-05     1.15343e-05     -4.83063e-06     1.85018e-05
1695    2.63491e-05     0     1.92398e-05     1.92398e-05     1.92398e-05     -8.39313e-06     3.09071e-05
1705    1.54995e-05     0     -5.36243e-05     -5.36243e-05     -5.36243e-05     -0.000144845     -1.53689e-05
1715    1.39495e-05     0     6.93018e-06     6.93018e-06     6.93018e-06     -3.27067e-06     1.11706e-05
1725    1.08496e-05     0     1.31117e-05     1.31117e-05     1.31117e-05     -6.30793e-06     2.11375e-05
1735    1.39495e-05     0     1.00248e-05     1.00248e-05     1.00248e-05     -5.04901e-06     1.61984e-05
1745    1.39495e-05     0     1.70003e-05     1.70003e-05     1.70003e-05     -8.77179e-06     2.74751e-05
1755    1.54995e-05     0     -1.00102e-05     -1.00102e-05     -1.00102e-05     -5.3965e-05     7.74105e-06
1765    9.29969e-06     0     7.9988e-06     7.9988e-06     7.9988e-06     -1.80729e-05     1.84271e-05
1775    2.78991e-05     0     1.54634e-06     1.54634e-06     1.54634e-06     -8.84488e-07     2.51155e-06
1785    6.1998e-06     0     -6.10894e-06     -6.10894e-06     -6.10894e-06     -5.7998e-05     1.43178e-05
1795    1.23996e-05     0     6.99082e-06     6.99082e-06     6.99082e-06     -4.18247e-06     1.13555e-05
1805    6.1998e-06     0     -1.45423e-05     -1.45423e-05     -1.45423e-05     -5.37585e-05     6.44701e-07
1815    9.29969e-06     0     1.00961e-05     1.00961e-05     1.00961e-05     -6.43968e-06     1.64568e-05
1825    9.29969e-06     0     -1.13955e-05     -1.13955e-05     -1.13955e-05     -5.65146e-05     5.84468e-06
1835    9.29969e-06     0     7.02115e-06     7.02115e-06     7.02115e-06     -4.65938e-06     1.14435e-05
1845    1.08496e-05     0     -1.19928e-05     -1.19928e-05     -1.19928e-05     -5.67805e-05     4.80991e-06
1855    6.1998e-06     0     7.04053e-06     7.04053e-06     7.04053e-06     -4.89569e-06     1.14885e-05
1865    1.23996e-05     0     5.48904e-06     5.48904e-06     5.48904e-06     -3.8707e-06     8.95275e-06
1875    4.64985e-06     0     6.28616e-06     6.28616e-06     6.28616e-06     -4.51516e-06     1.02525e-05
1885    1.39495e-05     0     -1.18925e-05     -1.18925e-05     -1.18925e-05     -5.87558e-05     5.13186e-06
1895    3.0999e-06     0     3.62747e-06     3.62747e-06     3.62747e-06     -1.80119e-05     1.14363e-05
1905    1.08496e-05     0     3.16046e-06     3.16046e-06     3.16046e-06     -2.40701e-06     5.15654e-06
1915    7.74974e-06     0     7.9226e-06     7.9226e-06     7.9226e-06     -6.13535e-06     1.29199e-05
1925    9.29969e-06     0     5.56834e-06     5.56834e-06     5.56834e-06     -4.36546e-06     9.06733e-06
1935    4.64985e-06     0     1.35641e-06     1.35641e-06     1.35641e-06     -1.68166e-05     7.70779e-06
1945    7.74974e-06     0     0     0     0     0     0
1955    1.54995e-06     0     0     0     0     0     0
1965    3.0999e-06     0     0     0     0     0     0
1975    1.08496e-05     0     -1.85171e-05     -1.85171e-05     -1.85171e-05     -5.59998e-05     -5.83986e-06
1985    6.1998e-06     0     0     0     0     0     0
1995    4.64985e-06     0     0     0     0     0     0
2005    7.74974e-06     0     0     0     0     0     0
2015    4.64985e-06     0     0     0     0     0     0
2025    4.64985e-06     0     0     0     0     0     0
2035    7.74974e-06     0     0     0     0     0     0
2045    4.64985e-06     0     0     0     0     0     0
2055    0     0     0     0     0     0     0
2065    6.1998e-06     0     0     0     0     0     0
2075    3.0999e-06     0     0     0     0     0     0
2085    3.0999e-06     0     0     0     0     0     0
2095    7.74974e-06     0     0     0     0     0     0
2105    3.0999e-06     0     0     0     0     0     0
2115    3.0999e-06     0     0     0     0     0     0
2125    1.54995e-06     0     0     0     0     0     0
2135    3.0999e-06     0     0     0     0     0     0
2145    6.1998e-06     0     0     0     0     0     0
2155    1.54995e-06     0     0     0     0     0     0
2165    3.0999e-06     0     0     0     0     0     0
2175    4.64985e-06     0     0     0     0     0     0
2185    4.64985e-06     0     0     0     0     0     0
2195    4.64985e-06     0     0     0     0     0     0
2205    0     0     0     0     0     0     0
2215    3.0999e-06     0     0     0     0     0     0
2225    0     0     0     0     0     0     0
2235    4.64985e-06     0     0     0     0     0     0
2245    3.0999e-06     0     0     0     0     0     0
2255    0     0     0     0     0     0     0
2265    3.0999e-06     0     0     0     0     0     0
2275    3.0999e-06     0     0     0     0     0     0
2285    3.0999e-06     0     0     0     0     0     0
2295    1.54995e-06     0     0     0     0     0     0
2305    1.54995e-06     0     0     0     0     0     0
2315    1.54995e-06     0     0     0     0     0     0
2325    0     0     0     0     0     0     0
2335    1.54995e-06     0     0     0     0     0     0
2345    1.54995e-06     0     0     0     0     0     0
2355    0     0     0     0     0     0     0
2365    0     0     0     0     0     0     0
2375    1.54995e-06     0     0     0     0     0     0
2385    0     0     0     0     0     0     0
2395    1.54995e-06     0     0     0     0     0     0
