5    0     0     0     0     0     0     0
15    0.000268922     0     0     0     0     0     0
25    0.000448203     0     0     0     0     0     0
35    0.000860549     0     0     0     0     0     0
45    0.000824693     0     0     0     0     0     0
55    0.0020438     0     0     0     0     0     0
65    0.00193624     0     0     0     0     0     0
75    0.00211552     0     0     0     0     0     0
85    0.00245615     0     0     0     0     0     0
95    0.00299399     0     0     0     0     0     0
105    0.00315535     0     0     0     0     0     0
115    0.00346013     0     0     0     0     0     0
125    0.00460752     0     0     0     0     0     0
135    0.00487645     0     0     0     0     0     0
145    0.00507366     0     0     0     0     0     0
155    0.00591628     0     0     0     0     0     0
165    0.00652583     3.51775e-05     3.51775e-05     3.51775e-05     3.51775e-05     3.51775e-05     3.51775e-05
175    0.00718917     5.27662e-05     5.27662e-05     5.27662e-05     5.27662e-05     5.27662e-05     5.27662e-05
185    0.00812143     0.000175887     0.000175887     0.000175887     0.000175887     0.000175887     0.000175887
195    0.00874892     0.000175887     0.000175887     0.000175887     0.000175887     0.000175887     0.000175887
205    0.00934055     0.000263831     0.000263831     0.000263831     0.000263831     0.000263831     0.000263831
215    0.0108286     0.000386952     0.00321281     0.00321281     0.00321281     0.00443845     0.00236972
225    0.0105597     0.000369363     0.00331416     0.00331416     0.00331416     0.00459741     0.002431
235    0.0126214     0.000545251     0.00346652     0.00346652     0.00346652     0.00474066     0.00258865
245    0.0137329     0.000861848     0.00376856     0.00376856     0.00376856     0.00503814     0.00289283
255    0.0145576     0.000949792     0.00388002     0.00388002     0.00388002     0.00515464     0.00299847
265    0.0167449     0.00110809     0.00407461     0.00407461     0.00407461     0.00535882     0.00318406
275    0.0175695     0.0015654     0.00445953     0.00445953     0.00445953     0.00571485     0.00358836
285    0.019954     0.00211065     0.00504709     0.00504709     0.00504709     0.00631823     0.00416329
295    0.0221233     0.00232171     0.00521013     0.00521013     0.00521013     0.00646049     0.00433961
305    0.0256731     0.00339463     0.00638459     0.00638459     0.00638459     0.00768011     0.00548187
315    0.026946     0.00439718     0.00752037     0.00752037     0.00752037     0.0088689     0.00657858
325    0.0337228     0.00599776     0.00932084     0.00932084     0.00932084     0.0107527     0.00831907
335    0.036663     0.00851295     0.0121217     0.0121217     0.0121217     0.0136665     0.0110376
345    0.0437446     0.0116613     0.016071     0.016071     0.016071     0.0179502     0.0147489
355    0.0514358     0.0182571     0.0236079     0.0236169     0.0235989     0.0259091     0.0219917
365    0.064595     0.0265766     0.0334179     0.033517     0.0333162     0.0363856     0.0313368
375    0.0782204     0.0397505     0.0492696     0.0494546     0.0490812     0.0534278     0.046357
385    0.101509     0.0570579     0.069748     0.0700879     0.0694016     0.0753321     0.065842
395    0.13507     0.0813655     0.0986478     0.099292     0.0979947     0.106295     0.093303
405    0.186094     0.124141     0.148461     0.149826     0.14708     0.159282     0.140904
415    0.267416     0.204979     0.240201     0.243528     0.23688     0.255943     0.229212
425    0.397215     0.331425     0.376725     0.385107     0.368524     0.397077     0.362529
435    0.583327     0.557422     0.606357     0.629043     0.584807     0.628423     0.590971
445    0.733081     0.840935     0.870247     0.918389     0.825871     0.883535     0.860991
455    0.681591     0.870466     0.856874     0.906512     0.811101     0.850119     0.861739
465    0.479021     0.626528     0.588488     0.613139     0.565024     0.571147     0.600566
475    0.304993     0.395975     0.356818     0.366112     0.3477     0.338998     0.369248
485    0.199396     0.253049     0.220015     0.223558     0.216463     0.204909     0.230543
495    0.135447     0.170241     0.143886     0.145373     0.142381     0.131795     0.152311
505    0.0960947     0.121239     0.100099     0.100783     0.0993979     0.0903833     0.106869
515    0.0712822     0.0891749     0.0720017     0.0723331     0.0716601     0.064061     0.0775288
525    0.0528162     0.0661688     0.0524666     0.0526253     0.0523021     0.0460983     0.0568948
535    0.0423641     0.0534522     0.0415838     0.0416627     0.0415022     0.0360711     0.0454208
545    0.0330415     0.0417029     0.0318801     0.0319039     0.0318548     0.0273228     0.0350557
555    0.0269997     0.0335593     0.0252014     0.0252014     0.0252014     0.0213171     0.0279084
565    0.0220695     0.0298833     0.0220814     0.0220814     0.0220814     0.0184406     0.0246168
575    0.0188604     0.0231468     0.0167846     0.0167846     0.0167846     0.0138077     0.0188575
585    0.0155795     0.0197697     0.0141786     0.0141786     0.0141786     0.0115595     0.0160029
595    0.0127469     0.0174128     0.0122817     0.0122817     0.0122817     0.00987087     0.0139602
605    0.0116353     0.015654     0.0109595     0.0109595     0.0109595     0.0087443     0.0125008
615    0.0100218     0.0128574     0.00881292     0.00881292     0.00881292     0.00689868     0.0101443
625    0.00813936     0.0115206     0.00773045     0.00773045     0.00773045     0.00593368     0.00898023
635    0.00758359     0.00990246     0.00645333     0.00645333     0.00645333     0.00481399     0.00759337
645    0.0065079     0.00904061     0.00605036     0.00605036     0.00605036     0.00462406     0.00704172
655    0.00627484     0.00751039     0.00484121     0.00484121     0.00484121     0.00356563     0.00572785
665    0.00498402     0.00721138     0.00459627     0.00459627     0.00459627     0.00334339     0.00546688
675    0.00453581     0.00631436     0.00409188     0.00409188     0.00409188     0.00302293     0.00483403
685    0.00392626     0.00559322     0.00351894     0.00351894     0.00351894     0.00251997     0.00421274
695    0.00324499     0.00525903     0.00322209     0.00322209     0.00322209     0.00223715     0.00390558
705    0.0031912     0.00503038     0.00316892     0.00316892     0.00316892     0.00226528     0.00379552
715    0.00302985     0.00432683     0.00247984     0.00247984     0.00247984     0.00158127     0.00310282
725    0.00227687     0.0037464     0.00216585     0.00216585     0.00216585     0.00139368     0.00270069
735    0.0026175     0.00364087     0.00210171     0.00210171     0.00210171     0.00134673     0.00262424
745    0.00220516     0.00302526     0.00173699     0.00173699     0.00173699     0.00110275     0.00217564
755    0.00220516     0.00270866     0.00144967     0.00144967     0.00144967     0.00082753     0.00187964
765    0.00218723     0.00277902     0.00153439     0.00153439     0.00153439     0.000917168     0.00196067
775    0.00168524     0.00214583     0.00100853     0.00100853     0.00100853     0.000442169     0.00139931
785    0.00164939     0.00207547     0.00104963     0.00104963     0.00104963     0.000536289     0.00140343
795    0.00121911     0.00242725     0.00121061     0.00121061     0.00121061     0.000598957     0.00163169
805    0.00139839     0.00216341     0.00112837     0.00112837     0.00112837     0.000605904     0.00148773
815    0.00116533     0.00153022     0.000627797     0.000627797     0.000627797     0.000169921     0.00094229
825    0.000932262     0.00160057     0.000809938     0.000809938     0.000809938     0.00040821     0.00108585
835    0.00105776     0.00138951     0.000543123     0.000543123     0.000543123     0.000109442     0.000840237
845    0.000914334     0.00131915     0.000632179     0.000632179     0.000632179     0.000278196     0.00087431
855    0.000788837     0.00142469     0.000566173     0.000566173     0.000566173     0.000122731     0.000869395
865    0.00107569     0.000844259     0.000293388     0.000293388     0.000293388     6.22798e-06     0.000489171
875    0.000699196     0.00138951     0.000566546     0.000566546     0.000566546     0.00013498     0.000860294
885    0.000842621     0.000949792     0.000342523     0.000342523     0.000342523     2.30357e-05     0.000559809
895    0.000735053     0.000844259     0.000243641     0.000243641     0.000243641     -7.51523e-05     0.000459847
905    0.000788837     0.00116086     0.000567918     0.000567918     0.000567918     0.000251058     0.000782372
915    0.000430275     0.000668372     0.00017576     0.00017576     0.00017576     -8.83451e-05     0.000354372
925    0     0     -0.000276358     -0.000276358     -0.000276358     -0.000425847     -0.000175557
935    0     0     -0.000175043     -0.000175043     -0.000175043     -0.000270337     -0.000110913
945    0     0     -0.000279461     -0.000279461     -0.000279461     -0.000432211     -0.000176772
955    0     0     -0.000149499     -0.000149499     -0.000149499     -0.000231874     -9.42691e-05
965    0     0     -0.000207061     -0.000207061     -0.000207061     -0.000322308     -0.00013006
975    0     0     -0.000128732     -0.000128732     -0.000128732     -0.000200862     -8.06485e-05
985    0     0     -0.000128352     -0.000128352     -0.000128352     -0.000200855     -8.01476e-05
995    0     0     -0.000121503     -0.000121503     -0.000121503     -0.00019047     -7.57157e-05
1005    0     0     0     0     0     0     0
1015    0     0     0     0     0     0     0
1025    0     0     0     0     0     0     0
1035    0     0     0     0     0     0     0
1045    0     0     0     0     0     0     0
1055    0     0     0     0     0     0     0
1065    0     0     0     0     0     0     0
1075    0     0     0     0     0     0     0
1085    0     0     0     0     0     0     0
1095    0     0     0     0     0     0     0
1105    0     0     0     0     0     0     0
1115    0     0     0     0     0     0     0
1125    0     0     0     0     0     0     0
1135    0     0     0     0     0     0     0
1145    0     0     0     0     0     0     0
1155    0     0     0     0     0     0     0
1165    0     0     0     0     0     0     0
1175    0     0     0     0     0     0     0
1185    0     0     0     0     0     0     0
1195    0     0     0     0     0     0     0
1205    0     0     0     0     0     0     0
1215    0     0     0     0     0     0     0
1225    0     0     0     0     0     0     0
1235    0     0     0     0     0     0     0
1245    0     0     0     0     0     0     0
1255    0     0     0     0     0     0     0
1265    0     0     0     0     0     0     0
1275    0     0     0     0     0     0     0
1285    0     0     0     0     0     0     0
1295    0     0     0     0     0     0     0
1305    0     0     0     0     0     0     0
1315    0     0     0     0     0     0     0
1325    0     0     0     0     0     0     0
1335    0     0     0     0     0     0     0
1345    0     0     0     0     0     0     0
1355    0     0     0     0     0     0     0
1365    0     0     0     0     0     0     0
1375    0     0     0     0     0     0     0
1385    0     0     0     0     0     0     0
1395    0     0     0     0     0     0     0
1405    0     0     0     0     0     0     0
1415    0     0     0     0     0     0     0
1425    0     0     0     0     0     0     0
1435    0     0     0     0     0     0     0
1445    0     0     0     0     0     0     0
1455    0     0     0     0     0     0     0
1465    0     0     0     0     0     0     0
1475    0     0     0     0     0     0     0
1485    0     0     0     0     0     0     0
1495    0     0     0     0     0     0     0
1505    0     0     0     0     0     0     0
1515    0     0     0     0     0     0     0
1525    0     0     0     0     0     0     0
1535    0     0     0     0     0     0     0
1545    0     0     0     0     0     0     0
1555    0     0     0     0     0     0     0
1565    0     0     0     0     0     0     0
1575    0     0     0     0     0     0     0
1585    0     0     0     0     0     0     0
1595    0     0     0     0     0     0     0
1605    0     0     0     0     0     0     0
1615    0     0     0     0     0     0     0
1625    0     0     0     0     0     0     0
1635    0     0     0     0     0     0     0
1645    0     0     0     0     0     0     0
1655    0     0     0     0     0     0     0
1665    0     0     0     0     0     0     0
1675    0     0     0     0     0     0     0
1685    0     0     0     0     0     0     0
1695    0     0     0     0     0     0     0
1705    0     0     0     0     0     0     0
1715    0     0     0     0     0     0     0
1725    0     0     0     0     0     0     0
1735    0     0     0     0     0     0     0
1745    0     0     0     0     0     0     0
1755    0     0     0     0     0     0     0
1765    0     0     0     0     0     0     0
1775    0     0     0     0     0     0     0
1785    0     0     0     0     0     0     0
1795    0     0     0     0     0     0     0
1805    0     0     0     0     0     0     0
1815    0     0     0     0     0     0     0
1825    0     0     0     0     0     0     0
1835    0     0     0     0     0     0     0
1845    0     0     0     0     0     0     0
1855    0     0     0     0     0     0     0
1865    0     0     0     0     0     0     0
1875    0     0     0     0     0     0     0
1885    0     0     0     0     0     0     0
1895    0     0     0     0     0     0     0
1905    0     0     0     0     0     0     0
1915    0     0     0     0     0     0     0
1925    0     0     0     0     0     0     0
1935    0     0     0     0     0     0     0
1945    0     0     0     0     0     0     0
1955    0     0     0     0     0     0     0
1965    0     0     0     0     0     0     0
1975    0     0     0     0     0     0     0
1985    0     0     0     0     0     0     0
1995    0     0     0     0     0     0     0
2005    0     0     0     0     0     0     0
2015    0     0     0     0     0     0     0
2025    0     0     0     0     0     0     0
2035    0     0     0     0     0     0     0
2045    0     0     0     0     0     0     0
2055    0     0     0     0     0     0     0
2065    0     0     0     0     0     0     0
2075    0     0     0     0     0     0     0
2085    0     0     0     0     0     0     0
2095    0     0     0     0     0     0     0
2105    0     0     0     0     0     0     0
2115    0     0     0     0     0     0     0
2125    0     0     0     0     0     0     0
2135    0     0     0     0     0     0     0
2145    0     0     0     0     0     0     0
2155    0     0     0     0     0     0     0
2165    0     0     0     0     0     0     0
2175    0     0     0     0     0     0     0
2185    0     0     0     0     0     0     0
2195    0     0     0     0     0     0     0
2205    0     0     0     0     0     0     0
2215    0     0     0     0     0     0     0
2225    0     0     0     0     0     0     0
2235    0     0     0     0     0     0     0
2245    0     0     0     0     0     0     0
2255    0     0     0     0     0     0     0
2265    0     0     0     0     0     0     0
2275    0     0     0     0     0     0     0
2285    0     0     0     0     0     0     0
2295    0     0     0     0     0     0     0
2305    0     0     0     0     0     0     0
2315    0     0     0     0     0     0     0
2325    0     0     0     0     0     0     0
2335    0     0     0     0     0     0     0
2345    0     0     0     0     0     0     0
2355    0     0     0     0     0     0     0
2365    0     0     0     0     0     0     0
2375    0     0     0     0     0     0     0
2385    0     0     0     0     0     0     0
2395    0     0     0     0     0     0     0
