5    0     0     0     0     0     0     0
15    0     0     0     0     0     0     0
25    5.00835e-05     0     0     0     0     0     0
35    0.000138803     0     0     0     0     0     0
45    0.000274744     0     0     0     0     0     0
55    0.000297639     0     0     0     0     0     0
65    0.000360601     0     0     0     0     0     0
75    0.000435011     0     0     0     0     0     0
85    0.000465061     0     0     0     0     0     0
95    0.000615312     0     0     0     0     0     0
105    0.000595279     0     0     0     0     0     0
115    0.000688291     0     0     0     0     0     0
125    0.000739805     0     0     0     0     0     0
135    0.000848558     0     0     0     0     0     0
145    0.000855713     0     0     0     0     0     0
155    0.000910089     0     1.41907e-06     1.41907e-06     1.41907e-06     1.41907e-06     1.41907e-06
165    0.000991654     0     2.83813e-06     2.83813e-06     2.83813e-06     2.83813e-06     2.83813e-06
175    0.00110756     0     1.41907e-06     1.41907e-06     1.41907e-06     1.41907e-06     1.41907e-06
185    0.00110041     0     1.56097e-05     1.56097e-05     1.56097e-05     1.56097e-05     1.56097e-05
195    0.00121059     0     1.98669e-05     1.98669e-05     1.98669e-05     1.98669e-05     1.98669e-05
205    0.0012249     0     2.27051e-05     2.27051e-05     2.27051e-05     2.27051e-05     2.27051e-05
215    0.00137086     0     0.000921073     0.000921073     0.000921073     0.00129053     0.000663776
225    0.00142237     0     0.000986996     0.000986996     0.000986996     0.00137654     0.000715557
235    0.00144527     0     0.000919853     0.000919853     0.000919853     0.00127959     0.000668978
245    0.0014238     0     0.00092564     0.00092564     0.00092564     0.00128407     0.000675586
255    0.00151252     0     0.000869176     0.000869176     0.000869176     0.00120183     0.000636405
265    0.00161698     0     0.000882561     0.000882561     0.000882561     0.00121148     0.000651948
275    0.00173146     0     0.000870696     0.000870696     0.000870696     0.00118334     0.000651341
285    0.00175006     0     0.000815596     0.000815596     0.000815596     0.00110636     0.000611372
295    0.00190604     0     0.000842488     0.000842488     0.000842488     0.00112901     0.000641146
305    0.00187742     0.000110687     0.000867503     0.000867503     0.000867503     0.00115081     0.00066824
315    0.00201908     0.00022776     0.000886996     0.000886996     0.000886996     0.00116584     0.00069049
325    0.00198474     0.000225632     0.000894144     0.000894324     0.000893956     0.00115804     0.0007078
335    0.00216361     0.000332062     0.000973145     0.000977012     0.000969088     0.00123774     0.000785536
345    0.00228381     0.000421463     0.0010455     0.00105025     0.0010405     0.00130693     0.000858515
355    0.00231243     0.000557693     0.00127866     0.00128567     0.0012713     0.00156363     0.00107428
365    0.00241116     0.000636451     0.00142571     0.00143427     0.00141675     0.00173405     0.00120534
375    0.00260434     0.000862083     0.00159052     0.00160119     0.00157935     0.00191601     0.0013584
385    0.0027088     0.000964256     0.00173338     0.00174588     0.00172032     0.00208053     0.00148661
395    0.00276604     0.0012431     0.00206983     0.00208672     0.00205222     0.00244914     0.00180088
405    0.00287336     0.00134953     0.00223991     0.00225983     0.00221912     0.00263056     0.0019636
415    0.0030923     0.00163689     0.00250397     0.00252896     0.00247795     0.00290035     0.00222416
425    0.00321822     0.00177951     0.00260058     0.00262796     0.00257212     0.00301038     0.00231194
435    0.00340997     0.00198598     0.00298728     0.00302133     0.00295193     0.00343318     0.00267374
445    0.00356165     0.00205836     0.00310018     0.00313844     0.00306055     0.00354352     0.00278922
455    0.00376914     0.00243299     0.0034083     0.00345294     0.00336218     0.00389831     0.00306543
465    0.00398951     0.00258625     0.00376525     0.00381939     0.00370946     0.00426089     0.00341835
475    0.00418841     0.00285445     0.00412945     0.00419338     0.00406371     0.00465114     0.00376418
485    0.00433723     0.00325889     0.00434945     0.00442085     0.00427631     0.00491095     0.00395709
495    0.00483091     0.0034015     0.00471072     0.00479418     0.00462524     0.00530737     0.00429435
505    0.00509707     0.00384851     0.00512303     0.00522155     0.00502231     0.00574456     0.00468976
515    0.00542476     0.0039592     0.00564347     0.00575984     0.00552502     0.00633423     0.00516292
525    0.00607728     0.00429126     0.00581882     0.00595134     0.00568485     0.00649798     0.00534717
535    0.00628191     0.00488514     0.00664705     0.00681206     0.00648128     0.00741572     0.00611329
545    0.00698307     0.00547689     0.00706266     0.00725417     0.00687105     0.00785697     0.00651095
555    0.00731649     0.00579618     0.00762866     0.00785185     0.00740696     0.00851525     0.00701335
565    0.00792894     0.0064901     0.00839279     0.00866774     0.00812162     0.00933077     0.00774293
575    0.00868305     0.00701161     0.00898956     0.00931693     0.00866966     0.00997767     0.00830559
585    0.00924399     0.00769915     0.00994518     0.010349     0.00955441     0.0110045     0.00921236
595    0.0104446     0.00858677     0.0110464     0.0115442     0.01057     0.0122204     0.0102351
605    0.0110026     0.00968939     0.0121597     0.0127842     0.0115704     0.0134173     0.011292
615    0.012156     0.0105685     0.0132363     0.0140086     0.0125181     0.014543     0.0123358
625    0.0129087     0.0117924     0.0144276     0.0153842     0.0135524     0.0157749     0.0134998
635    0.0138145     0.0130228     0.0156607     0.0168385     0.014602     0.0170438     0.0147093
645    0.0144799     0.0145681     0.017024     0.0185138     0.0157146     0.0183784     0.0160936
655    0.0149921     0.0154536     0.0188048     0.0206747     0.0171949     0.0201471     0.0178834
665    0.0152569     0.0172629     0.0196664     0.021866     0.0178099     0.0208922     0.0188262
675    0.015274     0.018555     0.020275     0.0227956     0.0181851     0.0213218     0.0195582
685    0.0148476     0.0198364     0.0206094     0.0234219     0.0183147     0.0214317     0.0200468
695    0.0139533     0.0201046     0.0203138     0.0232347     0.0179467     0.0208843     0.0199242
705    0.0131777     0.0196789     0.0201238     0.0230852     0.0177234     0.0199148     0.0204303
715    0.0120229     0.0189978     0.018843     0.0215897     0.016599     0.018793     0.0189019
725    0.0112316     0.0176951     0.0168606     0.0191854     0.014927     0.0166494     0.0170042
735    0.0096976     0.0162774     0.0150865     0.0170139     0.0134496     0.0146819     0.0153612
745    0.0085929     0.0147108     0.0132699     0.0148083     0.0119327     0.0127169     0.0136448
755    0.00749536     0.0126992     0.0112702     0.0124264     0.0102393     0.0106181     0.0117116
765    0.0068872     0.0110879     0.0094438     0.0102733     0.00868344     0.00874953     0.00991318
775    0.0059027     0.00958296     0.0082035     0.00882518     0.00762057     0.00747635     0.00869422
785    0.00521012     0.00835688     0.00672538     0.00716068     0.00630822     0.00602376     0.00719784
795    0.00461627     0.00715848     0.005681     0.00598935     0.00537913     0.0049794     0.0061526
805    0.00403387     0.00610908     0.00479993     0.00501083     0.00458868     0.00413643     0.00524519
815    0.00350012     0.00531724     0.0040409     0.00418569     0.0038928     0.00342216     0.00445522
825    0.00316671     0.0045403     0.00330764     0.00340284     0.00320775     0.0027069     0.00370952
835    0.00280468     0.00405073     0.00292886     0.00299055     0.00286215     0.00237603     0.00329749
845    0.00244694     0.0034462     0.00249212     0.00252725     0.00245199     0.00196998     0.00283945
855    0.00225662     0.0033419     0.00212042     0.00213825     0.00209786     0.00160929     0.00245998
865    0.00196614     0.00251175     0.00185642     0.00186146     0.00184707     0.00138609     0.00216775
875    0.00171143     0.00240958     0.0015828     0.00158529     0.00157675     0.00113962     0.00187542
885    0.00161841     0.00204984     0.00132945     0.00133838     0.0013174     0.000926237     0.0015952
895    0.00144956     0.00185188     0.00131367     0.00132924     0.00129505     0.000906003     0.00158135
905    0.00126783     0.00170714     0.00116893     0.00118841     0.00114682     0.000803402     0.0014083
915    0.00112616     0.00154536     0.000972767     0.00099488     0.000948451     0.000627283     0.00119858
925    0.000988792     0.00144958     0.000778719     0.000801583     0.000754044     0.00046083     0.00098571
935    0.000944432     0.00124949     0.00069506     0.000720398     0.000668069     0.000364559     0.000909677
945    0.000845696     0.00108984     0.000653827     0.000679729     0.000626479     0.00037234     0.00083627
955    0.00085142     0.00108133     0.000567668     0.000594581     0.000539471     0.000290656     0.000746601
965    0.000744098     0.00101108     0.000516318     0.000542371     0.000489207     0.000288808     0.000662631
975    0.000685429     0.00085144     0.000409076     0.000434006     0.000383272     0.000182409     0.000554332
985    0.000578107     0.000727981     0.000394681     0.000421435     0.00036711     0.000166867     0.000540234
995    0.000579538     0.000691795     0.000352637     0.000379444     0.000325089     0.000135974     0.000490715
1005    0.000496542     0.000700309     0.00028682     0.000313979     0.000259006     5.37208e-05     0.000434921
1015    0.000473647     0.00056195     0.000277106     0.000302923     0.00025071     8.37086e-05     0.00039958
1025    0.000442166     0.000489578     0.000271548     0.000298331     0.000244241     8.46868e-05     0.000389475
1035    0.000383497     0.000564079     0.000244931     0.000271474     0.000217903     6.94316e-05     0.000355279
1045    0.000366325     0.00045552     0.000210927     0.000237359     0.000184053     3.37574e-05     0.000321907
1055    0.000341999     0.000493835     0.000163648     0.000188248     0.000138697     -6.21772e-06     0.000269631
1065    0.000364894     0.000400177     0.000178765     0.000203498     0.000153672     3.24511e-05     0.000269682
1075    0.000261865     0.000338447     0.000174829     0.000200999     0.000148344     2.71812e-05     0.000266182
1085    0.000271882     0.000344833     0.000113705     0.000136517     9.0641e-05     -2.97934e-05     0.000202105
1095    0.000243263     0.000268204     9.04719e-05     0.000110077     7.06578e-05     -2.85476e-05     0.000163444
1105    0.000231815     0     0.000124594     0.000148439     0.000100491     4.49867e-07     0.000200389
1115    0.000223229     0     0.000102364     0.000126109     7.84091e-05     -2.49738e-05     0.000179716
1125    0.000226091     0     7.20608e-05     8.37882e-05     6.0238e-05     -4.28496e-05     0.000141539
1135    0.000191748     0     7.16574e-05     7.16574e-05     7.16574e-05     -3.15425e-05     0.000133753
1145    0.000171715     0     7.08401e-05     7.08401e-05     7.08401e-05     -5.8059e-05     0.000148008
1155    0.000144527     0     0.000102999     0.000102999     0.000102999     1.32795e-05     0.000156456
1165    0.000167422     0     5.49061e-05     5.49061e-05     5.49061e-05     -4.32494e-05     0.000113081
1175    0.000155974     0     7.9753e-05     7.9753e-05     7.9753e-05     -1.99987e-05     0.000138595
1185    0.000158836     0     5.74463e-05     5.74463e-05     5.74463e-05     -4.53601e-05     0.000117774
1195    0.000128786     0     4.39734e-05     4.39734e-05     4.39734e-05     -4.74434e-05     9.73259e-05
1205    8.72884e-05     0     4.76683e-05     4.76683e-05     4.76683e-05     -2.40627e-05     8.93217e-05
1215    0.00010446     0     2.34512e-05     2.34512e-05     2.34512e-05     -6.94265e-05     7.71135e-05
1225    0.000107322     0     4.39932e-05     4.39932e-05     4.39932e-05     -2.44069e-05     8.32942e-05
1235    9.15813e-05     0     2.86069e-05     2.86069e-05     2.86069e-05     -3.58145e-05     6.54206e-05
1245    0.000113046     0     3.94623e-05     3.94623e-05     3.94623e-05     -4.24555e-05     8.60282e-05
1255    6.29621e-05     0     3.89754e-06     3.89754e-06     3.89754e-06     -7.55182e-05     4.87974e-05
1265    8.72884e-05     0     2.91435e-05     2.91435e-05     2.91435e-05     -2.63623e-05     6.0356e-05
1275    6.58241e-05     0     2.15065e-05     2.15065e-05     2.15065e-05     -5.81494e-05     6.60368e-05
1285    6.29621e-05     0     2.40554e-05     2.40554e-05     2.40554e-05     -4.45126e-05     6.21841e-05
1295    6.8686e-05     0     1.90414e-05     1.90414e-05     1.90414e-05     -4.7312e-05     5.57293e-05
1305    7.15479e-05     0     9.57901e-06     9.57901e-06     9.57901e-06     -6.84514e-05     5.247e-05
1315    7.01169e-05     0     3.18576e-05     3.18576e-05     3.18576e-05     -2.46628e-05     6.27458e-05
1325    6.01002e-05     0     3.03852e-05     3.03852e-05     3.03852e-05     -1.27371e-05     5.38159e-05
1335    4.86526e-05     0     3.29704e-05     3.29704e-05     3.29704e-05     -1.86998e-05     6.08809e-05
1345    4.57907e-05     0     2.55469e-05     2.55469e-05     2.55469e-05     -1.25878e-05     4.60253e-05
1355    5.43764e-05     0     1.33948e-05     1.33948e-05     1.33948e-05     -2.06529e-05     3.15622e-05
1365    5.72383e-05     0     1.63996e-05     1.63996e-05     1.63996e-05     -3.80449e-05     4.52984e-05
1375    4.86526e-05     0     2.83209e-05     2.83209e-05     2.83209e-05     -5.82712e-06     4.63304e-05
1385    7.01169e-05     0     1.34892e-05     1.34892e-05     1.34892e-05     -2.85833e-05     3.55467e-05
1395    4.57907e-05     0     9.42736e-06     9.42736e-06     9.42736e-06     -1.76168e-05     2.35156e-05
1405    2.57572e-05     0     1.46528e-05     1.46528e-05     1.46528e-05     -3.02028e-05     3.78591e-05
1415    5.43764e-05     0     3.92974e-06     3.92974e-06     3.92974e-06     -4.08162e-05     2.69405e-05
1425    4.00668e-05     0     1.47318e-05     1.47318e-05     1.47318e-05     -2.2444e-05     3.37243e-05
1435    4.14978e-05     0     1.96485e-05     1.96485e-05     1.96485e-05     -9.95425e-06     3.4677e-05
1445    2.43263e-05     0     1.93587e-05     1.93587e-05     1.93587e-05     -5.06174e-07     2.93786e-05
1455    2.86192e-05     0     1.87766e-05     1.87766e-05     1.87766e-05     -1.10247e-05     3.37005e-05
1465    3.14811e-05     0     9.16797e-06     9.16797e-06     9.16797e-06     -2.82538e-05     2.77933e-05
1475    2.57572e-05     0     1.09315e-05     1.09315e-05     1.09315e-05     -2.19334e-05     2.71858e-05
1485    3.14811e-05     0     6.61907e-06     6.61907e-06     6.61907e-06     -2.20823e-05     2.07062e-05
1495    2.43263e-05     0     1.62671e-05     1.62671e-05     1.62671e-05     -2.02093e-06     2.51821e-05
1505    2.14644e-05     0     5.73959e-06     5.73959e-06     5.73959e-06     -1.18051e-05     1.42449e-05
1515    2.28953e-05     0     -9.39705e-06     -9.39705e-06     -9.39705e-06     -5.10185e-05     1.06237e-05
1525    2.57572e-05     0     9.91226e-06     9.91226e-06     9.91226e-06     -1.31379e-05     2.09242e-05
1535    1.43096e-05     0     1.03018e-05     1.03018e-05     1.03018e-05     -5.92111e-06     1.79985e-05
1545    1.43096e-05     0     -3.30823e-06     -3.30823e-06     -3.30823e-06     -3.08663e-05     9.6714e-06
1555    7.15479e-06     0     -1.704e-06     -1.704e-06     -1.704e-06     -3.96097e-05     1.60323e-05
1565    2.86192e-05     0     -3.85146e-06     -3.85146e-06     -3.85146e-06     -3.96948e-05     1.2794e-05
1575    4.29287e-06     0     1.25306e-05     1.25306e-05     1.25306e-05     -1.58124e-05     2.55971e-05
1585    8.58575e-06     0     -1.0842e-07     -1.0842e-07     -1.0842e-07     -2.51197e-05     1.13333e-05
1595    5.72383e-06     0     6.27679e-06     6.27679e-06     6.27679e-06     -1.94088e-06     1.00136e-05
1605    1.28786e-05     0     -6.46384e-08     -6.46384e-08     -6.46384e-08     -1.28621e-05     5.71612e-06
1615    1.28786e-05     0     -5.05546e-06     -5.05546e-06     -5.05546e-06     -3.73804e-05     9.43517e-06
1625    1.86025e-05     0     1.11263e-05     1.11263e-05     1.11263e-05     -4.07911e-06     1.78933e-05
1635    2.00334e-05     0     4.17089e-06     4.17089e-06     4.17089e-06     -1.61524e-06     6.72454e-06
1645    1.00167e-05     0     5.55901e-06     5.55901e-06     5.55901e-06     -2.24143e-06     8.98015e-06
1655    1.43096e-05     0     -2.95748e-06     -2.95748e-06     -2.95748e-06     -2.63483e-05     7.22273e-06
1665    4.29287e-06     0     4.87753e-06     4.87753e-06     4.87753e-06     -2.09811e-06     7.89302e-06
1675    1.71715e-05     0     5.56345e-06     5.56345e-06     5.56345e-06     -2.54153e-06     9.03659e-06
1685    4.29287e-06     0     6.255e-06     6.255e-06     6.255e-06     -2.97332e-06     1.01824e-05
1695    1.28786e-05     0     6.1365e-07     6.1365e-07     6.1365e-07     -1.4812e-05     7.1226e-06
1705    4.29287e-06     0     1.29079e-06     1.29079e-06     1.29079e-06     -1.5371e-05     8.27771e-06
1715    7.15479e-06     0     5.5684e-06     5.5684e-06     5.5684e-06     -2.9317e-06     9.10571e-06
1725    5.72383e-06     0     3.93504e-06     3.93504e-06     3.93504e-06     -7.10355e-06     8.49342e-06
1735    4.29287e-06     0     4.18516e-06     4.18516e-06     4.18516e-06     -2.34307e-06     6.85923e-06
1745    8.58575e-06     0     4.90009e-06     4.90009e-06     4.90009e-06     -2.7687e-06     8.02135e-06
1755    4.29287e-06     0     4.8969e-06     4.8969e-06     4.8969e-06     -2.88683e-06     8.0371e-06
1765    7.15479e-06     0     6.29615e-06     6.29615e-06     6.29615e-06     -3.82403e-06     1.03505e-05
1775    5.72383e-06     0     -7.27881e-07     -7.27881e-07     -7.27881e-07     -1.53539e-05     5.08596e-06
1785    5.72383e-06     0     6.30729e-06     6.30729e-06     6.30729e-06     -4.07841e-06     1.03965e-05
1795    2.86192e-06     0     -4.20287e-06     -4.20287e-06     -4.20287e-06     -1.33107e-05     -6.35658e-07
1805    1.43096e-06     0     -4.90949e-06     -4.90949e-06     -4.90949e-06     -1.29625e-05     -1.78022e-06
1815    5.72383e-06     0     0     0     0     0     0
1825    7.15479e-06     0     0     0     0     0     0
1835    4.29287e-06     0     0     0     0     0     0
1845    1.43096e-06     0     -9.73504e-06     -9.73504e-06     -9.73504e-06     -2.65637e-05     -3.41249e-06
1855    5.72383e-06     0     0     0     0     0     0
1865    2.86192e-06     0     -4.85359e-06     -4.85359e-06     -4.85359e-06     -1.34781e-05     -1.67101e-06
1875    2.86192e-06     0     0     0     0     0     0
1885    4.29287e-06     0     -4.84308e-06     -4.84308e-06     -4.84308e-06     -1.36066e-05     -1.64747e-06
1895    1.43096e-06     0     -3.21123e-06     -3.21123e-06     -3.21123e-06     -9.1279e-06     -1.07937e-06
1905    2.86192e-06     0     0     0     0     0     0
1915    2.86192e-06     0     0     0     0     0     0
1925    7.15479e-06     0     0     0     0     0     0
1935    7.15479e-06     0     0     0     0     0     0
1945    4.29287e-06     0     -4.74803e-06     -4.74803e-06     -4.74803e-06     -1.40306e-05     -1.5335e-06
1955    4.29287e-06     0     0     0     0     0     0
1965    2.86192e-06     0     0     0     0     0     0
1975    0     0     0     0     0     0     0
1985    2.86192e-06     0     -4.70168e-06     -4.70168e-06     -4.70168e-06     -1.43287e-05     -1.47116e-06
1995    0     0     0     0     0     0     0
2005    2.86192e-06     0     0     0     0     0     0
2015    4.29287e-06     0     0     0     0     0     0
2025    4.29287e-06     0     0     0     0     0     0
2035    0     0     0     0     0     0     0
2045    1.43096e-06     0     0     0     0     0     0
2055    2.86192e-06     0     0     0     0     0     0
2065    1.43096e-06     0     0     0     0     0     0
2075    1.43096e-06     0     0     0     0     0     0
2085    1.43096e-06     0     0     0     0     0     0
2095    1.43096e-06     0     0     0     0     0     0
2105    0     0     0     0     0     0     0
2115    1.43096e-06     0     0     0     0     0     0
2125    1.43096e-06     0     0     0     0     0     0
2135    1.43096e-06     0     0     0     0     0     0
2145    0     0     0     0     0     0     0
2155    0     0     0     0     0     0     0
2165    1.43096e-06     0     0     0     0     0     0
2175    1.43096e-06     0     0     0     0     0     0
2185    1.43096e-06     0     0     0     0     0     0
2195    0     0     0     0     0     0     0
2205    2.86192e-06     0     0     0     0     0     0
2215    1.43096e-06     0     0     0     0     0     0
2225    1.43096e-06     0     0     0     0     0     0
2235    1.43096e-06     0     0     0     0     0     0
2245    1.43096e-06     0     0     0     0     0     0
2255    1.43096e-06     0     0     0     0     0     0
2265    0     0     0     0     0     0     0
2275    1.43096e-06     0     0     0     0     0     0
2285    0     0     0     0     0     0     0
2295    1.43096e-06     0     0     0     0     0     0
2305    0     0     0     0     0     0     0
2315    0     0     0     0     0     0     0
2325    2.86192e-06     0     0     0     0     0     0
2335    0     0     0     0     0     0     0
2345    1.43096e-06     0     0     0     0     0     0
2355    0     0     0     0     0     0     0
2365    0     0     0     0     0     0     0
2375    0     0     0     0     0     0     0
2385    1.43096e-06     0     0     0     0     0     0
2395    0     0     0     0     0     0     0
