5    0     0     0     0     0     0     0
15    0     0     0     0     0     0     0
25    0.000123582     0     0     0     0     0     0
35    0.000267761     0     0     0     0     0     0
45    0.00041606     0     0     0     0     0     0
55    0.000584956     0     0     0     0     0     0
65    0.000663225     0     0     0     0     0     0
75    0.000992777     0     0     0     0     0     0
85    0.00115755     0     0     0     0     0     0
95    0.00105045     0     0     0     0     0     0
105    0.00134293     0     0     0     0     0     0
115    0.00139236     0     0     0     0     0     0
125    0.00142531     0     0     0     0     0     0
135    0.00172603     0     0     0     0     0     0
145    0.00192788     0     0     0     0     0     0
155    0.00202675     0     0     0     0     0     0
165    0.00210502     1.57367e-05     1.57367e-05     1.57367e-05     1.57367e-05     1.57367e-05     1.57367e-05
175    0.00234394     3.14735e-05     3.14735e-05     3.14735e-05     3.14735e-05     3.14735e-05     3.14735e-05
185    0.00262406     3.54077e-05     3.54077e-05     3.54077e-05     3.54077e-05     3.54077e-05     3.54077e-05
195    0.00243045     1.96709e-05     1.96709e-05     1.96709e-05     1.96709e-05     1.96709e-05     1.96709e-05
205    0.00281356     8.26179e-05     8.26179e-05     8.26179e-05     8.26179e-05     8.26179e-05     8.26179e-05
215    0.00295773     6.2947e-05     0.00140678     0.00140678     0.00140678     0.00198965     0.00100579
225    0.00319666     8.65521e-05     0.00145969     0.00145969     0.00145969     0.00205805     0.00104795
235    0.00329141     0.000161302     0.00151452     0.00151452     0.00151452     0.00210467     0.00110788
245    0.00353033     0.000145565     0.00146283     0.00146283     0.00146283     0.00203819     0.00106598
255    0.00355917     0.000157367     0.00143016     0.00143016     0.00143016     0.00198386     0.00104721
265    0.00381869     0.000180973     0.0014213     0.0014213     0.0014213     0.00195822     0.00104893
275    0.00416472     0.000322603     0.00151627     0.00151627     0.00151627     0.00203395     0.00115693
285    0.00437893     0.000397353     0.00155232     0.00155232     0.00155232     0.00205234     0.00120467
295    0.0044778     0.000326537     0.00143939     0.00143939     0.00143939     0.00192116     0.00110401
305    0.0047538     0.000515378     0.00163804     0.00163804     0.00163804     0.00212448     0.00129907
315    0.00530992     0.000586194     0.00167946     0.00167946     0.00167946     0.00215157     0.00134977
325    0.00560239     0.000873389     0.00199296     0.00199296     0.00199296     0.0024754     0.00165542
335    0.0058578     0.000952073     0.00207929     0.00207929     0.00207929     0.00256184     0.00174066
345    0.00663637     0.00120386     0.00239106     0.00239106     0.00239106     0.00289694     0.00203513
355    0.00659929     0.00186874     0.00318603     0.00318603     0.00318603     0.00375248     0.00278816
365    0.00720072     0.00239198     0.00387945     0.00387945     0.00387945     0.00452472     0.003427
375    0.00777744     0.00289949     0.00448386     0.00450293     0.00446407     0.00517586     0.00399912
385    0.00884437     0.00365879     0.00538415     0.0054107     0.00535668     0.00614318     0.00485314
395    0.00954055     0.00446923     0.006387     0.00642178     0.00635066     0.00723535     0.005794
405    0.0100596     0.00529148     0.00733153     0.00737638     0.00728517     0.0082391     0.00669766
415    0.0113778     0.00627109     0.00843579     0.00849396     0.00837547     0.00940319     0.00776049
425    0.0121564     0.00751429     0.00989112     0.00996773     0.00981214     0.0109589     0.00914633
435    0.0137053     0.00874963     0.0114342     0.0115328     0.0113328     0.0126448     0.01059
445    0.0153983     0.0102997     0.0131927     0.0133223     0.0130599     0.0145055     0.0122784
455    0.0177176     0.0117671     0.0150984     0.0152652     0.0149281     0.0166198     0.0140401
465    0.0198061     0.0140804     0.0177873     0.0180133     0.0175574     0.0194769     0.0166103
475    0.0228833     0.0170468     0.0213303     0.0216435     0.021013     0.0232798     0.0199706
485    0.0263683     0.0200407     0.0249711     0.0253996     0.0245399     0.0272262     0.0233995
495    0.0302941     0.0239907     0.0296291     0.0302313     0.0290277     0.0322162     0.0278266
505    0.0355752     0.0293215     0.0357196     0.0365929     0.0348555     0.0386601     0.0336702
515    0.0421333     0.0354745     0.0426943     0.043962     0.0414547     0.0460334     0.0403703
525    0.0497913     0.0448222     0.0527745     0.0547408     0.0508829     0.0564709     0.0502043
535    0.0590929     0.0544019     0.062745     0.0656725     0.0599794     0.06662     0.0600477
545    0.0665078     0.0676995     0.0760118     0.0804763     0.0718888     0.0798683     0.0733244
555    0.0727858     0.0809813     0.0883316     0.0948142     0.082497     0.0917475     0.085951
565    0.0750391     0.0904508     0.0955637     0.104039     0.088115     0.0979493     0.0939023
575    0.0720072     0.0951837     0.0972865     0.107011     0.0888632     0.0982703     0.0966014
585    0.0653709     0.09038     0.0893904     0.0986127     0.0814035     0.0888965     0.0897436
595    0.0552248     0.0801118     0.0766907     0.0840907     0.0701783     0.0750832     0.0778101
605    0.0455236     0.0660589     0.0612517     0.0663593     0.0566379     0.0589828     0.0628302
615    0.0373136     0.0523011     0.0470472     0.0502759     0.0440469     0.0445603     0.0487767
625    0.0302859     0.0413011     0.03609     0.0380737     0.0342001     0.0336197     0.0378083
635    0.024251     0.0326773     0.0277509     0.0289406     0.0265919     0.0254096     0.0293792
645    0.020181     0.0261033     0.0216236     0.0223508     0.0209018     0.0194866     0.0231087
655    0.0159133     0.0208827     0.0168445     0.0172874     0.0163985     0.0149147     0.0181859
665    0.0132439     0.0168777     0.0132529     0.0135227     0.012977     0.011516     0.0144597
675    0.0109535     0.0139664     0.0107323     0.0108977     0.0105611     0.00917706     0.0118122
685    0.00953231     0.0114642     0.00864096     0.00873876     0.00853811     0.00728127     0.00958527
695    0.00803284     0.00968596     0.00710964     0.00716603     0.00704879     0.00586399     0.00797413
705    0.00684234     0.00827753     0.00591546     0.00594416     0.00588294     0.00476881     0.0067106
715    0.00603905     0.00710514     0.0050214     0.00503237     0.00500768     0.0040076     0.00572421
725    0.0048609     0.00604291     0.00418452     0.004187     0.00418093     0.00327646     0.00481345
735    0.00439953     0.00511051     0.0034955     0.00350307     0.00348631     0.00270328     0.00404379
745    0.00365803     0.00443776     0.00296695     0.00298035     0.0029523     0.00224277     0.00346778
755    0.00345618     0.00409942     0.0026295     0.00264751     0.00261035     0.00190317     0.0031315
765    0.00306072     0.00343848     0.00215297     0.00217265     0.00213237     0.00151562     0.0025932
775    0.00269409     0.00317489     0.00197978     0.00200214     0.00195659     0.00138467     0.00239042
785    0.00232747     0.00282474     0.00174796     0.00177148     0.00172373     0.00120917     0.0021193
795    0.00215033     0.00254542     0.00149948     0.00152406     0.00147432     0.000973637     0.00186147
805    0.00180842     0.00224642     0.00131822     0.0013427     0.00129326     0.000849772     0.00164042
815    0.00170132     0.00196709     0.00115111     0.00115174     0.00115048     0.000737082     0.00143547
825    0.00156949     0.0017035     0.000893628     0.000893628     0.000893628     0.000482157     0.00117627
835    0.00144179     0.00167203     0.000942879     0.000942879     0.000942879     0.000569323     0.00119883
845    0.00132233     0.00132582     0.000699674     0.000699674     0.000699674     0.000377057     0.000920362
855    0.00113284     0.00127074     0.000617527     0.000617527     0.000617527     0.000280188     0.0008482
865    0.0010834     0.00129435     0.000667628     0.000667628     0.000667628     0.000341109     0.000890301
875    0.000992777     0.000971744     0.000443289     0.000443289     0.000443289     0.000166163     0.000631913
885    0.00083212     0.00102289     0.000484113     0.000484113     0.000484113     0.000200621     0.000676909
895    0.000774449     0.000936336     0.000442094     0.000442094     0.000442094     0.000179668     0.000620045
905    0.000803284     0.000822245     0.000404616     0.000404616     0.000404616     0.000181423     0.000555669
915    0.00076209     0.000743561     0.000331391     0.000331391     0.000331391     0.000110277     0.000480896
925    0.000646747     0.000668811     0.000268772     0.000268772     0.000268772     5.22825e-05     0.000414727
935    0.000601433     0.00055472     0.000162045     0.000162045     0.000162045     -5.17413e-05     0.000305916
945    0.000519045     0.000590128     0.00024575     0.00024575     0.00024575     5.74818e-05     0.000372306
955    0.00048609     0.000511444     0.000180154     0.000180154     0.000180154     -2.23309e-06     0.000302486
965    0.000395463     0.000546852     0.000254304     0.000254304     0.000254304     9.14982e-05     0.000363086
975    0.000366627     0.0004603     0.000168677     0.000168677     0.000168677     5.18449e-06     0.000277653
985    0.000399582     0.00043276     0.00015112     0.00015112     0.00015112     -7.90466e-06     0.000256863
995    0.000341911     0.000413089     0.000140838     0.000140838     0.000140838     -1.36109e-05     0.000243403
1005    0.000325433     0.000342274     0.000342274     0.000342274     0.000342274     0.000342274     0.000342274
1015    0.000387224     0.000302932     0.000302932     0.000302932     0.000302932     0.000302932     0.000302932
1025    0.000284239     0.000318669     0.000318669     0.000318669     0.000318669     0.000318669     0.000318669
1035    0.000267761     0.000350142     0.000350142     0.000350142     0.000350142     0.000350142     0.000350142
1045    0.000214209     0.000283261     0.000283261     0.000283261     0.000283261     0.000283261     0.000283261
1055    0.000226567     0.000287195     0.000287195     0.000287195     0.000287195     0.000287195     0.000287195
1065    0.000230687     0.000192775     0.000192775     0.000192775     0.000192775     0.000192775     0.000192775
1075    0.000156537     0.00021638     0.00021638     0.00021638     0.00021638     0.00021638     0.00021638
1085    0.000160657     0.000251788     0.000251788     0.000251788     0.000251788     0.000251788     0.000251788
1095    0.000127702     0.000204578     0.000204578     0.000204578     0.000204578     0.000204578     0.000204578
1105    0.00021009     0.000212446     0.000212446     0.000212446     0.000212446     0.000212446     0.000212446
1115    0.000168896     0.000200643     0.000200643     0.000200643     0.000200643     0.000200643     0.000200643
1125    0.00013594     0.000177038     0.000177038     0.000177038     0.000177038     0.000177038     0.000177038
1135    0.000144179     0.000204578     0.000204578     0.000204578     0.000204578     0.000204578     0.000204578
1145    8.65076e-05     0.000208512     0.000208512     0.000208512     0.000208512     0.000208512     0.000208512
1155    0.000123582     0.000165236     0.000165236     0.000165236     0.000165236     0.000165236     0.000165236
1165    0.000144179     0.000153433     0.000153433     0.000153433     0.000153433     0.000153433     0.000153433
1175    0.000123582     0.00012196     0.00012196     0.00012196     0.00012196     0.00012196     0.00012196
1185    0.000123582     9.04863e-05     9.04863e-05     9.04863e-05     9.04863e-05     9.04863e-05     9.04863e-05
1195    9.88658e-05     0.000137696     0.000137696     0.000137696     0.000137696     0.000137696     0.000137696
1205    9.47464e-05     0.000110157     0.000110157     0.000110157     0.000110157     0.000110157     0.000110157
1215    6.17911e-05     0.000118026     0.000118026     0.000118026     0.000118026     0.000118026     0.000118026
1225    7.41493e-05     9.44204e-05     9.44204e-05     9.44204e-05     9.44204e-05     9.44204e-05     9.44204e-05
1235    9.0627e-05     9.44204e-05     9.44204e-05     9.44204e-05     9.44204e-05     9.44204e-05     9.44204e-05
1245    0.000111224     9.04863e-05     9.04863e-05     9.04863e-05     9.04863e-05     9.04863e-05     9.04863e-05
1255    7.82687e-05     8.26179e-05     8.26179e-05     8.26179e-05     8.26179e-05     8.26179e-05     8.26179e-05
1265    5.76717e-05     7.86837e-05     7.86837e-05     7.86837e-05     7.86837e-05     7.86837e-05     7.86837e-05
1275    7.41493e-05     5.50786e-05     5.50786e-05     5.50786e-05     5.50786e-05     5.50786e-05     5.50786e-05
1285    6.59105e-05     5.90128e-05     5.90128e-05     5.90128e-05     5.90128e-05     5.90128e-05     5.90128e-05
1295    5.76717e-05     5.11444e-05     5.11444e-05     5.11444e-05     5.11444e-05     5.11444e-05     5.11444e-05
1305    6.59105e-05     9.83546e-05     9.83546e-05     9.83546e-05     9.83546e-05     9.83546e-05     9.83546e-05
1315    6.17911e-05     7.86837e-05     7.86837e-05     7.86837e-05     7.86837e-05     7.86837e-05     7.86837e-05
1325    6.17911e-05     7.86837e-05     7.86837e-05     7.86837e-05     7.86837e-05     7.86837e-05     7.86837e-05
1335    6.17911e-05     5.90128e-05     5.90128e-05     5.90128e-05     5.90128e-05     5.90128e-05     5.90128e-05
1345    3.70747e-05     4.3276e-05     4.3276e-05     4.3276e-05     4.3276e-05     4.3276e-05     4.3276e-05
1355    2.88359e-05     4.72102e-05     4.72102e-05     4.72102e-05     4.72102e-05     4.72102e-05     4.72102e-05
1365    2.88359e-05     4.72102e-05     4.72102e-05     4.72102e-05     4.72102e-05     4.72102e-05     4.72102e-05
1375    2.88359e-05     3.54077e-05     3.54077e-05     3.54077e-05     3.54077e-05     3.54077e-05     3.54077e-05
1385    3.29553e-05     5.11444e-05     5.11444e-05     5.11444e-05     5.11444e-05     5.11444e-05     5.11444e-05
1395    2.0597e-05     2.36051e-05     2.36051e-05     2.36051e-05     2.36051e-05     2.36051e-05     2.36051e-05
1405    1.64776e-05     5.11444e-05     5.11444e-05     5.11444e-05     5.11444e-05     5.11444e-05     5.11444e-05
1415    2.0597e-05     3.54077e-05     3.54077e-05     3.54077e-05     3.54077e-05     3.54077e-05     3.54077e-05
1425    8.23881e-06     3.54077e-05     3.54077e-05     3.54077e-05     3.54077e-05     3.54077e-05     3.54077e-05
1435    5.35523e-05     2.75393e-05     2.75393e-05     2.75393e-05     2.75393e-05     2.75393e-05     2.75393e-05
1445    2.0597e-05     2.36051e-05     2.36051e-05     2.36051e-05     2.36051e-05     2.36051e-05     2.36051e-05
1455    2.47164e-05     5.11444e-05     5.11444e-05     5.11444e-05     5.11444e-05     5.11444e-05     5.11444e-05
1465    3.29553e-05     2.75393e-05     2.75393e-05     2.75393e-05     2.75393e-05     2.75393e-05     2.75393e-05
1475    2.88359e-05     3.14735e-05     3.14735e-05     3.14735e-05     3.14735e-05     3.14735e-05     3.14735e-05
1485    1.23582e-05     1.18026e-05     1.18026e-05     1.18026e-05     1.18026e-05     1.18026e-05     1.18026e-05
1495    8.23881e-06     3.54077e-05     3.54077e-05     3.54077e-05     3.54077e-05     3.54077e-05     3.54077e-05
1505    1.23582e-05     2.36051e-05     2.36051e-05     2.36051e-05     2.36051e-05     2.36051e-05     2.36051e-05
1515    1.23582e-05     2.36051e-05     2.36051e-05     2.36051e-05     2.36051e-05     2.36051e-05     2.36051e-05
1525    1.64776e-05     2.36051e-05     2.36051e-05     2.36051e-05     2.36051e-05     2.36051e-05     2.36051e-05
1535    8.23881e-06     2.36051e-05     2.36051e-05     2.36051e-05     2.36051e-05     2.36051e-05     2.36051e-05
1545    2.47164e-05     1.18026e-05     1.18026e-05     1.18026e-05     1.18026e-05     1.18026e-05     1.18026e-05
1555    0     1.57367e-05     1.57367e-05     1.57367e-05     1.57367e-05     1.57367e-05     1.57367e-05
1565    4.11941e-06     1.57367e-05     1.57367e-05     1.57367e-05     1.57367e-05     1.57367e-05     1.57367e-05
1575    2.0597e-05     1.18026e-05     1.18026e-05     1.18026e-05     1.18026e-05     1.18026e-05     1.18026e-05
1585    1.23582e-05     1.96709e-05     1.96709e-05     1.96709e-05     1.96709e-05     1.96709e-05     1.96709e-05
1595    1.64776e-05     1.96709e-05     1.96709e-05     1.96709e-05     1.96709e-05     1.96709e-05     1.96709e-05
1605    1.64776e-05     2.36051e-05     2.36051e-05     2.36051e-05     2.36051e-05     2.36051e-05     2.36051e-05
1615    1.64776e-05     1.18026e-05     1.18026e-05     1.18026e-05     1.18026e-05     1.18026e-05     1.18026e-05
1625    8.23881e-06     1.96709e-05     1.96709e-05     1.96709e-05     1.96709e-05     1.96709e-05     1.96709e-05
1635    1.23582e-05     3.93418e-06     3.93418e-06     3.93418e-06     3.93418e-06     3.93418e-06     3.93418e-06
1645    4.11941e-06     3.93418e-06     3.93418e-06     3.93418e-06     3.93418e-06     3.93418e-06     3.93418e-06
1655    0     0     0     0     0     0     0
1665    0     0     0     0     0     0     0
1675    0     0     0     0     0     0     0
1685    0     0     0     0     0     0     0
1695    0     0     0     0     0     0     0
1705    0     0     0     0     0     0     0
1715    0     0     0     0     0     0     0
1725    0     0     0     0     0     0     0
1735    0     0     0     0     0     0     0
1745    0     0     0     0     0     0     0
1755    0     0     0     0     0     0     0
1765    0     0     0     0     0     0     0
1775    0     0     0     0     0     0     0
1785    0     0     0     0     0     0     0
1795    0     0     0     0     0     0     0
1805    0     0     0     0     0     0     0
1815    0     0     0     0     0     0     0
1825    0     0     0     0     0     0     0
1835    0     0     0     0     0     0     0
1845    0     0     0     0     0     0     0
1855    0     0     0     0     0     0     0
1865    0     0     0     0     0     0     0
1875    0     0     0     0     0     0     0
1885    0     0     0     0     0     0     0
1895    0     0     0     0     0     0     0
1905    0     0     0     0     0     0     0
1915    0     0     0     0     0     0     0
1925    0     0     0     0     0     0     0
1935    0     0     0     0     0     0     0
1945    0     0     0     0     0     0     0
1955    0     0     0     0     0     0     0
1965    0     0     0     0     0     0     0
1975    0     0     0     0     0     0     0
1985    0     0     0     0     0     0     0
1995    0     0     0     0     0     0     0
2005    0     0     0     0     0     0     0
2015    0     0     0     0     0     0     0
2025    0     0     0     0     0     0     0
2035    0     0     0     0     0     0     0
2045    0     0     0     0     0     0     0
2055    0     0     0     0     0     0     0
2065    0     0     0     0     0     0     0
2075    0     0     0     0     0     0     0
2085    0     0     0     0     0     0     0
2095    0     0     0     0     0     0     0
2105    0     0     0     0     0     0     0
2115    0     0     0     0     0     0     0
2125    0     0     0     0     0     0     0
2135    0     0     0     0     0     0     0
2145    0     0     0     0     0     0     0
2155    0     0     0     0     0     0     0
2165    0     0     0     0     0     0     0
2175    0     0     0     0     0     0     0
2185    0     0     0     0     0     0     0
2195    0     0     0     0     0     0     0
2205    0     0     0     0     0     0     0
2215    0     0     0     0     0     0     0
2225    0     0     0     0     0     0     0
2235    0     0     0     0     0     0     0
2245    0     0     0     0     0     0     0
2255    0     0     0     0     0     0     0
2265    0     0     0     0     0     0     0
2275    0     0     0     0     0     0     0
2285    0     0     0     0     0     0     0
2295    0     0     0     0     0     0     0
2305    0     0     0     0     0     0     0
2315    0     0     0     0     0     0     0
2325    0     0     0     0     0     0     0
2335    0     0     0     0     0     0     0
2345    0     0     0     0     0     0     0
2355    0     0     0     0     0     0     0
2365    0     0     0     0     0     0     0
2375    0     0     0     0     0     0     0
2385    0     0     0     0     0     0     0
2395    0     0     0     0     0     0     0
