5    9.13978e-06     0     0     0     0     0     0
15    0.000173656     0     0     0     0     0     0
25    0.000283333     0     0     0     0     0     0
35    0.000566666     0     0     0     0     0     0
45    0.000658064     0     0     0     0     0     0
55    0.000913978     0     0     0     0     0     0
65    0.00129785     0     0     0     0     0     0
75    0.0017457     0     0     0     0     0     0
85    0.00173656     0     0     0     0     0     0
95    0.00192849     0     0     0     0     0     0
105    0.00239462     0     0     0     0     0     0
115    0.00258656     0     0     0     0     0     0
125    0.00252258     0     0     0     0     0     0
135    0.00302527     0     0     0     0     0     0
145    0.00336344     0     0     0     0     0     0
155    0.00372903     9.08113e-06     9.08113e-06     9.08113e-06     9.08113e-06     9.08113e-06     9.08113e-06
165    0.00428656     0     0     0     0     0     0
175    0.00400322     2.72434e-05     2.72434e-05     2.72434e-05     2.72434e-05     2.72434e-05     2.72434e-05
185    0.00427742     8.17302e-05     8.17302e-05     8.17302e-05     8.17302e-05     8.17302e-05     8.17302e-05
195    0.00475269     0.000118055     0.000118055     0.000118055     0.000118055     0.000118055     0.000118055
205    0.00525537     0.000127136     0.000127136     0.000127136     0.000127136     0.000127136     0.000127136
215    0.00535591     0.00016346     0.00235614     0.00235614     0.00235614     0.00354141     0.0015423
225    0.00626989     0.000181623     0.00245047     0.00245047     0.00245047     0.0036786     0.0016067
235    0.00650752     0.000263353     0.00249096     0.00249096     0.00249096     0.00369937     0.00166075
245    0.00712903     0.000299677     0.00248147     0.00248147     0.00248147     0.0036667     0.00166684
255    0.00733924     0.000372326     0.00255306     0.00255306     0.00255306     0.00373892     0.00173757
265    0.00786021     0.000581193     0.0027235     0.0027235     0.0027235     0.00388984     0.00192108
275    0.00869193     0.000708328     0.00278858     0.00278858     0.00278858     0.00392266     0.00200814
285    0.00948709     0.000753734     0.00280082     0.00280082     0.00280082     0.00391941     0.00203113
295    0.00998978     0.00105341     0.00303223     0.00303223     0.00303223     0.00411438     0.00228727
305    0.0113973     0.00121687     0.00321477     0.00321477     0.00321477     0.00430866     0.00246138
315    0.0116075     0.00155287     0.00356322     0.00356322     0.00356322     0.00466641     0.00280346
325    0.013015     0.00190704     0.00395215     0.00395215     0.00395215     0.0050748     0.00317844
335    0.0143586     0.00239742     0.0045204     0.0045204     0.0045204     0.00568544     0.00371671
345    0.0158758     0.00331461     0.00573379     0.00573379     0.00573379     0.00707156     0.00481264
355    0.017393     0.00434078     0.00695836     0.00695836     0.00695836     0.00841853     0.00595558
365    0.0187183     0.00595722     0.0088935     0.0088935     0.0088935     0.0105487     0.00776102
375    0.021515     0.00843637     0.0119562     0.011996     0.0119153     0.0139601     0.01059
385    0.0232882     0.0104342     0.0142658     0.0143251     0.0142048     0.0164688     0.0127693
395    0.0272091     0.0127862     0.0170687     0.0171505     0.0169845     0.0195411     0.0153911
405    0.031386     0.0167547     0.0216965     0.0218186     0.0215711     0.0245614     0.0197548
415    0.0353435     0.0207504     0.0265764     0.0267499     0.0263984     0.029967     0.0242806
425    0.0418236     0.0258267     0.0328329     0.033085     0.0325758     0.036916     0.0300683
435    0.0495011     0.0322199     0.0402456     0.0406174     0.0398676     0.0449325     0.0370729
445    0.0589424     0.0414009     0.051268     0.0518431     0.0506853     0.0570449     0.0473593
455    0.0695903     0.0535333     0.0652807     0.0661938     0.0643623     0.0721628     0.0606226
465    0.0884639     0.0676181     0.0813424     0.0827841     0.0799046     0.0893919     0.0758932
475    0.110948     0.0904299     0.106833     0.109311     0.104391     0.116466     0.100311
485    0.136896     0.118127     0.136704     0.140967     0.132578     0.147627     0.129308
495    0.173181     0.158175     0.177702     0.185275     0.170533     0.189197     0.169918
505    0.20559     0.212571     0.231146     0.244484     0.218861     0.242089     0.223734
515    0.227407     0.260928     0.274111     0.294284     0.256     0.281892     0.268842
525    0.223998     0.288326     0.292302     0.316439     0.270874     0.294686     0.290678
535    0.196889     0.269837     0.264161     0.284877     0.245552     0.260804     0.266435
545    0.159681     0.218401     0.206713     0.22005     0.1944     0.199797     0.2114
555    0.121778     0.167847     0.153844     0.161342     0.146708     0.145537     0.15947
565    0.0923666     0.121878     0.108324     0.112193     0.104547     0.100297     0.113768
575    0.070815     0.0910928     0.0787134     0.0807762     0.076666     0.0713873     0.0836868
585    0.0538881     0.0687987     0.0579363     0.0590564     0.0568073     0.0515026     0.0623047
595    0.042436     0.0533698     0.0438097     0.044436     0.0431712     0.0381169     0.0476683
605    0.0340091     0.0437438     0.035139     0.0355083     0.0347588     0.0300014     0.0386191
615    0.0278672     0.0334731     0.0262573     0.0264556     0.0260507     0.0219534     0.0291759
625    0.0221274     0.0279154     0.0213935     0.021505     0.0212757     0.0174871     0.024039
635    0.0197419     0.0222125     0.016576     0.0166296     0.0165175     0.0131995     0.0188638
645    0.0167258     0.0182077     0.0134853     0.0135053     0.0134616     0.0106472     0.0154066
655    0.0127957     0.0160191     0.0116082     0.0116113     0.0116021     0.00894082     0.0134098
665    0.0112876     0.0135581     0.00959997     0.00961155     0.00958661     0.00719916     0.0112202
675    0.0100263     0.0114695     0.00809193     0.0081128     0.00806973     0.00604     0.00947661
685    0.00877419     0.0102435     0.00707386     0.00710123     0.0070452     0.00514979     0.00837349
695    0.00766828     0.00842729     0.00562493     0.00562827     0.0056214     0.00392092     0.00677561
705    0.00637957     0.00785518     0.00528071     0.00528071     0.00528071     0.00371076     0.00634009
715    0.00543817     0.00716501     0.00456997     0.00456997     0.00456997     0.00297965     0.00564123
725    0.0051     0.00592998     0.00375436     0.00375436     0.00375436     0.0024172     0.0046544
735    0.00421344     0.00541236     0.00337339     0.00337339     0.00337339     0.00211999     0.00421749
745    0.00400322     0.00486749     0.00304208     0.00304208     0.00304208     0.00191327     0.00380059
755    0.00408548     0.00426813     0.00254327     0.00254327     0.00254327     0.0014732     0.00326163
765    0.00350968     0.00380499     0.00224116     0.00224116     0.00224116     0.00127007     0.00289312
775    0.00300699     0.00388673     0.00220558     0.00220558     0.00220558     0.00115568     0.00290896
785    0.00271451     0.00301494     0.00168295     0.00168295     0.00168295     0.000848006     0.00224166
795    0.00216613     0.00300586     0.00158698     0.00158698     0.00158698     0.000696357     0.00218286
805    0.00207473     0.00263353     0.00143028     0.00143028     0.00143028     0.000671044     0.0019373
815    0.00213871     0.00247007     0.00124467     0.00124467     0.00124467     0.000467039     0.00176286
825    0.00203817     0.00227028     0.0012422     0.0012422     0.0012422     0.000587662     0.00167791
835    0.00173656     0.00207958     0.00098431     0.00098431     0.00098431     0.00028388     0.00144983
845    0.0015172     0.00184347     0.000963432     0.000963432     0.000963432     0.000397974     0.00133859
855    0.00130699     0.00152563     0.000612702     0.000612702     0.000612702     2.33862e-05     0.00100302
865    0.00118817     0.00149839     0.000706716     0.000706716     0.000706716     0.000192876     0.00104633
875    0.00119731     0.00134401     0.000518041     0.000518041     0.000518041     -2.00943e-05     0.000873276
885    0.00119731     0.00127136     0.000534607     0.000534607     0.000534607     5.2772e-05     0.00085222
895    0.00101452     0.00118055     0.000444571     0.000444571     0.000444571     -3.95218e-05     0.000762949
905    0.000987096     0.00100801     0.000457152     0.000457152     0.000457152     9.26603e-05     0.000696313
915    0.000987096     0.0009626     0.000348672     0.000348672     0.000348672     -5.98671e-05     0.000616133
925    0.000886559     0.000953519     0.000312667     0.000312667     0.000312667     -0.000116324     0.000592832
935    0.000639785     0.000808221     0.000321507     0.000321507     0.000321507     -6.06816e-06     0.000534984
945    0.000557527     0.000935357     0.000290109     0.000290109     0.000290109     -0.000146643     0.000574089
955    0.000722043     0.000708328     0.000279967     0.000279967     0.000279967     -1.1556e-05     0.00046911
965    0.000493548     0.000617517     0.000163753     0.000163753     0.000163753     -0.000147044     0.000364854
975    0.000630645     0.00064476     0.000257956     0.000257956     0.000257956     -8.63005e-06     0.000429993
985    0.000575806     0.000617517     0.000239347     0.000239347     0.000239347     -2.30536e-05     0.000408213
995    0.000447849     0.000626598     0.000249307     0.000249307     0.000249307     -1.4178e-05     0.000418399
1005    0.000530107     0.000590274     0.000590274     0.000590274     0.000590274     0.000590274     0.000590274
1015    0.000393011     0.000544868     0.000544868     0.000544868     0.000544868     0.000544868     0.000544868
1025    0.00041129     0.000599355     0.000599355     0.000599355     0.000599355     0.000599355     0.000599355
1035    0.000365591     0.0004813     0.0004813     0.0004813     0.0004813     0.0004813     0.0004813
1045    0.000438709     0.000572111     0.000572111     0.000572111     0.000572111     0.000572111     0.000572111
1055    0.000292473     0.000354164     0.000354164     0.000354164     0.000354164     0.000354164     0.000354164
1065    0.000237634     0.000499462     0.000499462     0.000499462     0.000499462     0.000499462     0.000499462
1075    0.000255914     0.000363245     0.000363245     0.000363245     0.000363245     0.000363245     0.000363245
1085    0.00040215     0.000372326     0.000372326     0.000372326     0.000372326     0.000372326     0.000372326
1095    0.000246774     0.000354164     0.000354164     0.000354164     0.000354164     0.000354164     0.000354164
1105    0.000255914     0.000336002     0.000336002     0.000336002     0.000336002     0.000336002     0.000336002
1115    0.000164516     0.000299677     0.000299677     0.000299677     0.000299677     0.000299677     0.000299677
1125    0.000191935     0.000172542     0.000172542     0.000172542     0.000172542     0.000172542     0.000172542
1135    0.000201075     0.000272434     0.000272434     0.000272434     0.000272434     0.000272434     0.000272434
1145    0.000210215     0.000181623     0.000181623     0.000181623     0.000181623     0.000181623     0.000181623
1155    0.000182796     0.000208866     0.000208866     0.000208866     0.000208866     0.000208866     0.000208866
1165    0.000164516     0.000263353     0.000263353     0.000263353     0.000263353     0.000263353     0.000263353
1175    0.000237634     0.000208866     0.000208866     0.000208866     0.000208866     0.000208866     0.000208866
1185    0.000155376     0.000254272     0.000254272     0.000254272     0.000254272     0.000254272     0.000254272
1195    0.000182796     0.000181623     0.000181623     0.000181623     0.000181623     0.000181623     0.000181623
1205    0.000191935     0.00016346     0.00016346     0.00016346     0.00016346     0.00016346     0.00016346
1215    0.000164516     0.000136217     0.000136217     0.000136217     0.000136217     0.000136217     0.000136217
1225    0.000127957     0.00016346     0.00016346     0.00016346     0.00016346     0.00016346     0.00016346
1235    9.13978e-05     0.000118055     0.000118055     0.000118055     0.000118055     0.000118055     0.000118055
1245    0.000127957     0.000181623     0.000181623     0.000181623     0.000181623     0.000181623     0.000181623
1255    0.000127957     0.000217947     0.000217947     0.000217947     0.000217947     0.000217947     0.000217947
1265    8.2258e-05     0.000145298     0.000145298     0.000145298     0.000145298     0.000145298     0.000145298
1275    0.000118817     9.08113e-05     9.08113e-05     9.08113e-05     9.08113e-05     9.08113e-05     9.08113e-05
1285    7.31182e-05     0.000127136     0.000127136     0.000127136     0.000127136     0.000127136     0.000127136
1295    8.2258e-05     0.000154379     0.000154379     0.000154379     0.000154379     0.000154379     0.000154379
1305    9.13978e-05     0.000136217     0.000136217     0.000136217     0.000136217     0.000136217     0.000136217
1315    8.2258e-05     0.000118055     0.000118055     0.000118055     0.000118055     0.000118055     0.000118055
1325    3.65591e-05     2.72434e-05     2.72434e-05     2.72434e-05     2.72434e-05     2.72434e-05     2.72434e-05
1335    0     0     0     0     0     0     0
1345    0     0     0     0     0     0     0
1355    0     0     0     0     0     0     0
1365    0     0     0     0     0     0     0
1375    0     0     0     0     0     0     0
1385    0     0     0     0     0     0     0
1395    0     0     0     0     0     0     0
1405    0     0     0     0     0     0     0
1415    0     0     0     0     0     0     0
1425    0     0     0     0     0     0     0
1435    0     0     0     0     0     0     0
1445    0     0     0     0     0     0     0
1455    0     0     0     0     0     0     0
1465    0     0     0     0     0     0     0
1475    0     0     0     0     0     0     0
1485    0     0     0     0     0     0     0
1495    0     0     0     0     0     0     0
1505    0     0     0     0     0     0     0
1515    0     0     0     0     0     0     0
1525    0     0     0     0     0     0     0
1535    0     0     0     0     0     0     0
1545    0     0     0     0     0     0     0
1555    0     0     0     0     0     0     0
1565    0     0     0     0     0     0     0
1575    0     0     0     0     0     0     0
1585    0     0     0     0     0     0     0
1595    0     0     0     0     0     0     0
1605    0     0     0     0     0     0     0
1615    0     0     0     0     0     0     0
1625    0     0     0     0     0     0     0
1635    0     0     0     0     0     0     0
1645    0     0     0     0     0     0     0
1655    0     0     0     0     0     0     0
1665    0     0     0     0     0     0     0
1675    0     0     0     0     0     0     0
1685    0     0     0     0     0     0     0
1695    0     0     0     0     0     0     0
1705    0     0     0     0     0     0     0
1715    0     0     0     0     0     0     0
1725    0     0     0     0     0     0     0
1735    0     0     0     0     0     0     0
1745    0     0     0     0     0     0     0
1755    0     0     0     0     0     0     0
1765    0     0     0     0     0     0     0
1775    0     0     0     0     0     0     0
1785    0     0     0     0     0     0     0
1795    0     0     0     0     0     0     0
1805    0     0     0     0     0     0     0
1815    0     0     0     0     0     0     0
1825    0     0     0     0     0     0     0
1835    0     0     0     0     0     0     0
1845    0     0     0     0     0     0     0
1855    0     0     0     0     0     0     0
1865    0     0     0     0     0     0     0
1875    0     0     0     0     0     0     0
1885    0     0     0     0     0     0     0
1895    0     0     0     0     0     0     0
1905    0     0     0     0     0     0     0
1915    0     0     0     0     0     0     0
1925    0     0     0     0     0     0     0
1935    0     0     0     0     0     0     0
1945    0     0     0     0     0     0     0
1955    0     0     0     0     0     0     0
1965    0     0     0     0     0     0     0
1975    0     0     0     0     0     0     0
1985    0     0     0     0     0     0     0
1995    0     0     0     0     0     0     0
2005    0     0     0     0     0     0     0
2015    0     0     0     0     0     0     0
2025    0     0     0     0     0     0     0
2035    0     0     0     0     0     0     0
2045    0     0     0     0     0     0     0
2055    0     0     0     0     0     0     0
2065    0     0     0     0     0     0     0
2075    0     0     0     0     0     0     0
2085    0     0     0     0     0     0     0
2095    0     0     0     0     0     0     0
2105    0     0     0     0     0     0     0
2115    0     0     0     0     0     0     0
2125    0     0     0     0     0     0     0
2135    0     0     0     0     0     0     0
2145    0     0     0     0     0     0     0
2155    0     0     0     0     0     0     0
2165    0     0     0     0     0     0     0
2175    0     0     0     0     0     0     0
2185    0     0     0     0     0     0     0
2195    0     0     0     0     0     0     0
2205    0     0     0     0     0     0     0
2215    0     0     0     0     0     0     0
2225    0     0     0     0     0     0     0
2235    0     0     0     0     0     0     0
2245    0     0     0     0     0     0     0
2255    0     0     0     0     0     0     0
2265    0     0     0     0     0     0     0
2275    0     0     0     0     0     0     0
2285    0     0     0     0     0     0     0
2295    0     0     0     0     0     0     0
2305    0     0     0     0     0     0     0
2315    0     0     0     0     0     0     0
2325    0     0     0     0     0     0     0
2335    0     0     0     0     0     0     0
2345    0     0     0     0     0     0     0
2355    0     0     0     0     0     0     0
2365    0     0     0     0     0     0     0
2375    0     0     0     0     0     0     0
2385    0     0     0     0     0     0     0
2395    0     0     0     0     0     0     0
