5    2.98452e-05     0     0     0     0     0     0
15    8.95355e-05     5.93033e-06     5.93033e-06     5.93033e-06     5.93033e-06     5.93033e-06     5.93033e-06
25    0.000208916     0     0     0     0     0     0
35    0.000340235     0     0     0     0     0     0
45    0.00061481     0     0     0     0     0     0
55    0.00079985     0     0     0     0     0     0
65    0.000841634     0     0     0     0     0     0
75    0.00100877     0     0     0     0     0     0
85    0.00127737     0     0     0     0     0     0
95    0.00151017     0     0     0     0     0     0
105    0.0016773     0     0     0     0     0     0
115    0.00155792     0     0     0     0     0     0
125    0.00199366     0     0     0     0     0     0
135    0.00207125     0     0     0     0     0     0
145    0.00236374     0     0     0     0     0     0
155    0.00256668     0     0     0     0     0     0
165    0.00253087     1.18607e-05     1.18607e-05     1.18607e-05     1.18607e-05     1.18607e-05     1.18607e-05
175    0.0031994     2.96517e-05     2.96517e-05     2.96517e-05     2.96517e-05     2.96517e-05     2.96517e-05
185    0.0033725     4.15123e-05     4.15123e-05     4.15123e-05     4.15123e-05     4.15123e-05     4.15123e-05
195    0.0035277     4.15123e-05     4.15123e-05     4.15123e-05     4.15123e-05     4.15123e-05     4.15123e-05
205    0.00374855     5.93033e-05     5.93033e-05     5.93033e-05     5.93033e-05     5.93033e-05     5.93033e-05
215    0.00382615     0.000118607     0.00170371     0.00170371     0.00170371     0.00239127     0.00123071
225    0.00409476     0.000112676     0.00177583     0.00177583     0.00177583     0.00250056     0.00127712
235    0.00473344     0.000243144     0.00186656     0.00186656     0.00186656     0.00257454     0.00137873
245    0.00496624     0.00017198     0.00174441     0.00174441     0.00174441     0.00243121     0.00127069
255    0.00514531     0.000207562     0.0017572     0.0017572     0.0017572     0.00243135     0.00129094
265    0.00562283     0.000266865     0.00178995     0.00178995     0.00178995     0.00244928     0.00133269
275    0.00566461     0.000397332     0.00186031     0.00186031     0.00186031     0.00249478     0.0014199
285    0.00630927     0.000587103     0.00202111     0.00202111     0.00202111     0.00264192     0.00158947
295    0.00633314     0.000468496     0.001824     0.001824     0.001824     0.00241081     0.00141548
305    0.00687036     0.000723501     0.00208811     0.00208811     0.00208811     0.00267939     0.00167609
315    0.00728819     0.000942923     0.00231258     0.00231258     0.00231258     0.00290405     0.00189954
325    0.00790897     0.00108525     0.00245744     0.00245744     0.00245744     0.00304872     0.00204374
335    0.00835068     0.00142328     0.00280998     0.00280998     0.00280998     0.00340365     0.00239339
345    0.00910874     0.00153596     0.00309351     0.00309351     0.00309351     0.00375721     0.00262656
355    0.00989666     0.00232469     0.00396932     0.00396932     0.00396932     0.00467649     0.00347261
365    0.0102548     0.00349297     0.0052999     0.0052999     0.0052999     0.00608373     0.00475031
375    0.0110845     0.00393181     0.0060099     0.00603537     0.00598346     0.00691754     0.00537409
385    0.0125171     0.00523055     0.00741434     0.0074523     0.00737506     0.00837505     0.00674223
395    0.0137168     0.00605487     0.00838478     0.00843192     0.00833552     0.00941551     0.0076643
405    0.0148271     0.00749594     0.0100253     0.0100888     0.00995962     0.0111505     0.00923939
415    0.0165044     0.00927504     0.0121397     0.0122258     0.0120504     0.0134199     0.0112459
425    0.0178474     0.0107576     0.0140175     0.0141273     0.0139043     0.0154821     0.0129959
435    0.0202291     0.012258     0.0156829     0.0158211     0.0155409     0.0172274     0.014606
445    0.0226047     0.015069     0.0190914     0.0192809     0.0188972     0.0209165     0.0178202
455    0.0253326     0.0171209     0.0214714     0.0217139     0.021224     0.0234583     0.0200894
465    0.0291766     0.0212721     0.0263554     0.0266969     0.0260079     0.0286724     0.0247413
475    0.0339578     0.024682     0.0305013     0.0309546     0.0300419     0.0331497     0.028654
485    0.0392583     0.0297228     0.0368537     0.0374892     0.0362143     0.0401152     0.0345808
495    0.0456273     0.0364478     0.0445928     0.0455085     0.0436785     0.04833     0.0419891
505    0.0543839     0.0440031     0.0532431     0.054553     0.051947     0.0574897     0.0502835
515    0.0649908     0.0520505     0.0623718     0.0642317     0.0605531     0.0671451     0.0590495
525    0.0738787     0.0656132     0.0771465     0.0800266     0.0743761     0.0825074     0.073419
535    0.0891535     0.0811388     0.0934799     0.0978447     0.0893565     0.0992118     0.0894901
545    0.100339     0.0990959     0.111239     0.117777     0.105202     0.116873     0.107313
555    0.111054     0.120125     0.130944     0.140556     0.122292     0.135972     0.12744
565    0.114832     0.136884     0.144628     0.157452     0.133356     0.148241     0.142111
575    0.110833     0.14285     0.146025     0.160618     0.133385     0.147511     0.144991
585    0.0994501     0.138503     0.136994     0.151126     0.124755     0.13624     0.137534
595    0.0836799     0.120753     0.115593     0.12674     0.105782     0.113169     0.117282
605    0.0694557     0.0990188     0.0918554     0.0995125     0.0849386     0.0884744     0.0942076
615    0.057631     0.0798104     0.0718428     0.0767691     0.0672651     0.0680715     0.0744657
625    0.0456153     0.0640476     0.0559797     0.0590478     0.0530558     0.0521549     0.0586399
635    0.0363156     0.0495124     0.0420705     0.0438717     0.0403157     0.0385338     0.0445302
645    0.0308897     0.0400772     0.0333072     0.0344215     0.0322011     0.0300777     0.0355517
655    0.0251893     0.0322492     0.026113     0.0267972     0.0254241     0.0231806     0.0281513
665    0.0205812     0.0260223     0.0205545     0.0209703     0.0201295     0.0179346     0.0223749
675    0.0172983     0.021284     0.0165477     0.0167998     0.0162869     0.0142701     0.0181293
685    0.0147196     0.0178503     0.013561     0.0137142     0.0133999     0.0114953     0.0149956
695    0.0126006     0.0153596     0.0113901     0.0114798     0.0112934     0.00947096     0.0127221
705    0.010219     0.0126968     0.00930164     0.00934584     0.00925157     0.00765349     0.0104445
715    0.00911471     0.0111727     0.00788016     0.0078973     0.0078587     0.00627816     0.00899073
725    0.00770005     0.0098147     0.00687007     0.00687403     0.00686437     0.00543139     0.00786655
735    0.00704346     0.00829061     0.00568027     0.00569252     0.00566539     0.00439981     0.00656647
745    0.00629733     0.00722908     0.00491504     0.00493683     0.0048912     0.00377574     0.00570297
755    0.0057064     0.00620313     0.00406939     0.00409674     0.00404034     0.00301503     0.00479811
765    0.00464988     0.00574649     0.00373898     0.00377183     0.00370458     0.00274364     0.00442647
775    0.00435142     0.00490439     0.00303013     0.00306457     0.00299441     0.00209689     0.00367411
785    0.00397538     0.00403263     0.00247563     0.00250939     0.00244086     0.00169645     0.00301263
795    0.00318746     0.00374204     0.00217599     0.00221205     0.00213907     0.00138867     0.002718
805    0.00319343     0.0037539     0.00226646     0.00230748     0.00222466     0.00151566     0.00278286
815    0.00290095     0.00326761     0.00185053     0.0018514     0.00184964     0.00113143     0.0023444
825    0.002698     0.00281691     0.00166073     0.00166073     0.00166073     0.00107329     0.00206423
835    0.00220854     0.00257376     0.00136537     0.00136537     0.00136537     0.000746254     0.00178956
845    0.00208916     0.00236027     0.00134635     0.00134635     0.00134635     0.000823967     0.0017037
855    0.00171311     0.00207562     0.00101523     0.00101523     0.00101523     0.000467534     0.00138973
865    0.00182055     0.0020341     0.00109137     0.00109137     0.00109137     0.000600059     0.00142639
875    0.00169521     0.00174352     0.000810814     0.000810814     0.000810814     0.000321653     0.00114375
885    0.00144451     0.00173759     0.000864954     0.000864954     0.000864954     0.00040581     0.00117722
895    0.00133706     0.00147665     0.000661403     0.000661403     0.000661403     0.000228559     0.000954923
905    0.00110427     0.00124537     0.000628316     0.000628316     0.000628316     0.000298547     0.000851498
915    0.0010983     0.00129281     0.000580235     0.000580235     0.000580235     0.000198195     0.000838602
925    0.00103861     0.00114455     0.00045453     0.00045453     0.00045453     8.12497e-05     0.000706219
935    0.00104458     0.00109711     0.000518609     0.000518609     0.000518609     0.000203678     0.000730555
945    0.000919231     0.000990366     0.000344239     0.000344239     0.000344239     -8.92306e-06     0.000581652
955    0.000817757     0.000824316     0.000364509     0.000364509     0.000364509     0.000111249     0.00053435
965    0.00086551     0.00088362     0.000340999     0.000340999     0.000340999     3.8968e-05     0.000542795
975    0.000668532     0.000913271     0.000434089     0.000434089     0.000434089     0.000165423     0.000613166
985    0.000770005     0.000800595     0.000361963     0.000361963     0.000361963     0.000114307     0.000526644
995    0.000608841     0.000664197     0.000282177     0.000282177     0.000282177     6.54593e-05     0.000426095
1005    0.000584965     0.000664197     0.000664197     0.000664197     0.000664197     0.000664197     0.000664197
1015    0.00049543     0.000604894     0.000604894     0.000604894     0.000604894     0.000604894     0.000604894
1025    0.000471554     0.000575242     0.000575242     0.000575242     0.000575242     0.000575242     0.000575242
1035    0.000525275     0.0005278     0.0005278     0.0005278     0.0005278     0.0005278     0.0005278
1045    0.000423801     0.000498148     0.000498148     0.000498148     0.000498148     0.000498148     0.000498148
1055    0.000405894     0.000492218     0.000492218     0.000492218     0.000492218     0.000492218     0.000492218
1065    0.000399925     0.0005278     0.0005278     0.0005278     0.0005278     0.0005278     0.0005278
1075    0.000376049     0.000468496     0.000468496     0.000468496     0.000468496     0.000468496     0.000468496
1085    0.000358142     0.000332099     0.000332099     0.000332099     0.000332099     0.000332099     0.000332099
1095    0.000298452     0.000314308     0.000314308     0.000314308     0.000314308     0.000314308     0.000314308
1105    0.000232792     0.000426984     0.000426984     0.000426984     0.000426984     0.000426984     0.000426984
1115    0.000280545     0.00035582     0.00035582     0.00035582     0.00035582     0.00035582     0.00035582
1125    0.000220854     0.00036175     0.00036175     0.00036175     0.00036175     0.00036175     0.00036175
1135    0.000179071     0.000255004     0.000255004     0.000255004     0.000255004     0.000255004     0.000255004
1145    0.000268606     0.000260935     0.000260935     0.000260935     0.000260935     0.000260935     0.000260935
1155    0.000226823     0.000260935     0.000260935     0.000260935     0.000260935     0.000260935     0.000260935
1165    0.000220854     0.000320238     0.000320238     0.000320238     0.000320238     0.000320238     0.000320238
1175    0.000214885     0.000296517     0.000296517     0.000296517     0.000296517     0.000296517     0.000296517
1185    0.000155195     0.000195701     0.000195701     0.000195701     0.000195701     0.000195701     0.000195701
1195    0.000173102     0.000154189     0.000154189     0.000154189     0.000154189     0.000154189     0.000154189
1205    0.000113412     0.000136398     0.000136398     0.000136398     0.000136398     0.000136398     0.000136398
1215    0.000191009     0.000231283     0.000231283     0.000231283     0.000231283     0.000231283     0.000231283
1225    0.000155195     0.000201631     0.000201631     0.000201631     0.000201631     0.000201631     0.000201631
1235    0.000137288     0.000112676     0.000112676     0.000112676     0.000112676     0.000112676     0.000112676
1245    0.00012535     0.00017198     0.00017198     0.00017198     0.00017198     0.00017198     0.00017198
1255    0.000137288     0.000201631     0.000201631     0.000201631     0.000201631     0.000201631     0.000201631
1265    0.000119381     0.00017198     0.00017198     0.00017198     0.00017198     0.00017198     0.00017198
1275    0.000119381     0.000201631     0.000201631     0.000201631     0.000201631     0.000201631     0.000201631
1285    0.000143257     0.000148258     0.000148258     0.000148258     0.000148258     0.000148258     0.000148258
1295    9.55045e-05     0.000118607     0.000118607     0.000118607     0.000118607     0.000118607     0.000118607
1305    8.35665e-05     0.000100816     0.000100816     0.000100816     0.000100816     0.000100816     0.000100816
1315    0.000101474     9.48853e-05     9.48853e-05     9.48853e-05     9.48853e-05     9.48853e-05     9.48853e-05
1325    0.000101474     0.000160119     0.000160119     0.000160119     0.000160119     0.000160119     0.000160119
1335    7.75974e-05     0.000142328     0.000142328     0.000142328     0.000142328     0.000142328     0.000142328
1345    7.75974e-05     7.1164e-05     7.1164e-05     7.1164e-05     7.1164e-05     7.1164e-05     7.1164e-05
1355    7.16284e-05     8.30247e-05     8.30247e-05     8.30247e-05     8.30247e-05     8.30247e-05     8.30247e-05
1365    5.96903e-05     0.000100816     0.000100816     0.000100816     0.000100816     0.000100816     0.000100816
1375    5.96903e-05     9.48853e-05     9.48853e-05     9.48853e-05     9.48853e-05     9.48853e-05     9.48853e-05
1385    8.35665e-05     7.70943e-05     7.70943e-05     7.70943e-05     7.70943e-05     7.70943e-05     7.70943e-05
1395    6.56594e-05     5.3373e-05     5.3373e-05     5.3373e-05     5.3373e-05     5.3373e-05     5.3373e-05
1405    5.37213e-05     9.48853e-05     9.48853e-05     9.48853e-05     9.48853e-05     9.48853e-05     9.48853e-05
1415    4.17832e-05     0.000100816     0.000100816     0.000100816     0.000100816     0.000100816     0.000100816
1425    7.16284e-05     5.3373e-05     5.3373e-05     5.3373e-05     5.3373e-05     5.3373e-05     5.3373e-05
1435    5.37213e-05     4.74427e-05     4.74427e-05     4.74427e-05     4.74427e-05     4.74427e-05     4.74427e-05
1445    4.17832e-05     3.5582e-05     3.5582e-05     3.5582e-05     3.5582e-05     3.5582e-05     3.5582e-05
1455    3.58142e-05     2.96517e-05     2.96517e-05     2.96517e-05     2.96517e-05     2.96517e-05     2.96517e-05
1465    4.17832e-05     5.3373e-05     5.3373e-05     5.3373e-05     5.3373e-05     5.3373e-05     5.3373e-05
1475    7.75974e-05     7.1164e-05     7.1164e-05     7.1164e-05     7.1164e-05     7.1164e-05     7.1164e-05
1485    1.79071e-05     3.5582e-05     3.5582e-05     3.5582e-05     3.5582e-05     3.5582e-05     3.5582e-05
1495    5.37213e-05     5.93033e-05     5.93033e-05     5.93033e-05     5.93033e-05     5.93033e-05     5.93033e-05
1505    2.98452e-05     5.3373e-05     5.3373e-05     5.3373e-05     5.3373e-05     5.3373e-05     5.3373e-05
1515    6.56594e-05     7.70943e-05     7.70943e-05     7.70943e-05     7.70943e-05     7.70943e-05     7.70943e-05
1525    5.37213e-05     3.5582e-05     3.5582e-05     3.5582e-05     3.5582e-05     3.5582e-05     3.5582e-05
1535    2.38761e-05     2.37213e-05     2.37213e-05     2.37213e-05     2.37213e-05     2.37213e-05     2.37213e-05
1545    2.38761e-05     2.37213e-05     2.37213e-05     2.37213e-05     2.37213e-05     2.37213e-05     2.37213e-05
1555    2.38761e-05     4.74427e-05     4.74427e-05     4.74427e-05     4.74427e-05     4.74427e-05     4.74427e-05
1565    3.58142e-05     5.3373e-05     5.3373e-05     5.3373e-05     5.3373e-05     5.3373e-05     5.3373e-05
1575    1.79071e-05     2.37213e-05     2.37213e-05     2.37213e-05     2.37213e-05     2.37213e-05     2.37213e-05
1585    2.38761e-05     1.18607e-05     1.18607e-05     1.18607e-05     1.18607e-05     1.18607e-05     1.18607e-05
1595    1.79071e-05     4.15123e-05     4.15123e-05     4.15123e-05     4.15123e-05     4.15123e-05     4.15123e-05
1605    2.38761e-05     4.15123e-05     4.15123e-05     4.15123e-05     4.15123e-05     4.15123e-05     4.15123e-05
1615    2.38761e-05     3.5582e-05     3.5582e-05     3.5582e-05     3.5582e-05     3.5582e-05     3.5582e-05
1625    3.58142e-05     3.5582e-05     3.5582e-05     3.5582e-05     3.5582e-05     3.5582e-05     3.5582e-05
1635    0     5.3373e-05     5.3373e-05     5.3373e-05     5.3373e-05     5.3373e-05     5.3373e-05
1645    1.79071e-05     5.93033e-06     5.93033e-06     5.93033e-06     5.93033e-06     5.93033e-06     5.93033e-06
1655    0     0     0     0     0     0     0
1665    0     0     0     0     0     0     0
1675    0     0     0     0     0     0     0
1685    0     0     0     0     0     0     0
1695    0     0     0     0     0     0     0
1705    0     0     0     0     0     0     0
1715    0     0     0     0     0     0     0
1725    0     0     0     0     0     0     0
1735    0     0     0     0     0     0     0
1745    0     0     0     0     0     0     0
1755    0     0     0     0     0     0     0
1765    0     0     0     0     0     0     0
1775    0     0     0     0     0     0     0
1785    0     0     0     0     0     0     0
1795    0     0     0     0     0     0     0
1805    0     0     0     0     0     0     0
1815    0     0     0     0     0     0     0
1825    0     0     0     0     0     0     0
1835    0     0     0     0     0     0     0
1845    0     0     0     0     0     0     0
1855    0     0     0     0     0     0     0
1865    0     0     0     0     0     0     0
1875    0     0     0     0     0     0     0
1885    0     0     0     0     0     0     0
1895    0     0     0     0     0     0     0
1905    0     0     0     0     0     0     0
1915    0     0     0     0     0     0     0
1925    0     0     0     0     0     0     0
1935    0     0     0     0     0     0     0
1945    0     0     0     0     0     0     0
1955    0     0     0     0     0     0     0
1965    0     0     0     0     0     0     0
1975    0     0     0     0     0     0     0
1985    0     0     0     0     0     0     0
1995    0     0     0     0     0     0     0
2005    0     0     0     0     0     0     0
2015    0     0     0     0     0     0     0
2025    0     0     0     0     0     0     0
2035    0     0     0     0     0     0     0
2045    0     0     0     0     0     0     0
2055    0     0     0     0     0     0     0
2065    0     0     0     0     0     0     0
2075    0     0     0     0     0     0     0
2085    0     0     0     0     0     0     0
2095    0     0     0     0     0     0     0
2105    0     0     0     0     0     0     0
2115    0     0     0     0     0     0     0
2125    0     0     0     0     0     0     0
2135    0     0     0     0     0     0     0
2145    0     0     0     0     0     0     0
2155    0     0     0     0     0     0     0
2165    0     0     0     0     0     0     0
2175    0     0     0     0     0     0     0
2185    0     0     0     0     0     0     0
2195    0     0     0     0     0     0     0
2205    0     0     0     0     0     0     0
2215    0     0     0     0     0     0     0
2225    0     0     0     0     0     0     0
2235    0     0     0     0     0     0     0
2245    0     0     0     0     0     0     0
2255    0     0     0     0     0     0     0
2265    0     0     0     0     0     0     0
2275    0     0     0     0     0     0     0
2285    0     0     0     0     0     0     0
2295    0     0     0     0     0     0     0
2305    0     0     0     0     0     0     0
2315    0     0     0     0     0     0     0
2325    0     0     0     0     0     0     0
2335    0     0     0     0     0     0     0
2345    0     0     0     0     0     0     0
2355    0     0     0     0     0     0     0
2365    0     0     0     0     0     0     0
2375    0     0     0     0     0     0     0
2385    0     0     0     0     0     0     0
2395    0     0     0     0     0     0     0
