5    0     0     0     0     0     0     0
15    0     0     0     0     0     0     0
25    2.46485e-05     0     0     0     0     0     0
35    6.12588e-05     0     0     0     0     0     0
45    7.64829e-05     0     0     0     0     0     0
55    0.00011998     0     0     0     0     0     0
65    0.000141366     0     0     0     0     0     0
75    0.000157678     0     0     0     0     0     0
85    0.0002106     0     0     0     0     0     0
95    0.000223286     0     0     0     0     0     0
105    0.000226911     0     0     0     0     0     0
115    0.000259897     0     0     0     0     0     0
125    0.000281645     0     0     0     0     0     0
135    0.000321881     0     0     0     0     0     0
145    0.000340367     0     0     0     0     0     0
155    0.000335655     5.394e-07     0     0     0     0     0
165    0.000376977     5.394e-07     1.798e-06     1.798e-06     1.798e-06     1.798e-06     1.798e-06
175    0.000397638     1.6182e-06     3.596e-06     3.596e-06     3.596e-06     3.596e-06     3.596e-06
185    0.000464334     4.8546e-06     4.3152e-06     4.3152e-06     4.3152e-06     4.3152e-06     4.3152e-06
195    0.000442223     5.9334e-06     5.7536e-06     5.80467e-06     5.69936e-06     5.7536e-06     5.7536e-06
205    0.00045346     7.5516e-06     1.04284e-05     1.07246e-05     1.01138e-05     1.04284e-05     1.04284e-05
215    0.000463247     9.7092e-06     0.000577805     0.000578042     0.000577554     0.000814678     0.000412936
225    0.000495508     1.40244e-05     0.000588231     0.000588533     0.000587911     0.000829612     0.000420186
235    0.000515081     9.7092e-06     0.000518577     0.000519009     0.00051812     0.000729292     0.000371678
245    0.000529943     1.94184e-05     0.000515198     0.00051575     0.000514614     0.000723308     0.0003698
255    0.000559304     1.29456e-05     0.000477252     0.000477966     0.000476497     0.000666863     0.00034462
265    0.000596639     3.12852e-05     0.000477435     0.000478249     0.000476573     0.000665267     0.000345768
275    0.000547704     2.9667e-05     0.000447642     0.000448552     0.000446681     0.000622609     0.000324889
285    0.000607513     4.42308e-05     0.000419616     0.000420758     0.000418411     0.000579813     0.000307041
295    0.000554954     4.36914e-05     0.000442485     0.000443872     0.000441022     0.000609552     0.000325067
305    0.000624187     5.23218e-05     0.000401612     0.000403526     0.000399594     0.000545274     0.000300584
315    0.000649561     6.2031e-05     0.00042714     0.000429311     0.000424852     0.000578055     0.00032078
325    0.000651373     7.71342e-05     0.000416461     0.000418818     0.00041398     0.000560717     0.000314606
335    0.000656085     8.46858e-05     0.00041946     0.000422127     0.000416657     0.000559963     0.000319836
345    0.000671309     0.000119747     0.000460418     0.000464703     0.000455925     0.000595803     0.000363578
355    0.000712269     0.000138626     0.000497269     0.000502055     0.000492253     0.000641118     0.000394102
365    0.000751055     0.000183396     0.000522451     0.000528546     0.000516061     0.000665338     0.000420341
375    0.000719519     0.00021576     0.000609109     0.000616822     0.000601034     0.000771596     0.000493246
385    0.00078549     0.000270779     0.00065533     0.000664669     0.000645585     0.000823212     0.000535991
395    0.000765916     0.000285882     0.0007287     0.000740087     0.000716831     0.000908361     0.000601317
405    0.000797089     0.000343058     0.000742156     0.000754281     0.000729531     0.000923546     0.000613846
415    0.000831525     0.000353307     0.000796397     0.000811324     0.000780889     0.000975822     0.000669736
425    0.000862335     0.000389986     0.000815432     0.000831269     0.000798992     0.000996863     0.000687642
435    0.000844211     0.000429902     0.000881296     0.000899507     0.000862441     0.0010742     0.00074566
445    0.000879734     0.00045849     0.000878961     0.000898083     0.000859175     0.00106468     0.000748696
455    0.000896771     0.000487618     0.000944796     0.000966104     0.000922808     0.00114697     0.000803329
465    0.000893146     0.00049409     0.000961949     0.000984987     0.000938212     0.00115779     0.000824883
475    0.000984128     0.000552346     0.00101585     0.00104175     0.000989246     0.00121488     0.000876504
485    0.000964554     0.000599813     0.00102434     0.00105046     0.000997567     0.00123329     0.000878339
495    0.000993552     0.000618692     0.00110045     0.00113034     0.00106986     0.00131481     0.000950855
505    0.00100696     0.000635413     0.00110556     0.00113729     0.0010732     0.00131675     0.000958339
515    0.00102183     0.000680723     0.0011467     0.00117947     0.00111331     0.00137319     0.000989132
525    0.0010588     0.000730887     0.00115725     0.00119442     0.00111959     0.00136606     0.00101224
535    0.00113419     0.000765948     0.00123335     0.00127332     0.00119291     0.00145718     0.00107793
545    0.00112006     0.000754081     0.00122891     0.00127159     0.00118594     0.00144527     0.00107864
555    0.00115884     0.000805324     0.0013447     0.00139178     0.0012974     0.00158757     0.00117615
565    0.00119364     0.000825282     0.001267     0.00131313     0.00122085     0.0014972     0.0011075
575    0.00126215     0.000849016     0.00136683     0.00142019     0.00131367     0.0016015     0.0012044
585    0.00126614     0.000853331     0.00139885     0.00145612     0.00134197     0.0016322     0.00123742
595    0.00131362     0.000897022     0.0014558     0.00151684     0.00139559     0.00171168     0.00127896
605    0.00136364     0.000981708     0.00149568     0.00155898     0.00143338     0.001764     0.00131055
615    0.00139627     0.00101515     0.00156306     0.00163541     0.00149239     0.0018332     0.00137688
625    0.00139409     0.000994654     0.00162013     0.00169704     0.00154521     0.00189653     0.00142978
635    0.00148761     0.00108096     0.00169322     0.00177759     0.00161196     0.001992     0.0014877
645    0.00150718     0.00114407     0.00173357     0.00182608     0.00164485     0.00201918     0.00153737
655    0.00155431     0.00111386     0.00175071     0.00184749     0.00165853     0.00204849     0.0015463
665    0.00153473     0.00117697     0.00184198     0.00194811     0.00174169     0.00215991     0.00162405
675    0.00162789     0.00126435     0.0018661     0.00197935     0.00175972     0.00218066     0.00165073
685    0.00170365     0.00131074     0.00194421     0.00207416     0.00182355     0.00225342     0.00173266
695    0.00174823     0.00138518     0.00197094     0.00210325     0.00184851     0.00229738     0.00174795
705    0.00173482     0.00139812     0.00213524     0.00229198     0.00199277     0.00249018     0.00189317
715    0.0018142     0.00146986     0.00213664     0.00230213     0.00198689     0.0024693     0.00191
725    0.00182     0.00153244     0.00214681     0.00232776     0.00198563     0.0024789     0.00192091
735    0.00187909     0.0016333     0.00220385     0.00240181     0.00202915     0.00252571     0.00198527
745    0.00187691     0.00162252     0.0022957     0.00251645     0.00210379     0.00262889     0.00206978
755    0.00200813     0.0017072     0.00252299     0.00277763     0.00230483     0.00290102     0.0022671
765    0.00193563     0.00183504     0.00250091     0.00276751     0.00227486     0.00286686     0.0022535
775    0.00196572     0.00185931     0.00259589     0.00290301     0.00234114     0.00295523     0.00235339
785    0.00193092     0.0019947     0.00259872     0.00291901     0.00233459     0.00294192     0.00236762
795    0.00192005     0.00200549     0.00273369     0.00310681     0.00243479     0.00309461     0.00249108
805    0.00192947     0.00217216     0.0028088     0.00320983     0.00248962     0.00315354     0.00257744
815    0.00187727     0.00218565     0.00280105     0.00324324     0.00245768     0.00312216     0.00258604
825    0.00183704     0.0022617     0.00286576     0.00333408     0.00250642     0.00319549     0.00264517
835    0.00176454     0.00240465     0.00292014     0.00344071     0.00252785     0.00321667     0.00272243
845    0.00175439     0.00240195     0.00294114     0.00349784     0.00252824     0.00321977     0.00275579
855    0.00168407     0.00246344     0.00285298     0.00341489     0.00244062     0.00311105     0.00268153
865    0.00160578     0.00251414     0.00289306     0.00350226     0.00245308     0.00312103     0.00274215
875    0.00149703     0.00252655     0.00282527     0.00343843     0.0023843     0.00302265     0.00269495
885    0.00148978     0.00247585     0.00287371     0.00352658     0.00240945     0.00304218     0.00276267
895    0.00138612     0.00260422     0.00272107     0.00335191     0.00227247     0.00285061     0.00263601
905    0.00131145     0.00239763     0.0025916     0.00320166     0.00215758     0.00253236     0.00268205
915    0.00126324     0.00246991     0.0025341     0.00313147     0.0021069     0.00249495     0.00259398
925    0.00115051     0.00233884     0.00246534     0.0030421     0.00204952     0.00244725     0.00249309
935    0.00111136     0.00230863     0.00226425     0.00277853     0.00188789     0.00225701     0.00227002
945    0.00101458     0.00216407     0.00210884     0.00258114     0.00175948     0.00207661     0.00212972
955    0.000954767     0.00208748     0.00199674     0.00241045     0.00168204     0.00193687     0.0020354
965    0.000884809     0.00204271     0.00178348     0.00214987     0.0015026     0.00170795     0.00183205
975    0.00082065     0.00186686     0.00169941     0.00200409     0.00145575     0.00159857     0.00176404
985    0.000767729     0.00170666     0.00151903     0.0017871     0.0013027     0.00140379     0.00159265
995    0.000689071     0.00162629     0.00142208     0.00164026     0.00123877     0.00129144     0.00150534
1005    0.000669135     0.00150169     0.00126588     0.00144887     0.00110916     0.00111841     0.00135958
1015    0.000629262     0.00142132     0.0011541     0.00129955     0.0010252     0.00100812     0.00124654
1025    0.000549154     0.00125357     0.00103737     0.00114968     0.000934418     0.000889     0.001131
1035    0.00052958     0.00116187     0.000943693     0.00103581     0.00085693     0.000792412     0.00103882
1045    0.000480646     0.00109822     0.000831423     0.000892866     0.000769783     0.00067648     0.000928477
1055    0.000440048     0.000975235     0.000728348     0.000779142     0.000676337     0.000572169     0.000825792
1065    0.0004096     0.000929926     0.000710195     0.000738975     0.000676514     0.000557333     0.000805182
1075    0.000386402     0.000838228     0.000620717     0.000642466     0.000594038     0.000472594     0.000712364
1085    0.000343267     0.000754621     0.000562623     0.000570382     0.000548479     0.000406102     0.000659041
1095    0.000313181     0.00071956     0.000501294     0.000505457     0.000491124     0.000355071     0.000590955
1105    0.000306656     0.000677486     0.000440071     0.000440393     0.00043411     0.000305532     0.0005222
1115    0.000276208     0.000616534     0.000412857     0.000419226     0.000400156     0.000270984     0.000499046
1125    0.000265696     0.000560437     0.00038328     0.000392724     0.000367344     0.000241015     0.000469297
1135    0.000243585     0.000534006     0.000315631     0.000330233     0.000295313     0.000191714     0.000390196
1145    0.000229449     0.000487618     0.000288097     0.000303755     0.000266827     0.000152578     0.000369232
1155    0.000208062     0.000456872     0.000284548     0.000305224     0.000258638     0.000177334     0.000348422
1165    0.000192113     0.000390526     0.000249506     0.000270911     0.000223087     0.000129028     0.000320914
1175    0.000181602     0.000397538     0.000241994     0.00026696     0.000212189     0.000127557     0.000309494
1185    0.000159128     0.000348452     0.000201012     0.000225442     0.000172295     8.77264e-05     0.00026749
1195    0.000175802     0.000365174     0.000177553     0.000202259     0.000148992     7.14682e-05     0.000239473
1205    0.000152241     0.000319325     0.000192003     0.0002204     0.000159719     9.09258e-05     0.000250691
1215    0.000147529     0.000281567     0.000146341     0.000172843     0.000116424     3.75768e-05     0.000209175
1225    0.000132667     0.000259451     0.000152797     0.00018097     0.000121489     6.29255e-05     0.000204435
1235    0.000121068     0.000267542     0.000128315     0.00015377     0.000100102     4.26288e-05     0.000177287
1245    0.000108018     0.000218996     0.000107508     0.000133454     7.91397e-05     2.23254e-05     0.00015593
1255    0.000112368     0.000203354     9.56509e-05     0.000122587     6.63047e-05     -6.9301e-07     0.000150125
1265    0.000103306     0.000207669     9.7209e-05     0.000122119     7.02632e-05     2.64551e-05     0.000136992
1275    8.59073e-05     0.000186093     8.29863e-05     0.000109562     5.43841e-05     -2.57304e-06     0.000130827
1285    8.95321e-05     0.000158584     8.01471e-05     0.000105843     5.2614e-05     3.54779e-06     0.000122744
1295    8.22825e-05     0.000167214     7.70224e-05     0.000103881     4.8397e-05     -3.90226e-07     0.000119836
1305    8.48199e-05     0.000141323     5.95166e-05     8.50374e-05     3.23778e-05     -2.32355e-05     0.000105001
1315    7.3583e-05     0.000122983     6.6851e-05     9.08756e-05     4.14583e-05     6.72798e-06     9.97154e-05
1325    7.06832e-05     0.000132692     7.21603e-05     9.6586e-05     4.63874e-05     1.67435e-05     0.000102271
1335    8.01077e-05     0.000117589     5.74438e-05     7.98407e-05     3.39237e-05     5.35809e-06     8.55847e-05
1345    6.81459e-05     0.000122983     5.95011e-05     8.19783e-05     3.59325e-05     1.06673e-05     8.57251e-05
1355    6.37961e-05     0.000109498     5.74708e-05     8.14752e-05     3.23822e-05     4.43343e-06     8.57758e-05
1365    4.9297e-05     0.000103565     3.74085e-05     5.79663e-05     1.59731e-05     -1.64811e-05     6.60127e-05
1375    5.29218e-05     8.091e-05     4.67229e-05     6.61017e-05     2.65595e-05     9.04065e-06     6.6598e-05
1385    5.32843e-05     8.79222e-05     4.03934e-05     6.20383e-05     1.79272e-05     -9.48217e-06     6.65433e-05
1395    4.89345e-05     8.25282e-05     4.22041e-05     6.29485e-05     2.06927e-05     -1.25528e-06     6.4833e-05
1405    4.49473e-05     7.0122e-05     3.48323e-05     5.60647e-05     1.2883e-05     -1.36566e-05     5.99199e-05
1415    3.91476e-05     6.7425e-05     2.72708e-05     4.73439e-05     6.53146e-06     -2.39863e-05     5.36286e-05
1425    3.37105e-05     7.12008e-05     3.14247e-05     5.07994e-05     1.14581e-05     -9.64894e-06     5.24e-05
1435    3.2623e-05     6.63462e-05     2.95997e-05     4.58111e-05     1.2905e-05     -7.91914e-07     4.50321e-05
1445    3.29855e-05     5.87946e-05     3.03269e-05     4.5558e-05     1.46707e-05     6.33258e-06     4.24289e-05
1455    3.40729e-05     4.90854e-05     2.94727e-05     4.69195e-05     1.15588e-05     -2.22684e-06     4.53534e-05
1465    2.86358e-05     5.50188e-05     2.36561e-05     4.2323e-05     4.50908e-06     -1.73886e-05     4.40847e-05
1475    2.68234e-05     5.71764e-05     2.26765e-05     3.99955e-05     4.93805e-06     -1.29054e-05     4.02693e-05
1485    2.93607e-05     4.90854e-05     1.91179e-05     3.4769e-05     3.09773e-06     -1.41119e-05     3.54341e-05
1495    2.53735e-05     4.80066e-05     2.6125e-05     5.50038e-05     -3.32862e-06     3.11606e-06     3.73489e-05
1505    2.57359e-05     4.0455e-05     1.81626e-05     3.99385e-05     -4.04412e-06     -6.7984e-06     3.02617e-05
1515    1.99363e-05     4.0455e-05     1.81703e-06     1.81703e-06     1.81703e-06     -4.13771e-05     2.2596e-05
1525    1.88489e-05     4.09944e-05     1.73806e-05     1.73806e-05     1.73806e-05     -7.92314e-06     2.9464e-05
1535    2.17487e-05     3.07458e-05     1.97818e-05     1.97818e-05     1.97818e-05     -2.15588e-06     3.01909e-05
1545    1.99363e-05     3.02064e-05     7.92803e-06     7.92803e-06     7.92803e-06     -2.49658e-05     2.34239e-05
1555    2.4286e-05     3.07458e-05     4.53838e-06     4.53838e-06     4.53838e-06     -3.19795e-05     2.16228e-05
1565    2.02988e-05     2.53518e-05     3.25826e-06     3.25826e-06     3.25826e-06     -3.267e-05     1.99435e-05
1575    2.5011e-05     3.07458e-05     1.36695e-05     1.36695e-05     1.36695e-05     -1.03128e-05     2.47249e-05
1585    1.44991e-05     2.4273e-05     4.29627e-06     4.29627e-06     4.29627e-06     -2.04894e-05     1.56353e-05
1595    1.26867e-05     2.75094e-05     1.5858e-05     1.5858e-05     1.5858e-05     -9.27714e-07     2.34919e-05
1605    1.37742e-05     2.48124e-05     9.04949e-06     9.04949e-06     9.04949e-06     -1.11351e-05     1.8165e-05
1615    1.26867e-05     1.8879e-05     3.52711e-07     3.52711e-07     3.52711e-07     -3.18324e-05     1.47823e-05
1625    1.05119e-05     1.99578e-05     1.0122e-05     1.0122e-05     1.0122e-05     -1.15159e-06     1.51367e-05
1635    1.15993e-05     1.3485e-05     1.06935e-05     1.06935e-05     1.06935e-05     -1.3906e-06     1.60313e-05
1645    1.15993e-05     2.1576e-05     9.50745e-06     9.50745e-06     9.50745e-06     -1.43364e-06     1.43014e-05
1655    1.26867e-05     2.1576e-05     -4.17878e-07     -4.17878e-07     -4.17878e-07     -2.25762e-05     9.2244e-06
1665    1.52241e-05     1.6182e-05     1.04748e-05     1.04748e-05     1.04748e-05     -1.88372e-06     1.58124e-05
1675    1.34117e-05     1.94184e-05     1.1034e-05     1.1034e-05     1.1034e-05     -2.19656e-06     1.67083e-05
1685    1.19618e-05     1.67214e-05     8.89489e-06     8.89489e-06     8.89489e-06     -1.94056e-06     1.35045e-05
1695    9.42443e-06     1.51032e-05     2.07842e-06     2.07842e-06     2.07842e-06     -1.25051e-05     8.23033e-06
1705    7.24956e-06     1.67214e-05     3.02292e-06     3.02292e-06     3.02292e-06     -1.29326e-05     9.71642e-06
1715    6.52461e-06     1.94184e-05     7.7245e-06     7.7245e-06     7.7245e-06     -2.07112e-06     1.17986e-05
1725    7.24956e-06     1.24062e-05     7.00416e-06     7.00416e-06     7.00416e-06     -6.12732e-06     1.24247e-05
1735    9.06195e-06     1.18668e-05     6.95134e-06     6.95134e-06     6.95134e-06     -2.08456e-06     1.06534e-05
1745    6.88708e-06     1.29456e-05     6.18573e-06     6.18573e-06     6.18573e-06     -1.93542e-06     9.4877e-06
1755    6.16213e-06     8.6304e-06     6.18385e-06     6.18385e-06     6.18385e-06     -2.04836e-06     9.50365e-06
1765    7.97452e-06     1.02486e-05     5.59707e-06     5.59707e-06     5.59707e-06     -1.96752e-06     8.62414e-06
1775    6.16213e-06     1.3485e-05     1.09543e-06     1.09543e-06     1.09543e-06     -1.36807e-05     6.96727e-06
1785    5.07469e-06     9.1698e-06     4.05645e-06     4.05645e-06     4.05645e-06     -1.55726e-06     6.26719e-06
1795    3.98726e-06     7.5516e-06     3.45528e-07     3.45528e-07     3.45528e-07     -1.36707e-05     5.83228e-06
1805    7.24956e-06     0     -2.43363e-07     -2.43363e-07     -2.43363e-07     -1.36313e-05     4.95596e-06
1815    6.52461e-06     0     5.414e-06     5.414e-06     5.414e-06     -2.34294e-06     8.39786e-06
1825    3.98726e-06     0     4.64432e-06     4.64432e-06     4.64432e-06     -2.07219e-06     7.20965e-06
1835    6.16213e-06     0     5.62263e-06     5.62263e-06     5.62263e-06     -2.5898e-06     8.73113e-06
1845    5.07469e-06     0     -4.87175e-06     -4.87175e-06     -4.87175e-06     -2.63431e-05     3.19619e-06
1855    3.2623e-06     0     3.30143e-06     3.30143e-06     3.30143e-06     -1.62351e-06     5.13599e-06
1865    5.07469e-06     0     -2.13599e-06     -2.13599e-06     -2.13599e-06     -1.35958e-05     2.09372e-06
1875    2.53735e-06     0     5.2593e-06     5.2593e-06     5.2593e-06     -2.71697e-06     8.18599e-06
1885    6.16213e-06     0     -1.73585e-06     -1.73585e-06     -1.73585e-06     -1.39975e-05     2.73269e-06
1895    5.43717e-06     0     3.56017e-07     3.56017e-07     3.56017e-07     -1.02353e-05     4.1761e-06
1905    2.89982e-06     0     3.32189e-06     3.32189e-06     3.32189e-06     -1.86298e-06     5.18003e-06
1915    1.44991e-06     0     9.78625e-07     9.78625e-07     9.78625e-07     -5.60228e-07     1.52609e-06
1925    3.2623e-06     0     2.94219e-06     2.94219e-06     2.94219e-06     -1.71934e-06     4.58706e-06
1935    1.81239e-06     0     1.17831e-06     1.17831e-06     1.17831e-06     -7.02745e-07     1.83752e-06
1945    1.81239e-06     0     -4.39391e-06     -4.39391e-06     -4.39391e-06     -1.29842e-05     -1.41913e-06
1955    3.62478e-06     0     0     0     0     0     0
1965    2.17487e-06     0     0     0     0     0     0
1975    3.98726e-06     0     0     0     0     0     0
1985    1.44991e-06     0     -4.36041e-06     -4.36041e-06     -4.36041e-06     -1.32886e-05     -1.36437e-06
1995    1.44991e-06     0     0     0     0     0     0
2005    1.08743e-06     0     0     0     0     0     0
2015    2.53735e-06     0     0     0     0     0     0
2025    2.89982e-06     0     0     0     0     0     0
2035    2.17487e-06     0     0     0     0     0     0
2045    7.24956e-07     0     0     0     0     0     0
2055    2.89982e-06     0     0     0     0     0     0
2065    1.81239e-06     0     0     0     0     0     0
2075    1.81239e-06     0     0     0     0     0     0
2085    1.08743e-06     0     0     0     0     0     0
2095    2.53735e-06     0     0     0     0     0     0
2105    0     0     0     0     0     0     0
2115    1.44991e-06     0     0     0     0     0     0
2125    3.62478e-07     0     0     0     0     0     0
2135    1.08743e-06     0     0     0     0     0     0
2145    1.44991e-06     0     0     0     0     0     0
2155    2.53735e-06     0     0     0     0     0     0
2165    1.08743e-06     0     0     0     0     0     0
2175    2.89982e-06     0     0     0     0     0     0
2185    1.08743e-06     0     0     0     0     0     0
2195    7.24956e-07     0     0     0     0     0     0
2205    1.08743e-06     0     0     0     0     0     0
2215    7.24956e-07     0     0     0     0     0     0
2225    2.17487e-06     0     0     0     0     0     0
2235    1.08743e-06     0     0     0     0     0     0
2245    1.08743e-06     0     0     0     0     0     0
2255    7.24956e-07     0     0     0     0     0     0
2265    1.81239e-06     0     0     0     0     0     0
2275    1.44991e-06     0     0     0     0     0     0
2285    1.08743e-06     0     0     0     0     0     0
2295    7.24956e-07     0     0     0     0     0     0
2305    7.24956e-07     0     0     0     0     0     0
2315    1.08743e-06     0     0     0     0     0     0
2325    1.08743e-06     0     0     0     0     0     0
2335    7.24956e-07     0     0     0     0     0     0
2345    0     0     0     0     0     0     0
2355    3.62478e-07     0     0     0     0     0     0
2365    1.08743e-06     0     0     0     0     0     0
2375    0     0     0     0     0     0     0
2385    3.62478e-07     0     0     0     0     0     0
2395    3.62478e-07     0     0     0     0     0     0
