5    0     0     0     0     0     0     0
15    0     0     0     0     0     0     0
25    0.00020321     0     0     0     0     0     0
35    0.000482624     0     0     0     0     0     0
45    0.000698535     0     0     0     0     0     0
55    0.00115576     0     0     0     0     0     0
65    0.00121926     0     0     0     0     0     0
75    0.00165108     0     0     0     0     0     0
85    0.00177809     0     0     0     0     0     0
95    0.00256553     0     0     0     0     0     0
105    0.00250203     0     0     0     0     0     0
115    0.00252743     0     0     0     0     0     0
125    0.00285764     0     0     0     0     0     0
135    0.00312436     0     0     0     0     0     0
145    0.00384829     0     0     0     0     0     0
155    0.0039626     0     0     0     0     0     0
165    0.00378479     1.92831e-05     1.92831e-05     1.92831e-05     1.92831e-05     1.92831e-05     1.92831e-05
175    0.00408961     4.82078e-05     4.82078e-05     4.82078e-05     4.82078e-05     4.82078e-05     4.82078e-05
185    0.00520726     5.78494e-05     5.78494e-05     5.78494e-05     5.78494e-05     5.78494e-05     5.78494e-05
195    0.00538507     9.64157e-05     9.64157e-05     9.64157e-05     9.64157e-05     9.64157e-05     9.64157e-05
205    0.00547398     0.000163907     0.000163907     0.000163907     0.000163907     0.000163907     0.000163907
215    0.00673134     0.00018319     0.00229904     0.00229904     0.00229904     0.00321654     0.00166777
225    0.00712506     0.000250681     0.00236688     0.00236688     0.00236688     0.00328902     0.00173233
235    0.00703616     0.000298889     0.00243518     0.00243518     0.00243518     0.0033668     0.00179325
245    0.00777279     0.000395304     0.0025038     0.0025038     0.0025038     0.00342466     0.00186861
255    0.0078617     0.000539928     0.00260501     0.00260501     0.00260501     0.00350338     0.0019837
265    0.00965249     0.00061706     0.00266377     0.00266377     0.00266377     0.00354975     0.00204937
275    0.00946198     0.000906307     0.00290719     0.00290719     0.00290719     0.00377503     0.00230486
285    0.0111258     0.00100272     0.00298105     0.00298105     0.00298105     0.00383741     0.00238555
295    0.0125482     0.00132089     0.00328439     0.00328439     0.00328439     0.00413442     0.00269267
305    0.0127768     0.00147516     0.00350766     0.00350766     0.00350766     0.00438834     0.00289395
315    0.0148344     0.0021115     0.00412988     0.00412988     0.00412988     0.00500136     0.00352124
325    0.0173745     0.00288283     0.00501392     0.00501392     0.00501392     0.0059322     0.00437149
335    0.0184032     0.00362523     0.00589095     0.00589095     0.00589095     0.0068609     0.00521031
345    0.0210831     0.00439655     0.00685236     0.00685236     0.00685236     0.0078988     0.00611611
355    0.0243598     0.0078868     0.0108698     0.0108698     0.0108698     0.0121527     0.00996874
365    0.0283986     0.0111264     0.0147998     0.0148246     0.0147741     0.0163932     0.0136824
375    0.0326661     0.0148769     0.0192213     0.0192875     0.0191532     0.021119     0.0178921
385    0.0391434     0.0196399     0.0249634     0.025068     0.0248565     0.0273058     0.0233249
395    0.0468273     0.0263408     0.0330907     0.033262     0.0329158     0.036077     0.0310034
405    0.060544     0.0376696     0.0464095     0.0467146     0.046099     0.0502981     0.0436937
415    0.0769405     0.0518716     0.0630804     0.0636235     0.0625307     0.0680905     0.0595836
425    0.0991539     0.0710294     0.0853226     0.086314     0.0843244     0.0917445     0.0808432
435    0.133166     0.106559     0.125492     0.127562     0.123436     0.13403     0.119538
445    0.18849     0.157823     0.180568     0.185036     0.176205     0.19089     0.173379
455    0.255651     0.242707     0.267693     0.277849     0.258036     0.279105     0.259756
465    0.320475     0.350818     0.37069     0.391318     0.351672     0.37975     0.364379
475    0.330344     0.417962     0.42212     0.450388     0.396455     0.424577     0.420235
485    0.271565     0.368424     0.356104     0.377579     0.336296     0.350467     0.360032
495    0.198803     0.266888     0.247477     0.258163     0.237287     0.238571     0.253682
505    0.136481     0.176875     0.158098     0.162651     0.153635     0.14947     0.164112
515    0.0927528     0.119411     0.103306     0.105281     0.101332     0.0958598     0.10849
525    0.0671229     0.0847976     0.0714146     0.0723413     0.070478     0.0651947     0.0757399
535    0.0497865     0.0611275     0.0501383     0.050591     0.0496761     0.0450341     0.0536911
545    0.0375812     0.0466748     0.0374862     0.0377208     0.0372446     0.0332232     0.0404569
555    0.0288432     0.036098     0.028288     0.0284095     0.0281623     0.0246586     0.0308175
565    0.022442     0.0289536     0.0223326     0.0223938     0.0222682     0.0192427     0.0244844
575    0.0189367     0.022407     0.0169509     0.0169771     0.0169224     0.0143978     0.0187285
585    0.0156472     0.0184443     0.0137372     0.0137444     0.0137285     0.0115324     0.015273
595    0.0120783     0.0159182     0.0116135     0.0116137     0.0116131     0.009591     0.0130217
605    0.0106939     0.01345     0.00961917     0.00961917     0.00961917     0.00781136     0.0108769
615    0.00901746     0.0108468     0.00760892     0.00760892     0.00760892     0.00607642     0.00867481
625    0.00751878     0.00945838     0.00653429     0.00653429     0.00653429     0.00514817     0.00749847
635    0.00657893     0.00828211     0.00557897     0.00557897     0.00557897     0.00429427     0.00647245
645    0.0059185     0.0072601     0.00487379     0.00487379     0.00487379     0.00373543     0.00566495
655    0.00487705     0.00576566     0.00372428     0.00372428     0.00372428     0.00274874     0.00440237
665    0.00421661     0.00540892     0.00342092     0.00342092     0.00342092     0.00246824     0.00408284
675    0.00383559     0.00444476     0.0027448     0.0027448     0.0027448     0.00192733     0.00331247
685    0.00336567     0.00443512     0.00279844     0.00279844     0.00279844     0.00201026     0.00334587
695    0.00288305     0.00416516     0.00256406     0.00256406     0.00256406     0.00178982     0.00310132
705    0.00250203     0.00295032     0.00164978     0.00164978     0.00164978     0.00101845     0.00208758
715    0.00236232     0.00299853     0.00176155     0.00176155     0.00176155     0.00115984     0.00217878
725    0.00209561     0.00248752     0.00140941     0.00140941     0.00140941     0.000882671     0.00177428
735    0.0019432     0.00256466     0.00151403     0.00151403     0.00151403     0.000998683     0.00187071
745    0.0020575     0.00241039     0.00140026     0.00140026     0.00140026     0.000902842     0.00174426
755    0.0018924     0.00182226     0.000912112     0.000912112     0.000912112     0.000462391     0.00122295
765    0.00135897     0.00178369     0.000909545     0.000909545     0.000909545     0.000476124     0.00120889
775    0.00139707     0.0016005     0.000815645     0.000815645     0.000815645     0.000424807     0.0010853
785    0.000889045     0.00185118     0.00102135     0.00102135     0.00102135     0.000606093     0.00130755
795    0.00106685     0.00124376     0.000559336     0.000559336     0.000559336     0.000215249     0.000796215
805    0.000939848     0.00115699     0.000538608     0.000538608     0.000538608     0.000226499     0.000753268
815    0.00105415     0.00114735     0.000567394     0.000567394     0.000567394     0.000273185     0.000769487
825    0.000876344     0.0012052     0.00053373     0.00053373     0.00053373     0.000192555     0.000768078
835    0.000800141     0.000877383     0.00039061     0.00039061     0.00039061     0.000141087     0.000561545
845    0.000660433     0.00080025     0.000334891     0.000334891     0.000334891     9.51153e-05     0.000498907
855    0.000774739     0.000867741     0.000337315     0.000337315     0.000337315     6.34031e-05     0.000524633
865    0.000457223     0.00080025     0.000330819     0.000330819     0.000330819     8.62257e-05     0.000497609
875    0.000622332     0.000867741     0.000366112     0.000366112     0.000366112     0.000103057     0.000545169
885    0.000571529     0.000588136     0.000193643     0.000193643     0.000193643     -1.39232e-05     0.000334803
895    0.000533427     0.000588136     0.000210451     0.000210451     0.000210451     9.92978e-06     0.000346432
905    0.000317516     0.000742401     0.000348017     0.000348017     0.000348017     0.000137255     0.00049066
915    0.000533427     0.00061706     0.000245752     0.000245752     0.000245752     4.65438e-05     0.000380443
925    0.000355618     0.000520645     0.000170081     0.000170081     0.000170081     -1.96904e-05     0.000298016
935    0.000419121     0.000385663     5.16053e-05     5.16053e-05     5.16053e-05     -0.000130296     0.000174005
945    0.000317516     0.00049172     0.000180512     0.000180512     0.000180512     1.03616e-05     0.000294883
955    0.000228612     0.000414587     0.000116772     0.000116772     0.000116772     -4.72434e-05     0.000226758
965    0.000266713     0.000356738     0.000134569     0.000134569     0.000134569     1.0913e-05     0.000217189
975    0.000292115     0.000318172     7.90388e-05     7.90388e-05     7.90388e-05     -5.50511e-05     0.000168403
985    0.000215911     0.00036638     0.000108327     0.000108327     0.000108327     -3.73702e-05     0.000205216
995    0.000342917     0.000269964     5.22938e-05     5.22938e-05     5.22938e-05     -7.11811e-05     0.000134284
1005    0.00019051     0.000289247     0.000289247     0.000289247     0.000289247     0.000289247     0.000289247
1015    0.00020321     0.000318172     0.000318172     0.000318172     0.000318172     0.000318172     0.000318172
1025    0.00019051     0.00018319     0.00018319     0.00018319     0.00018319     0.00018319     0.00018319
1035    0.000177809     0.000241039     0.000241039     0.000241039     0.000241039     0.000241039     0.000241039
1045    0.000152408     0.000106057     0.000106057     0.000106057     0.000106057     0.000106057     0.000106057
1055    0     0     0     0     0     0     0
1065    0     0     0     0     0     0     0
1075    0     0     0     0     0     0     0
1085    0     0     0     0     0     0     0
1095    0     0     0     0     0     0     0
1105    0     0     0     0     0     0     0
1115    0     0     0     0     0     0     0
1125    0     0     0     0     0     0     0
1135    0     0     0     0     0     0     0
1145    0     0     0     0     0     0     0
1155    0     0     0     0     0     0     0
1165    0     0     0     0     0     0     0
1175    0     0     0     0     0     0     0
1185    0     0     0     0     0     0     0
1195    0     0     0     0     0     0     0
1205    0     0     0     0     0     0     0
1215    0     0     0     0     0     0     0
1225    0     0     0     0     0     0     0
1235    0     0     0     0     0     0     0
1245    0     0     0     0     0     0     0
1255    0     0     0     0     0     0     0
1265    0     0     0     0     0     0     0
1275    0     0     0     0     0     0     0
1285    0     0     0     0     0     0     0
1295    0     0     0     0     0     0     0
1305    0     0     0     0     0     0     0
1315    0     0     0     0     0     0     0
1325    0     0     0     0     0     0     0
1335    0     0     0     0     0     0     0
1345    0     0     0     0     0     0     0
1355    0     0     0     0     0     0     0
1365    0     0     0     0     0     0     0
1375    0     0     0     0     0     0     0
1385    0     0     0     0     0     0     0
1395    0     0     0     0     0     0     0
1405    0     0     0     0     0     0     0
1415    0     0     0     0     0     0     0
1425    0     0     0     0     0     0     0
1435    0     0     0     0     0     0     0
1445    0     0     0     0     0     0     0
1455    0     0     0     0     0     0     0
1465    0     0     0     0     0     0     0
1475    0     0     0     0     0     0     0
1485    0     0     0     0     0     0     0
1495    0     0     0     0     0     0     0
1505    0     0     0     0     0     0     0
1515    0     0     0     0     0     0     0
1525    0     0     0     0     0     0     0
1535    0     0     0     0     0     0     0
1545    0     0     0     0     0     0     0
1555    0     0     0     0     0     0     0
1565    0     0     0     0     0     0     0
1575    0     0     0     0     0     0     0
1585    0     0     0     0     0     0     0
1595    0     0     0     0     0     0     0
1605    0     0     0     0     0     0     0
1615    0     0     0     0     0     0     0
1625    0     0     0     0     0     0     0
1635    0     0     0     0     0     0     0
1645    0     0     0     0     0     0     0
1655    0     0     0     0     0     0     0
1665    0     0     0     0     0     0     0
1675    0     0     0     0     0     0     0
1685    0     0     0     0     0     0     0
1695    0     0     0     0     0     0     0
1705    0     0     0     0     0     0     0
1715    0     0     0     0     0     0     0
1725    0     0     0     0     0     0     0
1735    0     0     0     0     0     0     0
1745    0     0     0     0     0     0     0
1755    0     0     0     0     0     0     0
1765    0     0     0     0     0     0     0
1775    0     0     0     0     0     0     0
1785    0     0     0     0     0     0     0
1795    0     0     0     0     0     0     0
1805    0     0     0     0     0     0     0
1815    0     0     0     0     0     0     0
1825    0     0     0     0     0     0     0
1835    0     0     0     0     0     0     0
1845    0     0     0     0     0     0     0
1855    0     0     0     0     0     0     0
1865    0     0     0     0     0     0     0
1875    0     0     0     0     0     0     0
1885    0     0     0     0     0     0     0
1895    0     0     0     0     0     0     0
1905    0     0     0     0     0     0     0
1915    0     0     0     0     0     0     0
1925    0     0     0     0     0     0     0
1935    0     0     0     0     0     0     0
1945    0     0     0     0     0     0     0
1955    0     0     0     0     0     0     0
1965    0     0     0     0     0     0     0
1975    0     0     0     0     0     0     0
1985    0     0     0     0     0     0     0
1995    0     0     0     0     0     0     0
2005    0     0     0     0     0     0     0
2015    0     0     0     0     0     0     0
2025    0     0     0     0     0     0     0
2035    0     0     0     0     0     0     0
2045    0     0     0     0     0     0     0
2055    0     0     0     0     0     0     0
2065    0     0     0     0     0     0     0
2075    0     0     0     0     0     0     0
2085    0     0     0     0     0     0     0
2095    0     0     0     0     0     0     0
2105    0     0     0     0     0     0     0
2115    0     0     0     0     0     0     0
2125    0     0     0     0     0     0     0
2135    0     0     0     0     0     0     0
2145    0     0     0     0     0     0     0
2155    0     0     0     0     0     0     0
2165    0     0     0     0     0     0     0
2175    0     0     0     0     0     0     0
2185    0     0     0     0     0     0     0
2195    0     0     0     0     0     0     0
2205    0     0     0     0     0     0     0
2215    0     0     0     0     0     0     0
2225    0     0     0     0     0     0     0
2235    0     0     0     0     0     0     0
2245    0     0     0     0     0     0     0
2255    0     0     0     0     0     0     0
2265    0     0     0     0     0     0     0
2275    0     0     0     0     0     0     0
2285    0     0     0     0     0     0     0
2295    0     0     0     0     0     0     0
2305    0     0     0     0     0     0     0
2315    0     0     0     0     0     0     0
2325    0     0     0     0     0     0     0
2335    0     0     0     0     0     0     0
2345    0     0     0     0     0     0     0
2355    0     0     0     0     0     0     0
2365    0     0     0     0     0     0     0
2375    0     0     0     0     0     0     0
2385    0     0     0     0     0     0     0
2395    0     0     0     0     0     0     0
