5    1.7945e-06     0     0     0     0     0     0
15    3.14038e-05     0     0     0     0     0     0
25    4.93488e-05     0     0     0     0     0     0
35    0.00010767     0     0     0     0     0     0
45    0.000126512     0     7.96957e-07     7.96957e-07     7.96957e-07     7.96957e-07     7.96957e-07
55    0.000172272     0     0     0     0     0     0
65    0.000227005     0     0     0     0     0     0
75    0.000247641     0     0     0     0     0     0
85    0.00030686     0     0     0     0     0     0
95    0.000366976     0     0     0     0     0     0
105    0.000392099     0     0     0     0     0     0
115    0.000426194     0     0     0     0     0     0
125    0.000507844     0     0     0     0     0     0
135    0.000528481     0     0     0     0     0     0
145    0.000545529     0     0     0     0     0     0
155    0.000601158     0     7.96957e-07     7.96957e-07     7.96957e-07     7.96957e-07     7.96957e-07
165    0.000627179     2.39087e-06     2.39087e-06     2.39087e-06     2.39087e-06     2.39087e-06     2.39087e-06
175    0.000652302     3.5863e-06     4.78174e-06     4.78174e-06     4.78174e-06     4.78174e-06     4.78174e-06
185    0.000703445     2.39087e-06     6.37565e-06     6.44431e-06     6.30262e-06     6.37565e-06     6.37565e-06
195    0.000738438     1.07589e-05     8.76652e-06     8.95534e-06     8.56567e-06     8.76652e-06     8.76652e-06
205    0.00076715     2.15178e-05     1.11574e-05     1.14017e-05     1.08979e-05     1.11574e-05     1.11574e-05
215    0.000819191     8.36805e-06     0.000731875     0.000732263     0.000731463     0.00102907     0.000524907
225    0.000883793     2.15178e-05     0.000784652     0.000785061     0.000784219     0.00110465     0.000561789
235    0.000852389     2.7495e-05     0.000722313     0.000723054     0.000721527     0.00101077     0.000521142
245    0.000923272     3.94494e-05     0.000699433     0.000700036     0.000698794     0.000981641     0.000502392
255    0.000916094     3.82539e-05     0.000678499     0.000679605     0.000677326     0.000942335     0.000493996
265    0.000938525     4.18402e-05     0.000652463     0.000653592     0.000651267     0.000904452     0.000475755
275    0.00101928     4.6622e-05     0.000640455     0.000641693     0.000639145     0.000886865     0.000467601
285    0.0011099     6.57489e-05     0.000591988     0.00059357     0.000590314     0.00081232     0.000437258
295    0.00113413     7.05307e-05     0.000625672     0.000627917     0.000623297     0.000849889     0.000468129
305    0.00115745     9.08531e-05     0.000590326     0.000592788     0.000587725     0.000797085     0.000444931
315    0.00116104     0.000111175     0.000639225     0.000642044     0.000636251     0.000860571     0.000483236
325    0.00119334     0.000114762     0.000616573     0.000620309     0.000612636     0.00081425     0.000476999
335    0.00132434     0.000163775     0.000635231     0.000639704     0.000630518     0.00082818     0.000498457
345    0.00123731     0.000199638     0.000699668     0.000705267     0.000693773     0.000897992     0.000557792
355    0.00137459     0.000257019     0.000801019     0.000808653     0.000792993     0.00101119     0.000650273
365    0.00136651     0.000325158     0.000871154     0.000880896     0.000860933     0.00108535     0.000718075
375    0.00140061     0.000436334     0.00102089     0.00103307     0.00100814     0.00126639     0.000845794
385    0.0014688     0.000509255     0.00109181     0.00110658     0.00107637     0.00133856     0.000916401
395    0.0015334     0.000514037     0.00119358     0.00121153     0.00117482     0.00144638     0.00101434
405    0.00158814     0.000643144     0.00122058     0.00123952     0.00120081     0.00147849     0.00103816
415    0.0016321     0.000692157     0.00134937     0.00137211     0.00132567     0.00162139     0.00115734
425    0.00166081     0.000809309     0.00147135     0.00149746     0.00144418     0.00176286     0.00126603
435    0.00173798     0.000884622     0.00146059     0.00148782     0.00143228     0.00174168     0.00126294
445    0.00184744     0.000903749     0.00161557     0.00164776     0.00158219     0.0019153     0.00140534
455    0.00186269     0.00103525     0.00159027     0.00162368     0.0015557     0.00187924     0.00138807
465    0.00185282     0.00108067     0.00173049     0.0017698     0.00168987     0.00201925     0.00152838
475    0.00197844     0.00109263     0.00178709     0.00182906     0.00174382     0.00208558     0.00157809
485    0.00206637     0.00128987     0.0019992     0.00204674     0.00195035     0.00234976     0.00175423
495    0.00208701     0.00134008     0.00203693     0.00208879     0.00198373     0.00237068     0.00180403
505    0.0021229     0.00136638     0.00214409     0.00220253     0.0020843     0.00247596     0.00191273
515    0.0023185     0.00146321     0.00230422     0.00236944     0.00223772     0.00266718     0.00205173
525    0.00230145     0.00155287     0.00234805     0.00241776     0.00227713     0.00270627     0.00209927
535    0.00231311     0.00167002     0.00246356     0.00253817     0.00238791     0.0028528     0.00219328
545    0.00262356     0.00170828     0.00249549     0.00257485     0.00241542     0.00289056     0.00222107
555    0.00261997     0.00178718     0.00265665     0.00274554     0.00256722     0.00306254     0.00237496
565    0.00271239     0.00199279     0.00285792     0.00295502     0.00276049     0.00331776     0.00253933
575    0.00278507     0.00200474     0.00293141     0.00303897     0.00282429     0.00338673     0.00261624
585    0.00289094     0.00201789     0.00303061     0.00314758     0.00291459     0.00348712     0.00271481
595    0.00304976     0.0021207     0.00316243     0.00328857     0.0030379     0.00364902     0.00282613
605    0.00324087     0.00236337     0.00333949     0.00348396     0.00319764     0.00383549     0.00299729
615    0.00345262     0.00236337     0.00351997     0.00367976     0.00336401     0.00403697     0.00316367
625    0.00347954     0.00254149     0.00363355     0.00380299     0.00346922     0.00418697     0.00325243
635    0.00360246     0.00258573     0.00384044     0.0040317     0.00365655     0.00443708     0.00343002
645    0.00369129     0.00274711     0.00376057     0.00396586     0.0035645     0.00428696     0.00339894
655    0.00380165     0.00292523     0.00407717     0.00430848     0.00385766     0.00465643     0.00367955
665    0.00393534     0.00311291     0.00427621     0.00453996     0.00402906     0.004886     0.00385818
675    0.00419106     0.00324202     0.00442058     0.00471645     0.00414553     0.00499949     0.00402421
685    0.00436782     0.00358272     0.0046761     0.00500146     0.00437584     0.00530048     0.00424891
695    0.00453112     0.00346318     0.00484057     0.00520815     0.00450726     0.00550202     0.00438875
705    0.00453381     0.00375964     0.00495199     0.00535781     0.00458795     0.00558867     0.00451778
715    0.00474556     0.00400351     0.0053845     0.0058391     0.00498068     0.00611877     0.00488423
725    0.00490527     0.00417805     0.00567344     0.00621397     0.00520311     0.00639664     0.00518147
735    0.00501474     0.0044793     0.00582659     0.00642097     0.00531642     0.00654878     0.00533614
745    0.0050264     0.00466817     0.00616369     0.00683849     0.00559115     0.00688057     0.00567762
755    0.00514843     0.00496225     0.00630871     0.00707     0.00567787     0.00703646     0.00581607
765    0.00522111     0.00520373     0.00663051     0.00749383     0.00592662     0.00735076     0.00614358
775    0.00510895     0.00546672     0.00676108     0.00769003     0.00601348     0.0074823     0.00627436
785    0.00503448     0.0058385     0.0069092     0.00796431     0.00607967     0.00757633     0.00645994
795    0.00478953     0.00596522     0.00715674     0.00831834     0.00625757     0.00781486     0.00671437
805    0.00488194     0.00636569     0.00725968     0.00851644     0.00629844     0.00784396     0.00686758
815    0.00465943     0.00633102     0.00732269     0.0086817     0.00630223     0.00786304     0.00696086
825    0.00466302     0.00650675     0.00724177     0.00865889     0.00618769     0.00768491     0.00694533
835    0.00431668     0.00659641     0.00719158     0.00864511     0.00611699     0.00757906     0.0069332
845    0.00409506     0.00661434     0.00703542     0.00851281     0.00594926     0.0073216     0.00684505
855    0.00391112     0.00653186     0.006857     0.00830689     0.00578855     0.0067155     0.00707
865    0.00366886     0.00625571     0.00650127     0.00788868     0.00547497     0.00642418     0.00661771
875    0.00333239     0.00634298     0.00620436     0.00750514     0.00523174     0.00618168     0.00623872
885    0.00320498     0.00595924     0.00581603     0.00699415     0.00492109     0.0057709     0.00584576
895    0.00296542     0.0057883     0.00547158     0.00655194     0.00464     0.0053528     0.00554957
905    0.00273751     0.00532686     0.00492067     0.00582707     0.00420593     0.00474946     0.00503279
915    0.00250872     0.00511168     0.00467329     0.00547075     0.00402889     0.00443755     0.00482738
925    0.00240643     0.00462992     0.00409814     0.00475825     0.0035542     0.00382098     0.00427861
935    0.00218481     0.00423543     0.00377231     0.00431612     0.00331095     0.0034731     0.00396661
945    0.00206278     0.00396645     0.00334112     0.00377083     0.0029653     0.00299908     0.0035628
955    0.00188513     0.00360304     0.00299173     0.00334002     0.00268047     0.00266223     0.00320457
965    0.00165363     0.00313204     0.00271813     0.00299397     0.00246355     0.00235532     0.00295145
975    0.00156929     0.0030627     0.00248624     0.00269382     0.00228769     0.00213325     0.00271243
985    0.00144009     0.00271603     0.00216195     0.0023205     0.00200633     0.00181504     0.00238359
995    0.00126333     0.00247455     0.00196072     0.00207764     0.00184132     0.001613     0.0021823
1005    0.00126602     0.0022247     0.00175417     0.00183002     0.00167159     0.00141662     0.00196861
1015    0.00113682     0.00210397     0.00160043     0.00165452     0.00153809     0.00126714     0.00181149
1025    0.00100402     0.00183858     0.00137866     0.0014092     0.00133879     0.00104736     0.00158775
1035    0.000896354     0.0017549     0.00122766     0.00123563     0.00120938     0.000884669     0.00144332
1045    0.000890971     0.00159351     0.00118825     0.00119296     0.00117313     0.00087934     0.00138175
1055    0.000820088     0.0014405     0.000936426     0.000940791     0.000922153     0.000579494     0.00115912
1065    0.00072139     0.0013365     0.000838712     0.000856078     0.000811913     0.000508318     0.00104405
1075    0.000673836     0.00122173     0.00080924     0.000831832     0.000777842     0.000532294     0.000980579
1085    0.000651405     0.00116077     0.000720667     0.000749606     0.00068324     0.000427516     0.000901234
1095    0.000568857     0.00109143     0.000658481     0.000695821     0.000613178     0.000375398     0.000832081
1105    0.00055809     0.000925267     0.000626661     0.000666026     0.000580001     0.000382225     0.000775864
1115    0.000493488     0.000849954     0.000590069     0.000631232     0.000542256     0.000378967     0.00071832
1125    0.000455804     0.000800941     0.000492706     0.000539374     0.000439912     0.000252818     0.000637735
1135    0.000444139     0.000767469     0.000453689     0.000500069     0.000401762     0.000236408     0.000584419
1145    0.000413633     0.000749538     0.000373181     0.000418514     0.000322893     0.000150517     0.000506497
1155    0.000389407     0.000645535     0.000387055     0.000436271     0.000333294     0.000201655     0.000497525
1165    0.00035262     0.000600108     0.000298492     0.000348642     0.000244048     6.66088e-05     0.000435948
1175    0.000334675     0.000558268     0.000296921     0.000347385     0.000242432     8.59995e-05     0.000421347
1185    0.0003266     0.000517623     0.000301251     0.000352013     0.000246915     0.000133801     0.000399492
1195    0.000305963     0.000484151     0.00027825     0.000328726     0.000224484     0.000115051     0.000373493
1205    0.000296093     0.000462633     0.00023474     0.0002857     0.000180679     5.06181e-05     0.00034167
1215    0.000247641     0.000378953     0.000224215     0.000274996     0.000170644     6.19054e-05     0.000317997
1225    0.000242258     0.000395689     0.000228388     0.000280148     0.00017399     7.76027e-05     0.000315012
1235    0.000250333     0.000380148     0.000232275     0.00028285     0.000179288     0.000104928     0.000305047
1245    0.000212649     0.000359826     0.000171734     0.000225573     0.000115541     -4.30824e-06     0.000271791
1255    0.000222518     0.000308422     0.000115466     0.000161632     6.74086e-05     -5.17407e-05     0.000209998
1265    0.000182142     0.0002881     0.000186854     0.000237849     0.000133882     6.10272e-05     0.000257609
1275    0.000161505     0.000267777     0.000166454     0.000214597     0.000116582     5.36163e-05     0.000229544
1285    0.000174067     0.000300054     0.000148689     0.000190619     0.000105318     6.11565e-05     0.000197368
1295    0.000154327     0.000242673     0.000109742     0.000153481     6.45706e-05     -1.41985e-05     0.000178287
1305    0.000139074     0.000259409     0.000125841     0.000171225     7.91139e-05     1.81143e-05     0.000185068
1315    0.000138177     0.00019127     7.63479e-05     0.00011837     3.315e-05     -5.27367e-05     0.000146898
1325    0.000142663     0.000218765     0.000127981     0.000171306     8.34976e-05     4.40612e-05     0.000173584
1335    0.000144457     0.000197247     0.000121204     0.000165763     7.55371e-05     3.37319e-05     0.000168462
1345    0.000135485     0.00019127     8.52778e-05     0.00012456     4.50678e-05     -6.33489e-06     0.000134466
1355    0.000103184     0.000174534     4.29405e-05     7.367e-05     1.15118e-05     -4.83278e-05     9.16633e-05
1365    0.000104081     0.000162579     8.27786e-05     0.000122832     4.18664e-05     -5.07364e-06     0.000129395
1375    9.69032e-05     0.000148234     1.13068e-05     5.14945e-05     -2.96884e-05     -0.000140188     9.12024e-05
1385    7.26774e-05     0.000155407     6.95479e-05     0.000106848     3.1521e-05     -1.24824e-05     0.000112527
1395    9.78004e-05     0.000127912     3.67662e-05     6.86891e-05     4.25811e-06     -5.18484e-05     8.29147e-05
1405    8.25471e-05     0.000158993     7.99656e-05     0.000117389     4.18908e-05     1.66216e-05     0.00011274
1415    6.54994e-05     0.000101612     6.86436e-05     0.000103536     3.31656e-05     6.00029e-06     0.000100862
1425    8.16499e-05     0.000114762     1.64479e-05     4.59196e-05     -1.34918e-05     -7.58058e-05     6.3614e-05
1435    7.98554e-05     0.000125521     3.66075e-05     6.66957e-05     6.06917e-06     -3.43639e-05     7.26443e-05
1445    7.62664e-05     0.000112371     5.94312e-05     9.32644e-05     2.51088e-05     5.8488e-07     8.9106e-05
1455    7.08829e-05     8.84622e-05     4.96424e-05     7.91138e-05     1.976e-05     -1.66237e-06     7.53599e-05
1465    5.65268e-05     0.000101612     4.26231e-05     7.71554e-05     7.63863e-06     -3.06699e-05     7.9088e-05
1475    5.56296e-05     8.2485e-05     2.42481e-05     4.87609e-05     -5.77463e-07     -3.35265e-05     5.28015e-05
1485    6.37049e-05     9.20485e-05     1.39794e-05     4.62008e-05     -1.86371e-05     -7.95135e-05     5.98922e-05
1495    5.47323e-05     7.77033e-05     3.93872e-05     8.49e-05     -6.64591e-06     -6.48427e-06     6.17608e-05
1505    4.93488e-05     7.65078e-05     3.28761e-05     5.88675e-05     6.58955e-06     -7.41148e-06     5.23959e-05
1515    4.57598e-05     8.00941e-05     9.2318e-06     9.2318e-06     9.2318e-06     -6.77595e-05     4.62718e-05
1525    5.38351e-05     5.37946e-05     3.2674e-05     3.2674e-05     3.2674e-05     -8.87673e-06     5.25285e-05
1535    3.31983e-05     7.17261e-05     1.47264e-06     1.47264e-06     1.47264e-06     -8.82624e-05     4.40987e-05
1545    4.30681e-05     6.21626e-05     1.02873e-05     1.02873e-05     1.02873e-05     -4.10304e-05     3.44428e-05
1555    3.85818e-05     6.69444e-05     3.40949e-06     3.40949e-06     3.40949e-06     -7.29436e-05     3.91593e-05
1565    5.02461e-05     4.90128e-05     -6.27499e-06     -6.27499e-06     -6.27499e-06     -9.26156e-05     3.38281e-05
1575    3.31983e-05     4.90128e-05     1.38688e-05     1.38688e-05     1.38688e-05     -4.37012e-05     4.04394e-05
1585    3.31983e-05     5.25991e-05     3.03376e-05     3.03376e-05     3.03376e-05     -3.48373e-06     4.582e-05
1595    3.31983e-05     1.19544e-05     1.89951e-05     1.89951e-05     1.89951e-05     -1.24691e-05     3.32926e-05
1605    3.31983e-05     0     2.70046e-06     2.70046e-06     2.70046e-06     -4.48312e-05     2.41753e-05
1615    2.69175e-05     0     1.97956e-05     1.97956e-05     1.97956e-05     -1.34934e-05     3.47067e-05
1625    2.60203e-05     0     8.72905e-07     8.72905e-07     8.72905e-07     -4.61091e-05     2.17853e-05
1635    3.14038e-05     0     2.21789e-05     2.21789e-05     2.21789e-05     -4.51355e-06     3.39672e-05
1645    1.97395e-05     0     -1.0543e-05     -1.0543e-05     -1.0543e-05     -9.23953e-05     2.53414e-05
1655    2.60203e-05     0     -1.73504e-06     -1.73504e-06     -1.73504e-06     -4.76724e-05     1.82355e-05
1665    3.14038e-05     0     2.7594e-05     2.7594e-05     2.7594e-05     -6.93811e-06     4.25135e-05
1675    2.06368e-05     0     1.54397e-05     1.54397e-05     1.54397e-05     -4.21391e-06     2.38652e-05
1685    2.06368e-05     0     1.83431e-05     1.83431e-05     1.83431e-05     -5.34035e-06     2.84218e-05
1695    2.33285e-05     0     1.04237e-05     1.04237e-05     1.04237e-05     -3.19791e-06     1.61777e-05
1705    3.14038e-05     0     -4.01207e-05     -4.01207e-05     -4.01207e-05     -0.000141143     2.24118e-06
1715    1.88423e-05     0     9.16836e-06     9.16836e-06     9.16836e-06     -3.13006e-06     1.42848e-05
1725    2.24313e-05     0     1.54341e-05     1.54341e-05     1.54341e-05     -5.47833e-06     2.40702e-05
1735    2.24313e-05     0     1.001e-05     1.001e-05     1.001e-05     -3.73433e-06     1.56408e-05
1745    1.4356e-05     0     8.76607e-06     8.76607e-06     8.76607e-06     -3.40966e-06     1.37134e-05
1755    1.4356e-05     0     -7.58022e-06     -7.58022e-06     -7.58022e-06     -5.12413e-05     1.00534e-05
1765    1.88423e-05     0     8.34729e-06     8.34729e-06     8.34729e-06     -1.60281e-05     1.80988e-05
1775    1.25615e-05     0     1.37737e-05     1.37737e-05     1.37737e-05     -6.0803e-06     2.16576e-05
1785    1.7945e-05     0     -8.42155e-06     -8.42155e-06     -8.42155e-06     -5.2743e-05     9.01417e-06
1795    7.17801e-06     0     1.34005e-05     1.34005e-05     1.34005e-05     -6.2705e-06     2.10888e-05
1805    8.97251e-06     0     -7.5053e-06     -7.5053e-06     -7.5053e-06     -5.40544e-05     1.05205e-05
1815    1.61505e-05     0     7.95454e-06     7.95454e-06     7.95454e-06     -4.02249e-06     1.25619e-05
1825    9.86977e-06     0     -9.15976e-06     -9.15976e-06     -9.15976e-06     -5.40917e-05     8.01279e-06
1835    1.16643e-05     0     9.66076e-06     9.66076e-06     9.66076e-06     -5.14879e-06     1.52676e-05
1845    6.28076e-06     0     -7.30767e-06     -7.30767e-06     -7.30767e-06     -5.5858e-05     1.09087e-05
1855    5.38351e-06     0     5.04782e-06     5.04782e-06     5.04782e-06     -2.84611e-06     7.99215e-06
1865    1.52533e-05     0     1.0118e-05     1.0118e-05     1.0118e-05     -5.83363e-06     1.60181e-05
1875    5.38351e-06     0     5.91471e-06     5.91471e-06     5.91471e-06     -3.4817e-06     9.36269e-06
1885    1.16643e-05     0     -1.1032e-05     -1.1032e-05     -1.1032e-05     -5.5759e-05     5.21741e-06
1895    1.25615e-05     0     3.10825e-06     3.10825e-06     3.10825e-06     -1.60863e-05     1.00341e-05
1905    8.07526e-06     0     3.39387e-06     3.39387e-06     3.39387e-06     -2.14963e-06     5.3794e-06
1915    5.38351e-06     0     6.80141e-06     6.80141e-06     6.80141e-06     -4.38872e-06     1.07787e-05
1925    8.07526e-06     0     4.68849e-06     4.68849e-06     4.68849e-06     -3.07359e-06     7.42536e-06
1935    4.48626e-06     0     2.11397e-07     2.11397e-07     2.11397e-07     -1.47578e-05     5.44146e-06
1945    7.17801e-06     0     4.27869e-06     4.27869e-06     4.27869e-06     -2.91602e-06     6.77512e-06
1955    2.69175e-06     0     3.42829e-06     3.42829e-06     3.42829e-06     -2.38884e-06     5.42985e-06
1965    7.17801e-06     0     1.28912e-06     1.28912e-06     1.28912e-06     -9.028e-07     2.03924e-06
1975    1.16643e-05     0     -1.78307e-05     -1.78307e-05     -1.78307e-05     -5.39239e-05     -5.62341e-06
1985    3.58901e-06     0     0     0     0     0     0
1995    3.58901e-06     0     0     0     0     0     0
2005    8.97251e-06     0     0     0     0     0     0
2015    3.58901e-06     0     0     0     0     0     0
2025    8.97251e-07     0     0     0     0     0     0
2035    8.07526e-06     0     0     0     0     0     0
2045    7.17801e-06     0     0     0     0     0     0
2055    4.48626e-06     0     0     0     0     0     0
2065    5.38351e-06     0     0     0     0     0     0
2075    3.58901e-06     0     0     0     0     0     0
2085    1.7945e-06     0     0     0     0     0     0
2095    3.58901e-06     0     0     0     0     0     0
2105    3.58901e-06     0     0     0     0     0     0
2115    4.48626e-06     0     0     0     0     0     0
2125    1.7945e-06     0     0     0     0     0     0
2135    8.97251e-07     0     0     0     0     0     0
2145    2.69175e-06     0     0     0     0     0     0
2155    6.28076e-06     0     0     0     0     0     0
2165    3.58901e-06     0     0     0     0     0     0
2175    8.97251e-07     0     0     0     0     0     0
2185    6.28076e-06     0     0     0     0     0     0
2195    8.97251e-07     0     0     0     0     0     0
2205    1.7945e-06     0     0     0     0     0     0
2215    3.58901e-06     0     0     0     0     0     0
2225    0     0     0     0     0     0     0
2235    1.7945e-06     0     0     0     0     0     0
2245    1.7945e-06     0     0     0     0     0     0
2255    2.69175e-06     0     0     0     0     0     0
2265    0     0     0     0     0     0     0
2275    1.7945e-06     0     0     0     0     0     0
2285    8.97251e-07     0     0     0     0     0     0
2295    0     0     0     0     0     0     0
2305    3.58901e-06     0     0     0     0     0     0
2315    8.97251e-07     0     0     0     0     0     0
2325    8.97251e-07     0     0     0     0     0     0
2335    2.69175e-06     0     0     0     0     0     0
2345    0     0     0     0     0     0     0
2355    0     0     0     0     0     0     0
2365    0     0     0     0     0     0     0
2375    8.97251e-07     0     0     0     0     0     0
2385    8.97251e-07     0     0     0     0     0     0
2395    2.69175e-06     0     0     0     0     0     0
