5    0     0     0     0     0     0     0
15    0     0     0     0     0     0     0
25    0     0     0     0     0     0     0
35    0     0     0     0     0     0     0
45    0.000251853     0     0     0     0     0     0
55    0.00140093     0     0     0     0     0     0
65    0.00149538     0     0     0     0     0     0
75    0.0018889     0     0     0     0     0     0
85    0.00251853     0     0     0     0     0     0
95    0.00283335     0     0     0     0     0     0
105    0.0031639     0     0     0     0     0     0
115    0.00332131     0     0     0     0     0     0
125    0.00380928     0     0     0     0     0     0
135    0.00432873     0     0     0     0     0     0
145    0.00495836     0     0     0     0     0     0
155    0.00541484     0     0     0     0     0     0
165    0.00519447     1.51439e-05     1.51439e-05     1.51439e-05     1.51439e-05     1.51439e-05     1.51439e-05
175    0.00590281     9.08633e-05     9.08633e-05     9.08633e-05     9.08633e-05     9.08633e-05     9.08633e-05
185    0.00714633     9.08633e-05     9.08633e-05     9.08633e-05     9.08633e-05     9.08633e-05     9.08633e-05
195    0.00755559     0.00019687     0.00019687     0.00019687     0.00019687     0.00019687     0.00019687
205    0.00772874     0.000348309     0.000348309     0.000348309     0.000348309     0.000348309     0.000348309
215    0.00886208     0.000242302     0.00330166     0.00330166     0.00330166     0.00495514     0.00216625
225    0.0101528     0.000333165     0.00343914     0.00343914     0.00343914     0.00512022     0.0022842
235    0.0111602     0.000666331     0.00382862     0.00382862     0.00382862     0.00554397     0.00265005
245    0.0119315     0.000666331     0.00386647     0.00386647     0.00386647     0.00560475     0.00267165
255    0.0137103     0.00140838     0.00459814     0.00459814     0.00459814     0.00633257     0.0034053
265    0.0142769     0.0012418     0.00446814     0.00446814     0.00446814     0.00622462     0.0032597
275    0.0161816     0.00157496     0.00474408     0.00474408     0.00474408     0.00647181     0.00355511
285    0.0185112     0.00216557     0.00540843     0.00540843     0.00540843     0.00718048     0.0041891
295    0.0217223     0.00318021     0.00648906     0.00648906     0.00648906     0.00829849     0.0052433
305    0.0246501     0.00381626     0.00728892     0.00728892     0.00728892     0.00919034     0.00597943
315    0.0293251     0.00537608     0.0090059     0.0090059     0.0090059     0.0109978     0.00763414
325    0.0343307     0.00773852     0.0117787     0.0117787     0.0117787     0.0139965     0.0102502
335    0.0420437     0.010419     0.0149328     0.0149328     0.0149328     0.0174099     0.013224
345    0.0543688     0.015265     0.0207573     0.0207573     0.0207573     0.0237951     0.0186659
355    0.0650096     0.0265321     0.034119     0.034195     0.034043     0.0383524     0.0312119
365    0.0839615     0.040419     0.0510572     0.0512274     0.050887     0.0570549     0.0469538
375    0.116309     0.0658607     0.0813142     0.0816952     0.0809332     0.0901147     0.0753151
385    0.167876     0.109839     0.132827     0.133761     0.131892     0.146045     0.123847
395    0.255631     0.188057     0.221019     0.223553     0.218484     0.240047     0.208106
405    0.42272     0.354049     0.398418     0.406688     0.390149     0.424139     0.380985
415    0.663838     0.660773     0.704853     0.731904     0.677803     0.730504     0.687485
425    0.777266     0.927729     0.936539     0.985675     0.887403     0.944339     0.930397
435    0.56966     0.740369     0.709361     0.739099     0.679623     0.691252     0.72162
445    0.33221     0.434538     0.397274     0.406786     0.387761     0.375457     0.412035
455    0.200019     0.252978     0.222336     0.225326     0.219347     0.204384     0.234486
465    0.124888     0.159859     0.136093     0.137187     0.134999     0.122155     0.145529
475    0.0833791     0.109566     0.090847     0.0913065     0.0903875     0.0798535     0.098289
485    0.0589966     0.080626     0.0653336     0.0655466     0.0651206     0.056342     0.0714213
495    0.0445308     0.0561989     0.0445029     0.0445941     0.0444117     0.0376179     0.049165
505    0.0336854     0.0434932     0.0338611     0.0338717     0.0338505     0.0281864     0.0377047
515    0.0255631     0.0361787     0.0276713     0.0276713     0.0276713     0.0226497     0.0310717
525    0.0208723     0.0287128     0.0217302     0.0217302     0.0217302     0.0176018     0.0245254
535    0.016276     0.0232004     0.0171836     0.0171836     0.0171836     0.0136256     0.019594
545    0.0137417     0.0197476     0.0144791     0.0144791     0.0144791     0.0113618     0.0165917
555    0.0118056     0.0155225     0.0110118     0.0110118     0.0110118     0.00833581     0.0128242
565    0.00949171     0.0154619     0.0110577     0.0110577     0.0110577     0.00844949     0.0128267
575    0.00861023     0.0116608     0.00811488     0.00811488     0.00811488     0.00601647     0.00953943
585    0.00705189     0.0100101     0.00687886     0.00687886     0.00687886     0.00502417     0.00813811
595    0.00624911     0.00925291     0.00622964     0.00622964     0.00622964     0.00442941     0.00744986
605    0.00514725     0.00781424     0.00511313     0.00511313     0.00511313     0.00350044     0.00620555
615    0.00417132     0.00757194     0.00497662     0.00497662     0.00497662     0.00342852     0.00602639
625    0.00391946     0.00619385     0.00394929     0.00394929     0.00394929     0.0026049     0.00485978
635    0.00349446     0.00563352     0.00349064     0.00349064     0.00349064     0.00220705     0.00436042
645    0.00338428     0.00466431     0.00285491     0.00285491     0.00285491     0.00176739     0.00359111
655    0.00291205     0.00467946     0.00285508     0.00285508     0.00285508     0.00175184     0.00360028
665    0.00272316     0.00381626     0.00218705     0.00218705     0.00218705     0.00119884     0.00285402
675    0.00236112     0.00328622     0.00184612     0.00184612     0.00184612     0.000971192     0.00243652
685    0.00176297     0.00286219     0.00160366     0.00160366     0.00160366     0.000839689     0.00211968
695    0.00181019     0.00263503     0.0014105     0.0014105     0.0014105     0.000665949     0.00191331
705    0.00152686     0.00260475     0.0013669     0.0013669     0.0013669     0.000612048     0.00187625
715    0.00171575     0.00260475     0.00144679     0.00144679     0.00144679     0.000737131     0.00192481
725    0.00121204     0.00207471     0.0010878     0.0010878     0.0010878     0.000481257     0.00149609
735    0.0011963     0.00212014     0.00117254     0.00117254     0.00117254     0.000590069     0.00156479
745    0.00136945     0.00199899     0.00108558     0.00108558     0.00108558     0.000520776     0.00146511
755    0.00102315     0.00157496     0.000715899     0.000715899     0.000715899     0.000182932     0.00107365
765    0.000724078     0.00143867     0.000647316     0.000647316     0.000647316     0.000155914     0.000977231
775    0.00102315     0.00139324     0.000652411     0.000652411     0.000652411     0.000189603     0.000962417
785    0.000818523     0.00122665     0.000571104     0.000571104     0.000571104     0.000160177     0.000846077
795    0.00096019     0.00139324     0.000642751     0.000642751     0.000642751     0.000171597     0.000957949
805    0.000125927     0.000106007     -0.000187892     -0.000187892     -0.000187892     -0.000373311     -6.40723e-05
815    0     0     -0.000218409     -0.000218409     -0.000218409     -0.00035696     -0.00012607
825    0     0     -0.000287692     -0.000287692     -0.000287692     -0.000470895     -0.000165746
835    0     0     -0.000202936     -0.000202936     -0.000202936     -0.000332715     -0.000116686
845    0     0     -0.000203594     -0.000203594     -0.000203594     -0.000334409     -0.000116804
855    0     0     -0.000244132     -0.000244132     -0.000244132     -0.000401738     -0.000139753
865    0     0     -0.000200606     -0.000200606     -0.000200606     -0.000330776     -0.000114565
875    0     0     -0.000206589     -0.000206589     -0.000206589     -0.000341183     -0.000117743
885    0     0     -0.000193149     -0.000193149     -0.000193149     -0.000319456     -0.000109888
895    0     0     -0.000173109     -0.000173109     -0.000173109     -0.000287019     -9.82049e-05
905    0     0     -0.000131531     -0.000131531     -0.000131531     -0.000218559     -7.44268e-05
915    0     0     -0.000150799     -0.000150799     -0.000150799     -0.000251202     -8.50816e-05
925    0     0     -0.000163176     -0.000163176     -0.000163176     -0.000272424     -9.18278e-05
935    0     0     -0.000195363     -0.000195363     -0.000195363     -0.000326889     -0.000109659
945    0     0     -0.000129335     -0.000129335     -0.000129335     -0.000216891     -7.24105e-05
955    0     0     -0.000143573     -0.000143573     -0.000143573     -0.000241286     -8.0182e-05
965    0     0     -8.7227e-05     -8.7227e-05     -8.7227e-05     -0.000147017     -4.85525e-05
975    0     0     -0.000118853     -0.000118853     -0.000118853     -0.000200757     -6.59922e-05
985    0     0     -0.000117557     -0.000117557     -0.000117557     -0.000199102     -6.50743e-05
995    0     0     -0.000113748     -0.000113748     -0.000113748     -0.000193195     -6.27653e-05
1005    0     0     0     0     0     0     0
1015    0     0     0     0     0     0     0
1025    0     0     0     0     0     0     0
1035    0     0     0     0     0     0     0
1045    0     0     0     0     0     0     0
1055    0     0     0     0     0     0     0
1065    0     0     0     0     0     0     0
1075    0     0     0     0     0     0     0
1085    0     0     0     0     0     0     0
1095    0     0     0     0     0     0     0
1105    0     0     0     0     0     0     0
1115    0     0     0     0     0     0     0
1125    0     0     0     0     0     0     0
1135    0     0     0     0     0     0     0
1145    0     0     0     0     0     0     0
1155    0     0     0     0     0     0     0
1165    0     0     0     0     0     0     0
1175    0     0     0     0     0     0     0
1185    0     0     0     0     0     0     0
1195    0     0     0     0     0     0     0
1205    0     0     0     0     0     0     0
1215    0     0     0     0     0     0     0
1225    0     0     0     0     0     0     0
1235    0     0     0     0     0     0     0
1245    0     0     0     0     0     0     0
1255    0     0     0     0     0     0     0
1265    0     0     0     0     0     0     0
1275    0     0     0     0     0     0     0
1285    0     0     0     0     0     0     0
1295    0     0     0     0     0     0     0
1305    0     0     0     0     0     0     0
1315    0     0     0     0     0     0     0
1325    0     0     0     0     0     0     0
1335    0     0     0     0     0     0     0
1345    0     0     0     0     0     0     0
1355    0     0     0     0     0     0     0
1365    0     0     0     0     0     0     0
1375    0     0     0     0     0     0     0
1385    0     0     0     0     0     0     0
1395    0     0     0     0     0     0     0
1405    0     0     0     0     0     0     0
1415    0     0     0     0     0     0     0
1425    0     0     0     0     0     0     0
1435    0     0     0     0     0     0     0
1445    0     0     0     0     0     0     0
1455    0     0     0     0     0     0     0
1465    0     0     0     0     0     0     0
1475    0     0     0     0     0     0     0
1485    0     0     0     0     0     0     0
1495    0     0     0     0     0     0     0
1505    0     0     0     0     0     0     0
1515    0     0     0     0     0     0     0
1525    0     0     0     0     0     0     0
1535    0     0     0     0     0     0     0
1545    0     0     0     0     0     0     0
1555    0     0     0     0     0     0     0
1565    0     0     0     0     0     0     0
1575    0     0     0     0     0     0     0
1585    0     0     0     0     0     0     0
1595    0     0     0     0     0     0     0
1605    0     0     0     0     0     0     0
1615    0     0     0     0     0     0     0
1625    0     0     0     0     0     0     0
1635    0     0     0     0     0     0     0
1645    0     0     0     0     0     0     0
1655    0     0     0     0     0     0     0
1665    0     0     0     0     0     0     0
1675    0     0     0     0     0     0     0
1685    0     0     0     0     0     0     0
1695    0     0     0     0     0     0     0
1705    0     0     0     0     0     0     0
1715    0     0     0     0     0     0     0
1725    0     0     0     0     0     0     0
1735    0     0     0     0     0     0     0
1745    0     0     0     0     0     0     0
1755    0     0     0     0     0     0     0
1765    0     0     0     0     0     0     0
1775    0     0     0     0     0     0     0
1785    0     0     0     0     0     0     0
1795    0     0     0     0     0     0     0
1805    0     0     0     0     0     0     0
1815    0     0     0     0     0     0     0
1825    0     0     0     0     0     0     0
1835    0     0     0     0     0     0     0
1845    0     0     0     0     0     0     0
1855    0     0     0     0     0     0     0
1865    0     0     0     0     0     0     0
1875    0     0     0     0     0     0     0
1885    0     0     0     0     0     0     0
1895    0     0     0     0     0     0     0
1905    0     0     0     0     0     0     0
1915    0     0     0     0     0     0     0
1925    0     0     0     0     0     0     0
1935    0     0     0     0     0     0     0
1945    0     0     0     0     0     0     0
1955    0     0     0     0     0     0     0
1965    0     0     0     0     0     0     0
1975    0     0     0     0     0     0     0
1985    0     0     0     0     0     0     0
1995    0     0     0     0     0     0     0
2005    0     0     0     0     0     0     0
2015    0     0     0     0     0     0     0
2025    0     0     0     0     0     0     0
2035    0     0     0     0     0     0     0
2045    0     0     0     0     0     0     0
2055    0     0     0     0     0     0     0
2065    0     0     0     0     0     0     0
2075    0     0     0     0     0     0     0
2085    0     0     0     0     0     0     0
2095    0     0     0     0     0     0     0
2105    0     0     0     0     0     0     0
2115    0     0     0     0     0     0     0
2125    0     0     0     0     0     0     0
2135    0     0     0     0     0     0     0
2145    0     0     0     0     0     0     0
2155    0     0     0     0     0     0     0
2165    0     0     0     0     0     0     0
2175    0     0     0     0     0     0     0
2185    0     0     0     0     0     0     0
2195    0     0     0     0     0     0     0
2205    0     0     0     0     0     0     0
2215    0     0     0     0     0     0     0
2225    0     0     0     0     0     0     0
2235    0     0     0     0     0     0     0
2245    0     0     0     0     0     0     0
2255    0     0     0     0     0     0     0
2265    0     0     0     0     0     0     0
2275    0     0     0     0     0     0     0
2285    0     0     0     0     0     0     0
2295    0     0     0     0     0     0     0
2305    0     0     0     0     0     0     0
2315    0     0     0     0     0     0     0
2325    0     0     0     0     0     0     0
2335    0     0     0     0     0     0     0
2345    0     0     0     0     0     0     0
2355    0     0     0     0     0     0     0
2365    0     0     0     0     0     0     0
2375    0     0     0     0     0     0     0
2385    0     0     0     0     0     0     0
2395    0     0     0     0     0     0     0
