5    0     0     0     0     0     0     0
15    0     0     0     0     0     0     0
25    4.86006e-05     0     0     0     0     0     0
35    0.000126155     0     0     0     0     0     0
45    0.000177858     0     0     0     0     0     0
55    0.000232663     0     0     0     0     0     0
65    0.000288502     0     0     0     0     0     0
75    0.000375362     0     0     0     0     0     0
85    0.000406384     0     0     0     0     0     0
95    0.000464291     0     0     0     0     0     0
105    0.000502551     0     0     0     0     0     0
115    0.000521164     0     0     0     0     0     0
125    0.00059665     0     0     0     0     0     0
135    0.000655592     0     0     0     0     0     0
145    0.000711431     0     0     0     0     0     0
155    0.000720737     0     0     0     0     0     0
165    0.000806564     0     2.05091e-06     2.05091e-06     2.05091e-06     2.05091e-06     2.05091e-06
175    0.000856199     0     6.15274e-06     6.15274e-06     6.15274e-06     6.15274e-06     6.15274e-06
185    0.000905833     0     8.20365e-06     8.20365e-06     8.20365e-06     8.20365e-06     8.20365e-06
195    0.000992694     0     1.23055e-05     1.23055e-05     1.23055e-05     1.23055e-05     1.23055e-05
205    0.000917208     0     2.05091e-05     2.05091e-05     2.05091e-05     2.05091e-05     2.05091e-05
215    0.00102061     0     0.000837206     0.000837206     0.000837206     0.00117732     0.000600598
225    0.00110541     0     0.000828253     0.000828253     0.000828253     0.00116134     0.000596309
235    0.00107335     0     0.000808492     0.000808492     0.000808492     0.00112862     0.000585227
245    0.00121295     0     0.000779941     0.000779941     0.000779941     0.00109139     0.00056247
255    0.00112505     2.30728e-05     0.000736253     0.000736253     0.000736253     0.00102437     0.000534627
265    0.00124914     6.30656e-05     0.000720608     0.000720608     0.000720608     0.000996625     0.000527047
275    0.00129671     6.76801e-05     0.000697873     0.000697873     0.000697873     0.000959011     0.000514739
285    0.00132359     8.92147e-05     0.000679055     0.000679055     0.000679055     0.00092673     0.000505085
295    0.00139391     0.000113826     0.000696349     0.000697416     0.000695226     0.000940472     0.000524739
305    0.00142183     0.000119978     0.000671252     0.000673004     0.000669407     0.000902399     0.000508692
315    0.00153764     0.000175353     0.000697439     0.000699713     0.000695044     0.000925159     0.000536945
325    0.00161003     0.000209193     0.000745846     0.000748771     0.000742766     0.000976902     0.000582684
335    0.00165759     0.000229189     0.000768695     0.000772226     0.00076498     0.00099298     0.000609717
345    0.00169068     0.000299946     0.000843639     0.000848604     0.000838419     0.00105859     0.00068991
355    0.00176617     0.000410695     0.000985697     0.000992456     0.000978605     0.00121632     0.000820283
365    0.00173928     0.000510677     0.00112606     0.00113463     0.00111708     0.00137875     0.000945483
375    0.00177961     0.000590663     0.00123154     0.00124157     0.00122104     0.00150227     0.00103848
385    0.00193679     0.000716794     0.00141683     0.00143018     0.00140285     0.00169946     0.00121591
395    0.00203916     0.000816776     0.00154853     0.00156391     0.00153246     0.00185406     0.00133191
405    0.00214256     0.000947522     0.00169053     0.00170903     0.00167122     0.00200311     0.00146943
415    0.00220047     0.00107211     0.0018126     0.00183428     0.00178999     0.00212649     0.00159102
425    0.00227182     0.00112134     0.00191029     0.00193458     0.00188498     0.00223291     0.00168305
435    0.00232456     0.00132284     0.00207084     0.00209851     0.00204206     0.00241709     0.00182737
445    0.00244244     0.00147973     0.00219818     0.00223029     0.00216486     0.00253994     0.00195848
455    0.00256446     0.00156895     0.00243812     0.00247554     0.00239937     0.00281513     0.00217431
465    0.00269889     0.00171354     0.0025178     0.00255928     0.00247492     0.00288838     0.00225843
475    0.00281056     0.00190889     0.00266578     0.00271226     0.00261794     0.00304998     0.00239678
485    0.00290363     0.00196119     0.00295522     0.00301011     0.00289869     0.00336927     0.00266589
495    0.00308873     0.00212269     0.0030228     0.0030817     0.00296243     0.0034517     0.0027235
505    0.00332966     0.00227651     0.00326676     0.0033356     0.00319644     0.00370531     0.00296104
515    0.00336275     0.00236265     0.00347543     0.00355212     0.00339715     0.00395381     0.00314264
525    0.00371226     0.00261184     0.00367852     0.00376779     0.00358787     0.00414238     0.00335639
535    0.00381153     0.00282411     0.00390159     0.00400099     0.00380119     0.00440843     0.00354964
545    0.00401834     0.00300715     0.00410133     0.00421418     0.00398771     0.00461457     0.00374483
555    0.00425101     0.00333325     0.00436114     0.00448716     0.00423499     0.00493381     0.00396371
565    0.00459741     0.0035209     0.00477373     0.00492479     0.00462328     0.00536602     0.00436337
575    0.00479905     0.00394852     0.00497166     0.00514091     0.00480389     0.0055868     0.00454586
585    0.00520958     0.00411464     0.00538989     0.00558986     0.00519312     0.00603528     0.00494344
595    0.0056811     0.00427769     0.00579278     0.0060232     0.00556782     0.006506     0.00529985
605    0.00573694     0.00456225     0.00628119     0.00655313     0.00601828     0.00705282     0.00574883
615    0.00616815     0.00512677     0.0067932     0.00711657     0.00648355     0.00760338     0.00623485
625    0.00647836     0.00554054     0.00721722     0.00759488     0.00685956     0.0080638     0.00663422
635    0.00701917     0.00604506     0.00777224     0.00821851     0.00735488     0.0086814     0.00714683
645    0.00737489     0.0064896     0.00819583     0.00872131     0.00771097     0.00910462     0.00757151
655    0.00789916     0.00701412     0.00898288     0.00962321     0.00840084     0.00994701     0.00832108
665    0.00820937     0.00761863     0.00969352     0.0104638     0.00900534     0.0106963     0.0090061
675    0.00861369     0.00813084     0.0103723     0.0112963     0.00956141     0.0113758     0.00968528
685    0.00880395     0.00882303     0.0107912     0.011868     0.00986417     0.0117551     0.0101316
695    0.00888151     0.00967364     0.0112911     0.0125456     0.0102323     0.0122286     0.0106507
705    0.00912244     0.0103689     0.012003     0.0134826     0.0107787     0.0129059     0.0113873
715    0.00915657     0.0110765     0.012443     0.0141373     0.0110668     0.0132457     0.0118961
725    0.00873157     0.0111503     0.0126647     0.0145374     0.0111673     0.0133558     0.0121945
735    0.00843583     0.0116917     0.012642     0.0146401     0.0110629     0.0131887     0.0122706
745    0.00796637     0.0119009     0.0124857     0.0145479     0.0108659     0.0128846     0.0122152
755    0.00749277     0.011784     0.0121692     0.0142186     0.0105591     0.012003     0.0124147
765    0.00711017     0.0113964     0.0113262     0.0132232     0.00982473     0.0112708     0.011408
775    0.00642769     0.0109965     0.010447     0.0121446     0.00908529     0.0103801     0.0104922
785    0.00584242     0.00986899     0.00960452     0.0110804     0.00839807     0.00941125     0.00973465
795    0.0051951     0.00939523     0.00849384     0.00970338     0.00748235     0.00819543     0.00869443
805    0.00480009     0.00809239     0.00747573     0.0084437     0.00664655     0.00710604     0.00772381
815    0.00421998     0.00735714     0.00657678     0.00733803     0.00590778     0.00615628     0.00685833
825    0.003856     0.00663419     0.00568135     0.00626465     0.00515559     0.00521397     0.00599402
835    0.00358818     0.00583433     0.00485587     0.00528867     0.00445591     0.00439166     0.00516539
845    0.00306184     0.00522367     0.00427214     0.00460048     0.00396136     0.00379248     0.00459122
855    0.00275576     0.00465301     0.00365363     0.00389332     0.00342114     0.00316525     0.00397805
865    0.00252206     0.00408696     0.00309848     0.00326804     0.00292996     0.00263697     0.00340396
875    0.00220151     0.00350398     0.00272398     0.00284557     0.0025998     0.00226526     0.00302684
885    0.0019616     0.0030533     0.00231471     0.00239637     0.00222892     0.00188261     0.0025995
895    0.00172791     0.00283641     0.00205517     0.00210917     0.00199605     0.00163784     0.00232919
905    0.00160382     0.00245802     0.00179472     0.00182654     0.00175748     0.00141165     0.00204557
915    0.00147146     0.00234727     0.00155931     0.00157467     0.00153865     0.00118442     0.00180433
925    0.0013298     0.00203502     0.0013359     0.00133961     0.00132702     0.000975346     0.00157067
935    0.00116435     0.00176584     0.00116028     0.00116183     0.00115409     0.000797928     0.00139558
945    0.00113126     0.00151511     0.00103546     0.00104427     0.0010225     0.000721486     0.00123895
955    0.000949264     0.00139821     0.00088841     0.000902626     0.000870521     0.000584918     0.00108444
965    0.000896527     0.00124285     0.000844711     0.000863448     0.000822627     0.000573008     0.00101945
975    0.00077761     0.00121824     0.000668389     0.000688854     0.000645127     0.00040931     0.00083441
985    0.000731078     0.0010475     0.000631813     0.00065593     0.000605084     0.000372733     0.000797349
995    0.000732112     0.000952136     0.000574176     0.000600461     0.000545504     0.000324671     0.000733188
1005    0.000609059     0.000858307     0.000486643     0.000514508     0.000456646     0.000225148     0.000652784
1015    0.000554254     0.000759863     0.000442729     0.000470272     0.000413337     0.000222179     0.000582394
1025    0.000525301     0.00071987     0.000406863     0.000435459     0.00037663     0.000198866     0.000538131
1035    0.000493245     0.00065219     0.00038529     0.000415442     0.000353609     0.000182602     0.000512728
1045    0.000462223     0.000595277     0.00031123     0.000339841     0.000281327     0.00011854     0.000431929
1055    0.000422929     0.00058451     0.000276191     0.000305396     0.000245797     8.34828e-05     0.000396429
1065    0.000338136     0.000535288     0.000264289     0.000292655     0.00023491     0.000100758     0.000365911
1075    0.000355715     0.000490681     0.00024352     0.000272454     0.000213631     8.35909e-05     0.00034247
1085    0.000310217     0.000458379     0.000198697     0.000227019     0.000169518     3.44428e-05     0.000299884
1095    0.000283331     0.000423001     0.000199227     0.000228443     0.000169204     4.55193e-05     0.000293473
1105    0.000279195     0.000410695     0.000169941     0.00019666     0.000142566     3.71575e-05     0.000251005
1115    0.000249208     0.000359935     0.000161828     0.000190517     0.000132498     1.88356e-05     0.000248699
1125    0.000222322     0.000310713     0.000140642     0.000168581     0.000112126     3.61217e-06     0.000223496
1135    0.000243003     0.000293793     0.000145931     0.000174933     0.000116357     1.5586e-05     0.000224366
1145    0.000232663     0.00028764     9.51631e-05     0.000120937     6.89009e-05     -3.55957e-05     0.000173448
1155    0.000192334     0.000259953     0.000114764     0.000138209     9.0924e-05     2.5873e-05     0.000167722
1165    0.000213016     0.0002538     9.01168e-05     0.000114898     6.49608e-05     -1.90618e-05     0.000154831
1175    0.000174756     0.000249186     7.73182e-05     9.93088e-05     5.50155e-05     -1.40599e-05     0.000131214
1185    0.000154074     0.00023688     9.10957e-05     0.000119117     6.26854e-05     -2.30093e-05     0.000158053
1195    0.000140632     0.000229189     7.96286e-05     0.000105964     5.29524e-05     -2.56802e-05     0.000141092
1205    0.000140632     0.000187659     7.96769e-05     0.000103873     5.51987e-05     -5.91933e-06     0.00012937
1215    0.000120985     0.000178429     5.88887e-05     8.50209e-05     3.24718e-05     -4.90032e-05     0.000121224
1225    0.000134427     0.000195349     6.46068e-05     8.7096e-05     4.18827e-05     -1.20141e-05     0.000108629
1235    0.000117882     0.000189197     6.72481e-05     9.235e-05     4.19007e-05     -1.72764e-05     0.000115557
1245    0.00011478     7.5371e-05     4.13466e-05     6.22283e-05     2.0271e-05     -3.68097e-05     8.57758e-05
1255    9.51332e-05     0     2.26289e-05     4.29764e-05     2.1034e-06     -6.43545e-05     7.18065e-05
1265    8.68607e-05     0     5.65454e-05     7.98508e-05     3.3048e-05     -1.41185e-05     9.62823e-05
1275    0.000105474     0     3.74629e-05     6.13537e-05     1.33846e-05     -4.85733e-05     8.55716e-05
1285    7.44521e-05     0     3.72216e-05     5.08249e-05     2.35147e-05     -3.67656e-05     7.83661e-05
1295    7.75542e-05     0     3.32998e-05     3.32998e-05     3.32998e-05     -3.96185e-05     7.36278e-05
1305    7.96223e-05     0     2.42092e-05     2.42092e-05     2.42092e-05     -6.04095e-05     7.07155e-05
1315    7.13499e-05     0     3.04967e-05     3.04967e-05     3.04967e-05     -2.20141e-05     5.91895e-05
1325    7.3418e-05     0     3.88812e-05     3.88812e-05     3.88812e-05     -8.51958e-06     6.46346e-05
1335    7.23839e-05     0     3.27935e-05     3.27935e-05     3.27935e-05     -1.60115e-05     5.91668e-05
1345    6.41115e-05     0     3.87282e-05     3.87282e-05     3.87282e-05     -8.05114e-06     6.38512e-05
1355    6.30774e-05     0     2.72407e-05     2.72407e-05     2.72407e-05     -1.64723e-05     5.05712e-05
1365    4.75666e-05     0     1.24919e-05     1.24919e-05     1.24919e-05     -3.59464e-05     3.82092e-05
1375    5.99753e-05     0     3.61494e-05     3.61494e-05     3.61494e-05     -3.01869e-06     5.68061e-05
1385    4.65325e-05     0     1.38786e-05     1.38786e-05     1.38786e-05     -2.64456e-05     3.50249e-05
1395    5.27369e-05     0     2.62751e-05     2.62751e-05     2.62751e-05     -1.45069e-05     4.75156e-05
1405    3.6192e-05     0     1.56979e-05     1.56979e-05     1.56979e-05     -2.79864e-05     3.82994e-05
1415    4.03282e-05     0     1.03421e-05     1.03421e-05     1.03421e-05     -3.82315e-05     3.53211e-05
1425    4.44644e-05     0     1.99781e-05     1.99781e-05     1.99781e-05     -2.04064e-05     4.06114e-05
1435    3.51579e-05     0     2.61515e-05     2.61515e-05     2.61515e-05     -8.34516e-06     4.36637e-05
1445    3.6192e-05     0     2.0124e-05     2.0124e-05     2.0124e-05     3.65282e-07     3.00872e-05
1455    2.27492e-05     0     2.11816e-05     2.11816e-05     2.11816e-05     -9.68302e-06     3.66415e-05
1465    2.89536e-05     0     9.4899e-06     9.4899e-06     9.4899e-06     -2.66056e-05     2.74523e-05
1475    1.96471e-05     0     1.31196e-05     1.31196e-05     1.31196e-05     -2.05908e-05     2.97851e-05
1485    2.06811e-05     0     1.46348e-05     1.46348e-05     1.46348e-05     -2.12339e-05     3.22453e-05
1495    2.68855e-05     0     1.67237e-05     1.67237e-05     1.67237e-05     -1.23953e-06     2.54834e-05
1505    3.10217e-05     0     1.09075e-05     1.09075e-05     1.09075e-05     -1.15058e-05     2.17718e-05
1515    1.44768e-05     0     -6.16397e-06     -6.16397e-06     -6.16397e-06     -4.96129e-05     1.4735e-05
1525    2.89536e-05     0     1.08226e-05     1.08226e-05     1.08226e-05     -1.22979e-05     2.18658e-05
1535    2.06811e-05     0     1.29143e-05     1.29143e-05     1.29143e-05     -5.63376e-06     2.17126e-05
1545    2.48173e-05     0     3.71821e-06     3.71821e-06     3.71821e-06     -3.08555e-05     2.00088e-05
1555    1.13746e-05     0     -7.28673e-06     -7.28673e-06     -7.28673e-06     -3.70412e-05     6.63233e-06
1565    1.55108e-05     0     -3.19415e-06     -3.19415e-06     -3.19415e-06     -3.83384e-05     1.31296e-05
1575    1.65449e-05     0     1.1144e-05     1.1144e-05     1.1144e-05     -1.437e-05     2.29028e-05
1585    1.13746e-05     0     1.009e-07     1.009e-07     1.009e-07     -2.41814e-05     1.12057e-05
1595    1.24087e-05     0     1.49206e-05     1.49206e-05     1.49206e-05     -3.82806e-06     2.3446e-05
1605    2.06811e-05     0     1.83869e-06     1.83869e-06     1.83869e-06     -1.28774e-05     8.48451e-06
1615    8.27245e-06     0     -3.20484e-06     -3.20484e-06     -3.20484e-06     -3.66028e-05     1.17719e-05
1625    1.03406e-05     0     7.69356e-06     7.69356e-06     7.69356e-06     -2.41264e-06     1.21887e-05
1635    1.8613e-05     0     8.21113e-06     8.21113e-06     8.21113e-06     -2.67412e-06     1.30239e-05
1645    1.13746e-05     0     1.22931e-05     1.22931e-05     1.22931e-05     -4.3005e-06     1.95685e-05
1655    1.34427e-05     0     -4.08301e-06     -4.08301e-06     -4.08301e-06     -2.50335e-05     5.03648e-06
1665    7.23839e-06     0     5.13531e-06     5.13531e-06     5.13531e-06     -1.92395e-06     8.1879e-06
1675    1.13746e-05     0     9.22077e-06     9.22077e-06     9.22077e-06     -3.69297e-06     1.47595e-05
1685    8.27245e-06     0     4.60854e-06     4.60854e-06     4.60854e-06     -1.92562e-06     7.39169e-06
1695    7.23839e-06     0     -7.60955e-07     -7.60955e-07     -7.60955e-07     -1.36413e-05     4.67313e-06
1705    8.27245e-06     0     1.78264e-06     1.78264e-06     1.78264e-06     -1.49559e-05     8.80721e-06
1715    3.10217e-06     0     3.58689e-06     3.58689e-06     3.58689e-06     -1.6878e-06     5.78269e-06
1725    8.27245e-06     0     7.11406e-06     7.11406e-06     7.11406e-06     -8.25233e-06     1.3457e-05
1735    7.23839e-06     0     7.18847e-06     7.18847e-06     7.18847e-06     -3.61077e-06     1.16144e-05
1745    1.34427e-05     0     3.0858e-06     3.0858e-06     3.0858e-06     -1.60233e-06     4.99001e-06
1755    7.23839e-06     0     3.60392e-06     3.60392e-06     3.60392e-06     -1.91992e-06     5.83241e-06
1765    6.20434e-06     0     6.68796e-06     6.68796e-06     6.68796e-06     -3.71456e-06     1.08503e-05
1775    3.10217e-06     0     -2.05952e-07     -2.05952e-07     -2.05952e-07     -1.51457e-05     5.73041e-06
1785    8.27245e-06     0     4.12511e-06     4.12511e-06     4.12511e-06     -2.42585e-06     6.7049e-06
1795    1.34427e-05     0     -2.75339e-06     -2.75339e-06     -2.75339e-06     -1.38694e-05     1.59784e-06
1805    8.27245e-06     0     -1.20491e-06     -1.20491e-06     -1.20491e-06     -1.49768e-05     4.14133e-06
1815    5.17028e-06     0     3.10272e-06     3.10272e-06     3.10272e-06     -1.96818e-06     5.05626e-06
1825    6.20434e-06     0     2.07439e-06     2.07439e-06     2.07439e-06     -1.35583e-06     3.38111e-06
1835    7.23839e-06     0     2.07727e-06     2.07727e-06     2.07727e-06     -1.37461e-06     3.38574e-06
1845    6.20434e-06     0     -5.92924e-06     -5.92924e-06     -5.92924e-06     -2.85794e-05     2.58251e-06
1855    2.06811e-06     0     4.1683e-06     4.1683e-06     4.1683e-06     -2.89881e-06     6.80108e-06
1865    3.10217e-06     0     -1.63992e-06     -1.63992e-06     -1.63992e-06     -1.54653e-05     3.46709e-06
1875    5.17028e-06     0     2.09408e-06     2.09408e-06     2.09408e-06     -1.50593e-06     3.41472e-06
1885    3.10217e-06     0     -5.76488e-07     -5.76488e-07     -5.76488e-07     -1.64862e-05     5.21961e-06
1895    2.06811e-06     0     -1.58188e-06     -1.58188e-06     -1.58188e-06     -1.01592e-05     1.50996e-06
1905    3.10217e-06     0     4.20995e-06     4.20995e-06     4.20995e-06     -3.2093e-06     6.86863e-06
1915    2.06811e-06     0     4.2199e-06     4.2199e-06     4.2199e-06     -3.26414e-06     6.88191e-06
1925    4.13623e-06     0     1.58601e-06     1.58601e-06     1.58601e-06     -1.24308e-06     2.58534e-06
1935    4.13623e-06     0     3.71174e-06     3.71174e-06     3.71174e-06     -2.95797e-06     6.04647e-06
1945    2.06811e-06     0     -4.67282e-06     -4.67282e-06     -4.67282e-06     -1.38084e-05     -1.50921e-06
1955    5.17028e-06     0     0     0     0     0     0
1965    1.03406e-06     0     0     0     0     0     0
1975    2.06811e-06     0     0     0     0     0     0
1985    1.03406e-06     0     -4.6285e-06     -4.6285e-06     -4.6285e-06     -1.41056e-05     -1.44827e-06
1995    1.03406e-06     0     0     0     0     0     0
2005    2.06811e-06     0     0     0     0     0     0
2015    3.10217e-06     0     0     0     0     0     0
2025    3.10217e-06     0     0     0     0     0     0
2035    0     0     0     0     0     0     0
2045    2.06811e-06     0     0     0     0     0     0
2055    3.10217e-06     0     0     0     0     0     0
2065    1.03406e-06     0     0     0     0     0     0
2075    1.03406e-06     0     0     0     0     0     0
2085    1.03406e-06     0     0     0     0     0     0
2095    0     0     0     0     0     0     0
2105    3.10217e-06     0     0     0     0     0     0
2115    2.06811e-06     0     0     0     0     0     0
2125    2.06811e-06     0     0     0     0     0     0
2135    2.06811e-06     0     0     0     0     0     0
2145    2.06811e-06     0     0     0     0     0     0
2155    1.03406e-06     0     0     0     0     0     0
2165    2.06811e-06     0     0     0     0     0     0
2175    2.06811e-06     0     0     0     0     0     0
2185    0     0     0     0     0     0     0
2195    0     0     0     0     0     0     0
2205    2.06811e-06     0     0     0     0     0     0
2215    1.03406e-06     0     0     0     0     0     0
2225    0     0     0     0     0     0     0
2235    2.06811e-06     0     0     0     0     0     0
2245    2.06811e-06     0     0     0     0     0     0
2255    0     0     0     0     0     0     0
2265    0     0     0     0     0     0     0
2275    1.03406e-06     0     0     0     0     0     0
2285    1.03406e-06     0     0     0     0     0     0
2295    0     0     0     0     0     0     0
2305    0     0     0     0     0     0     0
2315    3.10217e-06     0     0     0     0     0     0
2325    0     0     0     0     0     0     0
2335    0     0     0     0     0     0     0
2345    0     0     0     0     0     0     0
2355    0     0     0     0     0     0     0
2365    0     0     0     0     0     0     0
2375    1.03406e-06     0     0     0     0     0     0
2385    1.03406e-06     0     0     0     0     0     0
2395    0     0     0     0     0     0     0
