5    0     0     0     0     0     0     0
15    0     0     0     0     0     0     0
25    0.000196941     0     0     0     0     0     0
35    0.000425392     0     0     0     0     0     0
45    0.000701109     0     0     0     0     0     0
55    0.000850784     0     0     0     0     0     0
65    0.00107923     0     0     0     0     0     0
75    0.00129193     0     0     0     0     0     0
85    0.00148099     0     0     0     0     0     0
95    0.00162279     0     0     0     0     0     0
105    0.00206394     0     0     0     0     0     0
115    0.00215847     0     0     0     0     0     0
125    0.00262325     0     0     0     0     0     0
135    0.0027808     0     0     0     0     0     0
145    0.00275717     7.66304e-06     7.66304e-06     7.66304e-06     7.66304e-06     7.66304e-06     7.66304e-06
155    0.00336375     0     0     0     0     0     0
165    0.00348191     2.29891e-05     2.29891e-05     2.29891e-05     2.29891e-05     2.29891e-05     2.29891e-05
175    0.00386791     7.66304e-06     7.66304e-06     7.66304e-06     7.66304e-06     7.66304e-06     7.66304e-06
185    0.00402547     6.13043e-05     6.13043e-05     6.13043e-05     6.13043e-05     6.13043e-05     6.13043e-05
195    0.00460053     6.89674e-05     6.89674e-05     6.89674e-05     6.89674e-05     6.89674e-05     6.89674e-05
205    0.00485262     0.000168587     0.000168587     0.000168587     0.000168587     0.000168587     0.000168587
215    0.00529377     9.96195e-05     0.00197478     0.00197478     0.00197478     0.00278807     0.00141528
225    0.00534103     0.000160924     0.00203758     0.00203758     0.00203758     0.00285542     0.00147482
235    0.00580581     0.000206902     0.00206999     0.00206999     0.00206999     0.00288246     0.00151013
245    0.00661721     0.000245217     0.0020877     0.0020877     0.0020877     0.00289247     0.00153261
255    0.00698745     0.000329511     0.0021435     0.0021435     0.0021435     0.00293262     0.00159774
265    0.00698745     0.000513424     0.00229766     0.00229766     0.00229766     0.00307002     0.00176201
275    0.00775158     0.000597717     0.00232925     0.00232925     0.00232925     0.0030803     0.00180804
285    0.00849208     0.000758641     0.00245897     0.00245897     0.00245897     0.00319506     0.00194714
295    0.00914592     0.000796956     0.00247296     0.00247296     0.00247296     0.00319851     0.00196785
305    0.0101306     0.0012644     0.00296884     0.00296884     0.00296884     0.00370733     0.00245423
315    0.0110759     0.00142533     0.00310409     0.00310409     0.00310409     0.00382898     0.00259788
325    0.0118164     0.00194641     0.00370724     0.00370724     0.00370724     0.00446593     0.0031764
335    0.013258     0.0026131     0.00443659     0.00443659     0.00443659     0.00521722     0.00388877
345    0.0146524     0.00350967     0.00549789     0.00549789     0.00549789     0.00634509     0.00490181
355    0.0165036     0.0047894     0.00708025     0.00708025     0.00708025     0.00806543     0.0063883
365    0.0190087     0.00632967     0.00902909     0.00903352     0.00902466     0.0102001     0.00820798
375    0.0219628     0.00780097     0.0107925     0.0108289     0.0107552     0.0120993     0.00987724
385    0.0241686     0.011326     0.0148964     0.0149571     0.0148344     0.0164673     0.0137975
395    0.0281546     0.014828     0.0191474     0.0192392     0.0190531     0.0210583     0.0178118
405    0.0337084     0.0196021     0.0247376     0.0248806     0.0245914     0.0270224     0.0231419
415    0.0394433     0.0250888     0.0312021     0.0314218     0.0309778     0.0339344     0.0292949
425    0.0490146     0.0319702     0.0394159     0.0397599     0.0390667     0.042761     0.0370826
435    0.0611383     0.0434878     0.0530388     0.0536247     0.0524471     0.057346     0.0500355
445    0.0772953     0.0582391     0.0699596     0.0709715     0.0689457     0.0752786     0.0662552
455    0.0978559     0.0809447     0.0956481     0.0975234     0.0937922     0.102363     0.0909772
465    0.130855     0.113022     0.130187     0.133785     0.126686     0.138011     0.124737
475    0.169259     0.160142     0.178787     0.185869     0.17206     0.187272     0.172868
485    0.208284     0.221845     0.238581     0.251992     0.226219     0.246234     0.233248
495    0.225733     0.270567     0.279466     0.299346     0.261555     0.283549     0.276621
505    0.209545     0.275463     0.27313     0.293349     0.254914     0.271722     0.274213
515    0.167006     0.231232     0.220414     0.234076     0.207795     0.21541     0.223897
525    0.122607     0.170005     0.156255     0.163404     0.14944     0.149864     0.160699
535    0.0905612     0.118693     0.105432     0.108825     0.102113     0.099273     0.109719
545    0.0657309     0.0850138     0.0732798     0.0749284     0.0716381     0.0678354     0.0770732
555    0.0489358     0.0614193     0.0514252     0.0522525     0.0505897     0.0467806     0.054662
565    0.037726     0.0471124     0.0385246     0.0389689     0.0380707     0.0345169     0.0413155
575    0.0290369     0.0349665     0.0279347     0.0281644     0.0276976     0.0246445     0.0302258
585    0.0232863     0.0286215     0.0224282     0.0225575     0.0222933     0.0195272     0.0244489
595    0.0180476     0.0228972     0.0175214     0.0175893     0.0174496     0.0149959     0.0192801
605    0.0148178     0.0177093     0.0132193     0.01325     0.0131863     0.0111006     0.0146935
615    0.0127381     0.0148127     0.0108725     0.0108828     0.0108598     0.00900745     0.0121695
625    0.0103512     0.0128049     0.00924218     0.0092446     0.0092386     0.00755338     0.010417
635    0.00916168     0.0100462     0.00701861     0.00702721     0.00700912     0.00557967     0.00801934
645    0.00799579     0.00954049     0.00667463     0.0066753     0.00667392     0.00530767     0.00762474
655    0.00647541     0.00780864     0.00531196     0.00531196     0.00531196     0.00411874     0.00614126
665    0.00580581     0.00653657     0.00430051     0.00430051     0.00430051     0.00322901     0.00504503
675    0.00494715     0.00601549     0.00393799     0.00393799     0.00393799     0.0029389     0.00463171
685    0.00442723     0.00504994     0.00326933     0.00326933     0.00326933     0.00241173     0.00386486
695    0.00353705     0.00455185     0.00286001     0.00286001     0.00286001     0.00204193     0.00342771
705    0.00298562     0.00431429     0.00265449     0.00265449     0.00265449     0.00184871     0.0032132
715    0.0031353     0.00354799     0.00216534     0.00216534     0.00216534     0.0014926     0.00263171
725    0.00271778     0.0032338     0.00195074     0.00195074     0.00195074     0.00132388     0.00238495
735    0.00212696     0.00274337     0.00164426     0.00164426     0.00164426     0.00110511     0.00201739
745    0.00235541     0.00256712     0.00151409     0.00151409     0.00151409     0.000995681     0.00187266
755    0.00200092     0.00222994     0.00120132     0.00120132     0.00120132     0.000693021     0.00155261
765    0.00168581     0.00193109     0.0010129     0.0010129     0.0010129     0.000557657     0.00132733
775    0.00167793     0.00198473     0.00108343     0.00108343     0.00108343     0.000634585     0.00139313
785    0.00166218     0.00160924     0.000852405     0.000852405     0.000852405     0.00047366     0.00111344
795    0.0013392     0.00152494     0.000752565     0.000752565     0.000752565     0.000364259     0.00101988
805    0.0011974     0.00124908     0.000600792     0.000600792     0.000600792     0.000273585     0.00082584
815    0.000921682     0.00125674     0.000641073     0.000641073     0.000641073     0.000328773     0.000855597
825    0.000984703     0.0012644     0.000573294     0.000573294     0.000573294     0.000222166     0.00081448
835    0.000835028     0.00114946     0.000572554     0.000572554     0.000572554     0.000277044     0.000775046
845    0.00076413     0.00108815     0.000525776     0.000525776     0.000525776     0.000236049     0.000723974
855    0.000708986     0.000865924     0.000335235     0.000335235     0.000335235     6.12088e-05     0.000522633
865    0.000724742     0.000904239     0.000398603     0.000398603     0.000398603     0.000135109     0.000578266
875    0.000622333     0.000651358     0.000223979     0.000223979     0.000223979     -1.51949e-07     0.000376522
885    0.000527801     0.000727989     0.000283762     0.000283762     0.000283762     5.00566e-05     0.000442724
895    0.00063021     0.000727989     0.000299866     0.000299866     0.000299866     7.24506e-05     0.000454057
905    0.000488413     0.000643695     0.000284114     0.000284114     0.000284114     9.19374e-05     0.000414168
915    0.000488413     0.000697337     0.000296309     0.000296309     0.000296309     8.11747e-05     0.000441768
925    0.000590822     0.000521087     0.000170258     0.000170258     0.000170258     -1.96021e-05     0.000298264
935    0.000512046     0.000505761     0.000126608     0.000126608     0.000126608     -7.97972e-05     0.000265513
945    0.000378126     0.000505761     0.000188998     0.000188998     0.000188998     1.58396e-05     0.000305404
955    0.00029935     0.000413804     0.000115996     0.000115996     0.000115996     -4.80229e-05     0.000225985
965    0.000378126     0.000367826     0.000141201     0.000141201     0.000141201     1.51038e-05     0.000225461
975    0.000346616     0.000436793     0.000151312     0.000151312     0.000151312     -8.77415e-06     0.000258007
985    0.000173308     0.000314185     7.63806e-05     7.63806e-05     7.63806e-05     -5.78768e-05     0.000165661
995    0.000338738     0.000291196     6.48321e-05     6.48321e-05     6.48321e-05     -6.36044e-05     0.000150112
1005    0.000307227     0.000375489     0.000375489     0.000375489     0.000375489     0.000375489     0.000375489
1015    0.000259962     0.000314185     0.000314185     0.000314185     0.000314185     0.000314185     0.000314185
1025    0.000157553     0.000214565     0.000214565     0.000214565     0.000214565     0.000214565     0.000214565
1035    0.000126042     0.000191576     0.000191576     0.000191576     0.000191576     0.000191576     0.000191576
1045    0.000275717     0.000275869     0.000275869     0.000275869     0.000275869     0.000275869     0.000275869
1055    0.000173308     0.000199239     0.000199239     0.000199239     0.000199239     0.000199239     0.000199239
1065    0.00016543     0.000199239     0.000199239     0.000199239     0.000199239     0.000199239     0.000199239
1075    0.000102409     0.000222228     0.000222228     0.000222228     0.000222228     0.000222228     0.000222228
1085    0.000126042     0.000168587     0.000168587     0.000168587     0.000168587     0.000168587     0.000168587
1095    0.000118164     0.00025288     0.00025288     0.00025288     0.00025288     0.00025288     0.00025288
1105    0.000110287     0.000153261     0.000153261     0.000153261     0.000153261     0.000153261     0.000153261
1115    9.45315e-05     0.000214565     0.000214565     0.000214565     0.000214565     0.000214565     0.000214565
1125    0.000102409     0.000145598     0.000145598     0.000145598     0.000145598     0.000145598     0.000145598
1135    0.000126042     0.000191576     0.000191576     0.000191576     0.000191576     0.000191576     0.000191576
1145    7.87763e-05     9.19565e-05     9.19565e-05     9.19565e-05     9.19565e-05     9.19565e-05     9.19565e-05
1155    9.45315e-05     9.19565e-05     9.19565e-05     9.19565e-05     9.19565e-05     9.19565e-05     9.19565e-05
1165    0.000126042     0.000114946     0.000114946     0.000114946     0.000114946     0.000114946     0.000114946
1175    6.3021e-05     0.000137935     0.000137935     0.000137935     0.000137935     0.000137935     0.000137935
1185    0     0     0     0     0     0     0
1195    0     0     0     0     0     0     0
1205    0     0     0     0     0     0     0
1215    0     0     0     0     0     0     0
1225    0     0     0     0     0     0     0
1235    0     0     0     0     0     0     0
1245    0     0     0     0     0     0     0
1255    0     0     0     0     0     0     0
1265    0     0     0     0     0     0     0
1275    0     0     0     0     0     0     0
1285    0     0     0     0     0     0     0
1295    0     0     0     0     0     0     0
1305    0     0     0     0     0     0     0
1315    0     0     0     0     0     0     0
1325    0     0     0     0     0     0     0
1335    0     0     0     0     0     0     0
1345    0     0     0     0     0     0     0
1355    0     0     0     0     0     0     0
1365    0     0     0     0     0     0     0
1375    0     0     0     0     0     0     0
1385    0     0     0     0     0     0     0
1395    0     0     0     0     0     0     0
1405    0     0     0     0     0     0     0
1415    0     0     0     0     0     0     0
1425    0     0     0     0     0     0     0
1435    0     0     0     0     0     0     0
1445    0     0     0     0     0     0     0
1455    0     0     0     0     0     0     0
1465    0     0     0     0     0     0     0
1475    0     0     0     0     0     0     0
1485    0     0     0     0     0     0     0
1495    0     0     0     0     0     0     0
1505    0     0     0     0     0     0     0
1515    0     0     0     0     0     0     0
1525    0     0     0     0     0     0     0
1535    0     0     0     0     0     0     0
1545    0     0     0     0     0     0     0
1555    0     0     0     0     0     0     0
1565    0     0     0     0     0     0     0
1575    0     0     0     0     0     0     0
1585    0     0     0     0     0     0     0
1595    0     0     0     0     0     0     0
1605    0     0     0     0     0     0     0
1615    0     0     0     0     0     0     0
1625    0     0     0     0     0     0     0
1635    0     0     0     0     0     0     0
1645    0     0     0     0     0     0     0
1655    0     0     0     0     0     0     0
1665    0     0     0     0     0     0     0
1675    0     0     0     0     0     0     0
1685    0     0     0     0     0     0     0
1695    0     0     0     0     0     0     0
1705    0     0     0     0     0     0     0
1715    0     0     0     0     0     0     0
1725    0     0     0     0     0     0     0
1735    0     0     0     0     0     0     0
1745    0     0     0     0     0     0     0
1755    0     0     0     0     0     0     0
1765    0     0     0     0     0     0     0
1775    0     0     0     0     0     0     0
1785    0     0     0     0     0     0     0
1795    0     0     0     0     0     0     0
1805    0     0     0     0     0     0     0
1815    0     0     0     0     0     0     0
1825    0     0     0     0     0     0     0
1835    0     0     0     0     0     0     0
1845    0     0     0     0     0     0     0
1855    0     0     0     0     0     0     0
1865    0     0     0     0     0     0     0
1875    0     0     0     0     0     0     0
1885    0     0     0     0     0     0     0
1895    0     0     0     0     0     0     0
1905    0     0     0     0     0     0     0
1915    0     0     0     0     0     0     0
1925    0     0     0     0     0     0     0
1935    0     0     0     0     0     0     0
1945    0     0     0     0     0     0     0
1955    0     0     0     0     0     0     0
1965    0     0     0     0     0     0     0
1975    0     0     0     0     0     0     0
1985    0     0     0     0     0     0     0
1995    0     0     0     0     0     0     0
2005    0     0     0     0     0     0     0
2015    0     0     0     0     0     0     0
2025    0     0     0     0     0     0     0
2035    0     0     0     0     0     0     0
2045    0     0     0     0     0     0     0
2055    0     0     0     0     0     0     0
2065    0     0     0     0     0     0     0
2075    0     0     0     0     0     0     0
2085    0     0     0     0     0     0     0
2095    0     0     0     0     0     0     0
2105    0     0     0     0     0     0     0
2115    0     0     0     0     0     0     0
2125    0     0     0     0     0     0     0
2135    0     0     0     0     0     0     0
2145    0     0     0     0     0     0     0
2155    0     0     0     0     0     0     0
2165    0     0     0     0     0     0     0
2175    0     0     0     0     0     0     0
2185    0     0     0     0     0     0     0
2195    0     0     0     0     0     0     0
2205    0     0     0     0     0     0     0
2215    0     0     0     0     0     0     0
2225    0     0     0     0     0     0     0
2235    0     0     0     0     0     0     0
2245    0     0     0     0     0     0     0
2255    0     0     0     0     0     0     0
2265    0     0     0     0     0     0     0
2275    0     0     0     0     0     0     0
2285    0     0     0     0     0     0     0
2295    0     0     0     0     0     0     0
2305    0     0     0     0     0     0     0
2315    0     0     0     0     0     0     0
2325    0     0     0     0     0     0     0
2335    0     0     0     0     0     0     0
2345    0     0     0     0     0     0     0
2355    0     0     0     0     0     0     0
2365    0     0     0     0     0     0     0
2375    0     0     0     0     0     0     0
2385    0     0     0     0     0     0     0
2395    0     0     0     0     0     0     0
