5    0     0     0     0     0     0     0
15    0     0     0     0     0     0     0
25    0.000208114     0     0     0     0     0     0
35    0.000397309     0     0     0     0     0     0
45    0.000605424     0     0     0     0     0     0
55    0.000725247     0     0     0     0     0     0
65    0.000939668     0     0     0     0     0     0
75    0.0010658     0     0     0     0     0     0
85    0.00138743     0     0     0     0     0     0
95    0.0015577     0     0     0     0     0     0
105    0.00172167     0     0     0     0     0     0
115    0.00206853     0     0     0     0     0     0
125    0.00230187     0     0     0     0     0     0
135    0.00239016     0     0     0     0     0     0
145    0.00266765     0     0     0     0     0     0
155    0.00259828     0     0     0     0     0     0
165    0.00305865     6.11655e-06     6.11655e-06     6.11655e-06     6.11655e-06     6.11655e-06     6.11655e-06
175    0.00334875     2.44662e-05     2.44662e-05     2.44662e-05     2.44662e-05     2.44662e-05     2.44662e-05
185    0.00346227     5.50489e-05     5.50489e-05     5.50489e-05     5.50489e-05     5.50489e-05     5.50489e-05
195    0.00361362     7.33986e-05     7.33986e-05     7.33986e-05     7.33986e-05     7.33986e-05     7.33986e-05
205    0.00396048     9.78647e-05     9.78647e-05     9.78647e-05     9.78647e-05     9.78647e-05     9.78647e-05
215    0.00431995     7.33986e-05     0.00193238     0.00193238     0.00193238     0.00293724     0.00124241
225    0.00434518     0.00015903     0.00203259     0.00203259     0.00203259     0.00304676     0.00133582
235    0.00463528     0.00017738     0.00203396     0.00203396     0.00203396     0.00304109     0.00134203
245    0.00519655     0.000226312     0.00205377     0.00205377     0.00205377     0.00304651     0.00137144
255    0.00569477     0.000275245     0.00206635     0.00206635     0.00206635     0.00304034     0.00139655
265    0.00569477     0.000379226     0.00212348     0.00212348     0.00212348     0.0030731     0.00147015
275    0.00618037     0.000452624     0.00214848     0.00214848     0.00214848     0.003073     0.00151224
285    0.00683624     0.000562722     0.00221188     0.00221188     0.00221188     0.00311302     0.00159181
295    0.00719571     0.000789034     0.0024132     0.0024132     0.0024132     0.00330139     0.00180175
305    0.00733446     0.000795151     0.00243665     0.00243665     0.00243665     0.00333541     0.00181766
315    0.00858314     0.00106428     0.00266921     0.00266921     0.00266921     0.00354995     0.00206267
325    0.00911289     0.00133952     0.00300394     0.00300394     0.00300394     0.00391762     0.00237426
335    0.0100778     0.00185331     0.00358186     0.00358186     0.00358186     0.00453045     0.00292749
345    0.0107841     0.00234875     0.00418608     0.00418608     0.00418608     0.00520211     0.00348647
355    0.012531     0.00301546     0.00509196     0.00509196     0.00509196     0.00625037     0.00429643
365    0.0140509     0.00412867     0.00652811     0.00652811     0.00652811     0.00788075     0.00560265
375    0.0148392     0.0060982     0.00876606     0.00879485     0.0087365     0.0102849     0.00773055
385    0.0161951     0.00740102     0.0104007     0.0104428     0.0103573     0.0121253     0.00922908
395    0.0189763     0.00881394     0.0122304     0.0122867     0.0121724     0.0142028     0.0108921
405    0.0212592     0.0116643     0.0155345     0.0156193     0.0154473     0.0177781     0.0140138
415    0.024116     0.0145207     0.0188779     0.0189995     0.0187533     0.0214137     0.017161
425    0.0284234     0.0179826     0.0230246     0.0232003     0.0228454     0.025963     0.0210351
435    0.0330145     0.0216403     0.0275273     0.027777     0.0272733     0.0309651     0.0252
445    0.039239     0.0289985     0.0360538     0.0364567     0.0356457     0.0401845     0.033259
455    0.0484402     0.0361243     0.0445388     0.0451551     0.043919     0.0494684     0.0412023
465    0.0590982     0.0468405     0.056677     0.0576764     0.0556803     0.0624463     0.0527714
475    0.0740067     0.0612205     0.0726378     0.0743149     0.0709855     0.0793428     0.0680985
485    0.0926488     0.0817354     0.0946573     0.0976056     0.0918041     0.102256     0.089513
495    0.115844     0.109064     0.122672     0.127897     0.117726     0.130682     0.117248
505    0.1395     0.142662     0.15523     0.164189     0.146978     0.162633     0.150215
515    0.152901     0.178285     0.187327     0.201116     0.174948     0.192663     0.183713
525    0.152214     0.194953     0.197652     0.213974     0.183162     0.19927     0.19655
535    0.130652     0.18083     0.177022     0.190907     0.16455     0.174771     0.178547
545    0.105407     0.146516     0.138652     0.147595     0.130395     0.133999     0.141805
555    0.0805466     0.113278     0.103785     0.108852     0.0989625     0.0981525     0.107599
565    0.0606622     0.0818822     0.0728013     0.075404     0.0702612     0.0674234     0.0764487
575    0.046542     0.0616792     0.0533147     0.0547152     0.0519248     0.0483646     0.0566751
585    0.0357894     0.0459842     0.0387258     0.0394748     0.0379709     0.0344268     0.0416448
595    0.0284297     0.0350845     0.0287647     0.029177     0.0283445     0.0250017     0.0313154
605    0.022161     0.0274572     0.0219504     0.0221826     0.0217114     0.0186626     0.0241776
615    0.0182069     0.0227535     0.0178106     0.0179455     0.01767     0.0148623     0.0198099
625    0.0146626     0.0175545     0.0134126     0.0134828     0.0133383     0.0109317     0.0150926
635    0.0122851     0.0144228     0.0107306     0.0107655     0.0106926     0.00851878     0.0122292
645    0.0102354     0.0120924     0.00886383     0.00887709     0.00884813     0.00692347     0.0101774
655    0.00819214     0.0101412     0.00725135     0.00725339     0.00724746     0.00550375     0.00843174
665    0.00766239     0.00852646     0.00592335     0.00593064     0.00591496     0.00434441     0.00698894
675    0.00655876     0.0074683     0.00511238     0.00512596     0.00509797     0.00368113     0.00607822
685    0.00541097     0.00656305     0.00445377     0.00447116     0.00443559     0.00317333     0.00531863
695    0.00479924     0.00538256     0.00351402     0.0035167     0.00351119     0.00237788     0.00428124
705    0.00431364     0.0048443     0.00307095     0.00307095     0.00307095     0.00198952     0.00380068
715    0.00394156     0.00390847     0.00244433     0.00244433     0.00244433     0.00154711     0.00304871
725    0.00324785     0.00384731     0.00240328     0.00240328     0.00240328     0.00151579     0.00300067
735    0.00303973     0.0035109     0.00219829     0.00219829     0.00219829     0.00139144     0.00274168
745    0.00288207     0.00308886     0.00188533     0.00188533     0.00188533     0.00114113     0.00238541
755    0.00236494     0.00277691     0.00158481     0.00158481     0.00158481     0.000845268     0.00208129
765    0.00220097     0.0027341     0.00157182     0.00157182     0.00157182     0.000850134     0.00205635
775    0.00190456     0.00227535     0.00127944     0.00127944     0.00127944     0.000657313     0.00169619
785    0.0015577     0.00179826     0.000976362     0.000976362     0.000976362     0.00046116     0.00132112
795    0.00157662     0.00196341     0.00104438     0.00104438     0.00104438     0.000467512     0.00143034
805    0.00143157     0.00169428     0.000895599     0.000895599     0.000895599     0.000391612     0.00123216
815    0.00129283     0.00142516     0.000746252     0.000746252     0.000746252     0.000315479     0.00103332
825    0.00114148     0.00124166     0.000547973     0.000547973     0.000547973     0.000106291     0.000841981
835    0.00112256     0.00125389     0.000633079     0.000633079     0.000633079     0.000236064     0.000896944
845    0.000964894     0.00106428     0.000501061     0.000501061     0.000501061     0.000139176     0.000741157
855    0.000895523     0.00108875     0.000472378     0.000472378     0.000472378     7.45137e-05     0.000735895
865    0.000845071     0.000954181     0.000422247     0.000422247     0.000422247     7.70344e-05     0.000650417
875    0.000851377     0.000874666     0.000360903     0.000360903     0.000360903     2.6214e-05     0.000581846
885    0.000775699     0.000807384     0.000326572     0.000326572     0.000326572     1.21656e-05     0.000533833
895    0.00073786     0.000544373     0.000175268     0.000175268     0.000175268     -6.75406e-05     0.000334952
905    0.000592811     0.000721752     0.000326896     0.000326896     0.000326896     6.5624e-05     0.000498329
915    0.000649569     0.000630004     0.000246463     0.000246463     0.000246463     -8.81596e-06     0.000413574
925    0.000517133     0.000507673     0.000155247     0.000155247     0.000155247     -8.0685e-05     0.000309328
935    0.000498213     0.00053214     0.000135704     0.000135704     0.000135704     -0.000131159     0.000309603
945    0.00050452     0.00051379     0.00018818     0.00018818     0.00018818     -3.2262e-05     0.000331501
955    0.000391003     0.000507673     0.000167861     0.000167861     0.000167861     -6.33637e-05     0.000317893
965    0.00035947     0.000483207     0.000207036     0.000207036     0.000207036     1.7826e-05     0.00032945
975    0.000353164     0.000403692     0.000125886     0.000125886     0.000125886     -6.56379e-05     0.000249466
985    0.000391003     0.000360876     0.000100072     0.000100072     0.000100072     -8.0798e-05     0.000216495
995    0.000239647     0.000299711     6.56558e-05     6.56558e-05     6.56558e-05     -9.77822e-05     0.000170547
1005    0.000227034     0.000330293     0.000330293     0.000330293     0.000330293     0.000330293     0.000330293
1015    0.000283792     0.000311944     0.000311944     0.000311944     0.000311944     0.000311944     0.000311944
1025    0.000214421     0.00035476     0.00035476     0.00035476     0.00035476     0.00035476     0.00035476
1035    0.000239647     0.000311944     0.000311944     0.000311944     0.000311944     0.000311944     0.000311944
1045    0.000176582     0.000214079     0.000214079     0.000214079     0.000214079     0.000214079     0.000214079
1055    0.000220727     0.000263011     0.000263011     0.000263011     0.000263011     0.000263011     0.000263011
1065    0.00012613     0.00015903     0.00015903     0.00015903     0.00015903     0.00015903     0.00015903
1075    0.000157662     0.000263011     0.000263011     0.000263011     0.000263011     0.000263011     0.000263011
1085    0.00012613     0.000171263     0.000171263     0.000171263     0.000171263     0.000171263     0.000171263
1095    0.000195501     0.000201846     0.000201846     0.000201846     0.000201846     0.000201846     0.000201846
1105    0.000163969     0.000103981     0.000103981     0.000103981     0.000103981     0.000103981     0.000103981
1115    9.45975e-05     0.000146797     0.000146797     0.000146797     0.000146797     0.000146797     0.000146797
1125    6.3065e-05     0.000140681     0.000140681     0.000140681     0.000140681     0.000140681     0.000140681
1135    0.00010721     0.000146797     0.000146797     0.000146797     0.000146797     0.000146797     0.000146797
1145    0.00012613     0.000110098     0.000110098     0.000110098     0.000110098     0.000110098     0.000110098
1155    8.8291e-05     0.000122331     0.000122331     0.000122331     0.000122331     0.000122331     0.000122331
1165    9.45975e-05     0.000122331     0.000122331     0.000122331     0.000122331     0.000122331     0.000122331
1175    0.000119823     0.00015903     0.00015903     0.00015903     0.00015903     0.00015903     0.00015903
1185    4.41455e-05     0.000116214     0.000116214     0.000116214     0.000116214     0.000116214     0.000116214
1195    0.000113517     0.000116214     0.000116214     0.000116214     0.000116214     0.000116214     0.000116214
1205    0.000119823     7.95151e-05     7.95151e-05     7.95151e-05     7.95151e-05     7.95151e-05     7.95151e-05
1215    1.2613e-05     0.000110098     0.000110098     0.000110098     0.000110098     0.000110098     0.000110098
1225    5.67585e-05     9.78647e-05     9.78647e-05     9.78647e-05     9.78647e-05     9.78647e-05     9.78647e-05
1235    9.45975e-05     9.17482e-05     9.17482e-05     9.17482e-05     9.17482e-05     9.17482e-05     9.17482e-05
1245    5.67585e-05     7.33986e-05     7.33986e-05     7.33986e-05     7.33986e-05     7.33986e-05     7.33986e-05
1255    8.8291e-05     6.7282e-05     6.7282e-05     6.7282e-05     6.7282e-05     6.7282e-05     6.7282e-05
1265    5.67585e-05     6.11655e-05     6.11655e-05     6.11655e-05     6.11655e-05     6.11655e-05     6.11655e-05
1275    6.3065e-05     6.7282e-05     6.7282e-05     6.7282e-05     6.7282e-05     6.7282e-05     6.7282e-05
1285    8.8291e-05     7.33986e-05     7.33986e-05     7.33986e-05     7.33986e-05     7.33986e-05     7.33986e-05
1295    4.41455e-05     9.17482e-05     9.17482e-05     9.17482e-05     9.17482e-05     9.17482e-05     9.17482e-05
1305    5.67585e-05     5.50489e-05     5.50489e-05     5.50489e-05     5.50489e-05     5.50489e-05     5.50489e-05
1315    4.41455e-05     4.28158e-05     4.28158e-05     4.28158e-05     4.28158e-05     4.28158e-05     4.28158e-05
1325    4.41455e-05     1.22331e-05     1.22331e-05     1.22331e-05     1.22331e-05     1.22331e-05     1.22331e-05
1335    0     0     0     0     0     0     0
1345    0     0     0     0     0     0     0
1355    0     0     0     0     0     0     0
1365    0     0     0     0     0     0     0
1375    0     0     0     0     0     0     0
1385    0     0     0     0     0     0     0
1395    0     0     0     0     0     0     0
1405    0     0     0     0     0     0     0
1415    0     0     0     0     0     0     0
1425    0     0     0     0     0     0     0
1435    0     0     0     0     0     0     0
1445    0     0     0     0     0     0     0
1455    0     0     0     0     0     0     0
1465    0     0     0     0     0     0     0
1475    0     0     0     0     0     0     0
1485    0     0     0     0     0     0     0
1495    0     0     0     0     0     0     0
1505    0     0     0     0     0     0     0
1515    0     0     0     0     0     0     0
1525    0     0     0     0     0     0     0
1535    0     0     0     0     0     0     0
1545    0     0     0     0     0     0     0
1555    0     0     0     0     0     0     0
1565    0     0     0     0     0     0     0
1575    0     0     0     0     0     0     0
1585    0     0     0     0     0     0     0
1595    0     0     0     0     0     0     0
1605    0     0     0     0     0     0     0
1615    0     0     0     0     0     0     0
1625    0     0     0     0     0     0     0
1635    0     0     0     0     0     0     0
1645    0     0     0     0     0     0     0
1655    0     0     0     0     0     0     0
1665    0     0     0     0     0     0     0
1675    0     0     0     0     0     0     0
1685    0     0     0     0     0     0     0
1695    0     0     0     0     0     0     0
1705    0     0     0     0     0     0     0
1715    0     0     0     0     0     0     0
1725    0     0     0     0     0     0     0
1735    0     0     0     0     0     0     0
1745    0     0     0     0     0     0     0
1755    0     0     0     0     0     0     0
1765    0     0     0     0     0     0     0
1775    0     0     0     0     0     0     0
1785    0     0     0     0     0     0     0
1795    0     0     0     0     0     0     0
1805    0     0     0     0     0     0     0
1815    0     0     0     0     0     0     0
1825    0     0     0     0     0     0     0
1835    0     0     0     0     0     0     0
1845    0     0     0     0     0     0     0
1855    0     0     0     0     0     0     0
1865    0     0     0     0     0     0     0
1875    0     0     0     0     0     0     0
1885    0     0     0     0     0     0     0
1895    0     0     0     0     0     0     0
1905    0     0     0     0     0     0     0
1915    0     0     0     0     0     0     0
1925    0     0     0     0     0     0     0
1935    0     0     0     0     0     0     0
1945    0     0     0     0     0     0     0
1955    0     0     0     0     0     0     0
1965    0     0     0     0     0     0     0
1975    0     0     0     0     0     0     0
1985    0     0     0     0     0     0     0
1995    0     0     0     0     0     0     0
2005    0     0     0     0     0     0     0
2015    0     0     0     0     0     0     0
2025    0     0     0     0     0     0     0
2035    0     0     0     0     0     0     0
2045    0     0     0     0     0     0     0
2055    0     0     0     0     0     0     0
2065    0     0     0     0     0     0     0
2075    0     0     0     0     0     0     0
2085    0     0     0     0     0     0     0
2095    0     0     0     0     0     0     0
2105    0     0     0     0     0     0     0
2115    0     0     0     0     0     0     0
2125    0     0     0     0     0     0     0
2135    0     0     0     0     0     0     0
2145    0     0     0     0     0     0     0
2155    0     0     0     0     0     0     0
2165    0     0     0     0     0     0     0
2175    0     0     0     0     0     0     0
2185    0     0     0     0     0     0     0
2195    0     0     0     0     0     0     0
2205    0     0     0     0     0     0     0
2215    0     0     0     0     0     0     0
2225    0     0     0     0     0     0     0
2235    0     0     0     0     0     0     0
2245    0     0     0     0     0     0     0
2255    0     0     0     0     0     0     0
2265    0     0     0     0     0     0     0
2275    0     0     0     0     0     0     0
2285    0     0     0     0     0     0     0
2295    0     0     0     0     0     0     0
2305    0     0     0     0     0     0     0
2315    0     0     0     0     0     0     0
2325    0     0     0     0     0     0     0
2335    0     0     0     0     0     0     0
2345    0     0     0     0     0     0     0
2355    0     0     0     0     0     0     0
2365    0     0     0     0     0     0     0
2375    0     0     0     0     0     0     0
2385    0     0     0     0     0     0     0
2395    0     0     0     0     0     0     0
