5    0     0     0     0     0     0     0
15    0     0     0     0     0     0     0
25    3.34409e-05     0     0     0     0     0     0
35    7.64363e-05     0     0     0     0     0     0
45    0.000106692     0     5.26393e-07     5.26393e-07     5.26393e-07     5.26393e-07     5.26393e-07
55    0.000148626     0     0     0     0     0     0
65    0.000188967     0     0     0     0     0     0
75    0.000215508     0     0     0     0     0     0
85    0.000259034     0     0     0     0     0     0
95    0.000287167     0     0     0     0     0     0
105    0.000325916     0     0     0     0     0     0
115    0.00033547     0     0     0     0     0     0
125    0.000365196     0     0     0     0     0     0
135    0.000416153     0     0     0     0     0     0
145    0.00046021     0     0     0     0     0     0
155    0.000487812     7.89589e-07     1.05279e-06     1.05279e-06     1.05279e-06     1.05279e-06     1.05279e-06
165    0.000501082     0     1.57918e-06     1.57918e-06     1.57918e-06     1.57918e-06     1.57918e-06
175    0.000523907     4.73754e-06     4.21114e-06     4.21114e-06     4.21114e-06     4.21114e-06     4.21114e-06
185    0.000566902     2.36877e-06     6.31672e-06     6.38474e-06     6.24436e-06     6.31672e-06     6.31672e-06
195    0.000569556     1.26334e-05     5.26393e-06     5.37731e-06     5.14333e-06     5.26393e-06     5.26393e-06
205    0.00059822     1.10543e-05     1.10543e-05     1.12963e-05     1.07972e-05     1.10543e-05     1.10543e-05
215    0.000623168     1.57918e-05     0.000615581     0.000615813     0.000615334     0.000867301     0.000440283
225    0.000632723     2.13189e-05     0.00064908     0.000649444     0.000648694     0.000913306     0.000465061
235    0.000656078     2.05293e-05     0.000594717     0.00059517     0.000594235     0.000835106     0.00042707
245    0.000703851     2.36877e-05     0.000585904     0.000586411     0.000585366     0.000822272     0.000420869
255    0.000721898     2.21085e-05     0.000556903     0.000557804     0.000555948     0.000773576     0.00040538
265    0.000823283     3.23732e-05     0.000530145     0.000531028     0.000529211     0.000735509     0.000386134
275    0.000752154     4.02691e-05     0.000523681     0.000524715     0.000522587     0.000724828     0.000382578
285    0.000839207     4.65858e-05     0.000474563     0.000475773     0.000473282     0.000652188     0.000349825
295    0.000824344     6.1588e-05     0.000509512     0.000511242     0.000507682     0.000693763     0.000380051
305    0.000791434     6.47463e-05     0.000477416     0.000479225     0.000475505     0.000647636     0.000357715
315    0.00089388     0.000101857     0.000515799     0.000518167     0.000513299     0.00069282     0.000391046
325    0.000897596     9.31716e-05     0.000497102     0.000499981     0.000494068     0.000658614     0.000383063
335    0.000969255     0.000126334     0.000498776     0.000501933     0.00049545     0.000655932     0.00038737
345    0.00093316     0.000142126     0.00054102     0.000545493     0.00053631     0.00069212     0.000432919
355    0.000987833     0.000213189     0.000606577     0.00061175     0.000601138     0.000774549     0.0004861
365    0.00097934     0.000255827     0.000702497     0.000709973     0.000694652     0.000880504     0.00057528
375    0.00101066     0.000311098     0.000783301     0.00079269     0.000773464     0.000971053     0.00064939
385    0.0010717     0.000375055     0.000846654     0.000857668     0.00083514     0.00104425     0.000706188
395    0.0010786     0.000432695     0.000922728     0.00093547     0.000909419     0.00113424     0.000772764
405    0.00111788     0.000502179     0.000978216     0.000992874     0.000962918     0.00119213     0.000826912
415    0.00116088     0.000525867     0.00102962     0.00104659     0.00101194     0.00124238     0.000879424
425    0.00121608     0.000572452     0.0010566     0.00107485     0.00103762     0.00127254     0.000904508
435    0.00126651     0.000639568     0.00117282     0.00119432     0.00115047     0.00140344     0.00101066
445    0.00124156     0.00065457     0.00118272     0.00120603     0.00115854     0.0014054     0.00102653
455    0.00128031     0.000740635     0.00126832     0.00129409     0.00124166     0.00151021     0.00109906
465    0.00135834     0.00075011     0.00128454     0.00131215     0.00125602     0.00151876     0.00112061
475    0.00137957     0.000876444     0.00139531     0.00142738     0.00136226     0.00163685     0.0012262
485    0.00143637     0.000906449     0.00144112     0.00147528     0.001406     0.00169494     0.00126375
495    0.00146768     0.000938822     0.00154181     0.0015803     0.00150233     0.00180363     0.00135911
505    0.00146715     0.000998041     0.00159362     0.0016357     0.00155056     0.00185541     0.00141112
515    0.00156057     0.00102094     0.00164354     0.00168803     0.00159817     0.00192448     0.00144809
525    0.00162268     0.00111174     0.00168397     0.00173337     0.00163372     0.00194686     0.0015014
535    0.00167735     0.00115043     0.00176931     0.00182266     0.00171522     0.00205127     0.00157353
545    0.00170973     0.00119544     0.00177728     0.00183447     0.0017196     0.00205229     0.00158627
555    0.00179413     0.00131782     0.00187039     0.00193099     0.00180941     0.00217434     0.00165945
565    0.0018557     0.00132809     0.00196216     0.00203017     0.00189392     0.00226553     0.00175198
575    0.00192365     0.00135888     0.00204499     0.00212121     0.00196906     0.00235165     0.00183271
585    0.00195974     0.00146864     0.00205767     0.00213754     0.00197846     0.00236404     0.00184574
595    0.0020383     0.00153022     0.00222862     0.00231777     0.0021406     0.00256939     0.0019931
605    0.00213491     0.00157681     0.00237889     0.00248053     0.00227908     0.00274264     0.00212792
615    0.00225169     0.00165972     0.00237494     0.00248072     0.00227167     0.00273816     0.00212461
625    0.00231167     0.00173631     0.00252243     0.00264087     0.00240755     0.00290072     0.00226191
635    0.00238916     0.00180974     0.00257223     0.00269983     0.00244957     0.00297603     0.00229447
645    0.00245552     0.00193528     0.00270434     0.00284887     0.00256626     0.00310078     0.00243199
655    0.0025776     0.00204267     0.00284949     0.00300855     0.00269854     0.00327047     0.00256052
665    0.00264024     0.00211847     0.00305338     0.00323863     0.0028798     0.00350652     0.00274276
675    0.00280107     0.00226059     0.00312207     0.00332284     0.0029354     0.0035748     0.00281209
685    0.00274534     0.00231192     0.00317297     0.00338991     0.00297276     0.00361692     0.00286922
695    0.00301711     0.00251326     0.00337032     0.00362313     0.00314107     0.00384597     0.00304541
705    0.00294333     0.00257722     0.00357318     0.00385586     0.0033196     0.00407945     0.00322791
715    0.00309248     0.00276277     0.00363584     0.00394566     0.00336063     0.00411912     0.00330657
725    0.00322731     0.00284963     0.00381455     0.00417638     0.00349972     0.00430732     0.00347935
735    0.00323368     0.0029049     0.00398157     0.0043905     0.00363066     0.00446586     0.00365268
745    0.00330534     0.003261     0.00410654     0.00455366     0.00372727     0.00459462     0.00377561
755    0.0033839     0.00339208     0.00433909     0.00485791     0.00390919     0.00485584     0.00398929
765    0.0032926     0.00340787     0.00443689     0.00500791     0.0039711     0.00493719     0.00409864
775    0.0033202     0.00366054     0.00447123     0.00508802     0.00397484     0.00494052     0.00415453
785    0.00324854     0.00390136     0.00466768     0.00538089     0.00410696     0.00511725     0.00436494
795    0.00322943     0.00399848     0.00474667     0.00551777     0.00414968     0.0051803     0.00445519
805    0.00304524     0.00404901     0.00480417     0.00563411     0.00416938     0.00519525     0.00454172
815    0.00294811     0.00411455     0.00481637     0.0057149     0.00414167     0.00515996     0.00458629
825    0.00278355     0.00427326     0.00478093     0.00571016     0.00408976     0.0050893     0.00457463
835    0.00277506     0.00427405     0.00476528     0.00573204     0.00405059     0.00501336     0.00459985
845    0.0026206     0.00424246     0.00462211     0.00559114     0.0039097     0.00481402     0.00449446
855    0.00242261     0.00428668     0.00451016     0.00546418     0.00380714     0.00441747     0.00464968
865    0.00224266     0.00412482     0.00433349     0.00525853     0.00364939     0.00428105     0.00441271
875    0.00213969     0.00403875     0.00403544     0.00488157     0.00340277     0.00402082     0.00405757
885    0.00198575     0.00388399     0.0038392     0.00461688     0.00324845     0.00380957     0.00385872
895    0.00186579     0.00366922     0.00350505     0.00419719     0.00297235     0.00342963     0.00355457
905    0.00169699     0.00348209     0.00321745     0.00381027     0.00274998     0.00310495     0.00329111
915    0.00158924     0.00323258     0.00291369     0.00340981     0.0025126     0.00276727     0.00300939
925    0.00142946     0.00292385     0.0026731     0.00310377     0.00231839     0.00249561     0.00278868
935    0.0013302     0.00274856     0.00237791     0.00272391     0.00208437     0.00217432     0.00251012
945    0.00122776     0.00241456     0.00214486     0.00241945     0.00190488     0.00193731     0.00227937
955    0.00111151     0.00224954     0.00189205     0.00211456     0.00169326     0.00167199     0.00203419
965    0.00103083     0.00210505     0.00168002     0.0018488     0.00152426     0.00146838     0.00181613
975    0.000912458     0.00192818     0.00152771     0.00165632     0.00140464     0.00129895     0.00167429
985    0.000839207     0.00171025     0.00135201     0.00145264     0.00125329     0.00112311     0.00149826
995    0.000814259     0.00155707     0.00119353     0.00126571     0.00111981     0.000968231     0.00133711
1005    0.000741538     0.00143232     0.00110517     0.00115471     0.00105123     0.00085877     0.00126172
1015    0.000665633     0.00128545     0.00096149     0.000995121     0.000922826     0.000741825     0.0011006
1025    0.000626353     0.0012515     0.000870796     0.00089019     0.000845471     0.000657167     0.00100562
1035    0.000548324     0.00106753     0.000733823     0.000738675     0.000722895     0.00053725     0.000857423
1045    0.000510637     0.000990145     0.000686531     0.000689369     0.000677421     0.000481521     0.000814946
1055    0.000490466     0.00088434     0.000584989     0.000587604     0.000576437     0.00038699     0.000708519
1065    0.000430485     0.000824331     0.000570652     0.000581795     0.000553502     0.000384982     0.000686024
1075    0.000416684     0.00078801     0.000483168     0.000497083     0.000463918     0.000311116     0.000589617
1085    0.000377404     0.000701155     0.000428111     0.000445449     0.000405688     0.000250019     0.000537819
1095    0.000362542     0.000638778     0.000391769     0.000413881     0.000364955     0.000226568     0.000493062
1105    0.000311053     0.000543238     0.000363516     0.000387147     0.000335512     0.00020846     0.000458172
1115    0.000293006     0.000529025     0.000322781     0.00034797     0.000293523     0.00016651     0.000417718
1125    0.000263281     0.000520339     0.000277281     0.000304436     0.000246551     0.000130002     0.000366335
1135    0.000261688     0.000463489     0.000262886     0.000290848     0.000231579     0.000124034     0.000346439
1145    0.00025001     0.000413745     0.00021009     0.000237074     0.000180157     6.87064e-05     0.000294731
1155    0.000239925     0.000388478     0.000236217     0.000266408     0.000203238     0.000121539     0.000304538
1165    0.000204361     0.000344261     0.000211517     0.000243639     0.000176648     7.85306e-05     0.000290337
1175    0.00018419     0.000354526     0.000173767     0.000201894     0.000143399     6.25508e-05     0.00023937
1185    0.000188967     0.000303992     0.000155385     0.000185519     0.000123128     3.80506e-05     0.000224238
1195    0.000186313     0.000264512     0.000156896     0.000188746     0.000122964     3.8893e-05     0.000225772
1205    0.00015128     0.00027004     0.000148977     0.000179062     0.000117062     4.857e-05     0.000207275
1215    0.000151811     0.000262144     0.000117125     0.00014811     8.44378e-05     2.42264e-06     0.000183388
1225    0.000137479     0.00023056     0.000112684     0.000139997     8.39799e-05     2.68629e-05     0.000161994
1235    0.000123147     0.000225033     0.000108071     0.000136485     7.83029e-05     1.83622e-05     0.000159343
1245    0.000136948     0.000189501     8.44889e-05     0.000111012     5.68053e-05     -2.30816e-06     0.000133829
1255    9.9261e-05     0.000187922     8.04435e-05     0.000110224     4.94417e-05     -2.25377e-05     0.000138676
1265    0.000106162     0.000175289     9.93471e-05     0.000129322     6.82131e-05     1.67786e-05     0.000145771
1275    0.000101915     0.000172131     6.82555e-05     9.6154e-05     3.93557e-05     -2.11322e-05     0.000118243
1285    8.86449e-05     0.000159497     5.99522e-05     8.47298e-05     3.43266e-05     -1.54195e-05     0.000101866
1295    9.34221e-05     0.000145284     6.25506e-05     8.9101e-05     3.51274e-05     -1.64946e-05     0.000106268
1305    9.6607e-05     0.000125545     4.34401e-05     6.86936e-05     1.74395e-05     -4.00038e-05     8.93088e-05
1315    7.37822e-05     0.00011449     6.04124e-05     8.55126e-05     3.46116e-05     -3.20479e-06     9.51858e-05
1325    6.47585e-05     0.000125545     4.81409e-05     6.7705e-05     2.8055e-05     1.68176e-06     7.33836e-05
1335    7.90903e-05     0.000105805     5.74079e-05     8.22946e-05     3.19023e-05     -8.5684e-07     8.88877e-05
1345    6.42277e-05     0.000107384     6.17322e-05     8.78107e-05     3.50387e-05     5.77885e-06     9.1783e-05
1355    7.32514e-05     9.79091e-05     4.70904e-05     6.95216e-05     2.41508e-05     -4.53372e-06     7.46446e-05
1365    5.20191e-05     9.00132e-05     2.82014e-05     4.74415e-05     8.54857e-06     -2.49433e-05     5.64101e-05
1375    5.67964e-05     8.44861e-05     5.20125e-05     7.56372e-05     2.79117e-05     6.38301e-06     7.60748e-05
1385    5.14883e-05     9.2382e-05     3.61496e-05     5.78359e-05     1.40404e-05     -1.57142e-05     6.33387e-05
1395    4.61803e-05     7.34318e-05     3.53226e-05     5.50817e-05     1.52013e-05     -7.14023e-06     5.74381e-05
1405    4.98959e-05     6.39568e-05     2.5864e-05     4.46852e-05     6.71538e-06     -2.02837e-05     4.97412e-05
1415    4.19338e-05     6.94839e-05     2.27234e-05     4.27014e-05     2.41062e-06     -2.98212e-05     4.97397e-05
1425    4.35262e-05     6.47463e-05     2.38398e-05     4.08364e-05     6.57335e-06     -1.4773e-05     4.35632e-05
1435    3.8749e-05     6.23776e-05     3.47789e-05     5.50881e-05     1.41655e-05     -2.75483e-06     5.38398e-05
1445    3.71565e-05     6.39568e-05     2.57065e-05     3.93803e-05     1.18342e-05     3.555e-06     3.68811e-05
1455    4.08722e-05     5.84296e-05     2.66719e-05     4.3764e-05     9.34147e-06     -5.38036e-06     4.27251e-05
1465    3.82181e-05     5.29025e-05     1.48293e-05     3.00989e-05     -6.40123e-07     -2.18416e-05     3.30811e-05
1475    3.45025e-05     5.68504e-05     1.19779e-05     2.41706e-05     -3.70274e-07     -1.67952e-05     2.62055e-05
1485    2.7602e-05     4.89545e-05     1.93033e-05     3.62949e-05     2.10339e-06     -1.6881e-05     3.70651e-05
1495    2.7602e-05     4.10587e-05     2.47022e-05     5.00202e-05     -9.05926e-07     1.16342e-06     3.61834e-05
1505    2.86636e-05     4.34274e-05     1.99034e-05     3.89783e-05     6.11861e-07     -8.72626e-06     3.37818e-05
1515    2.17631e-05     3.63211e-05     1.81483e-07     1.81483e-07     1.81483e-07     -4.48181e-05     2.18234e-05
1525    2.28247e-05     3.15836e-05     1.66394e-05     1.66394e-05     1.66394e-05     -9.84563e-06     2.92887e-05
1535    2.4948e-05     3.31628e-05     1.47862e-05     1.47862e-05     1.47862e-05     -3.67465e-06     2.35493e-05
1545    1.85783e-05     3.71107e-05     6.65209e-06     6.65209e-06     6.65209e-06     -2.73684e-05     2.26775e-05
1555    1.80475e-05     2.44773e-05     1.32053e-06     1.32053e-06     1.32053e-06     -3.44781e-05     1.80657e-05
1565    1.6455e-05     2.76356e-05     -1.25694e-06     -1.25694e-06     -1.25694e-06     -3.48724e-05     1.43568e-05
1575    2.12323e-05     2.84252e-05     8.52403e-06     8.52403e-06     8.52403e-06     -1.15118e-05     1.77594e-05
1585    1.06162e-05     3.31628e-05     4.74896e-06     4.74896e-06     4.74896e-06     -2.22478e-05     1.71021e-05
1595    1.85783e-05     7.89589e-06     1.16674e-05     1.16674e-05     1.16674e-05     -1.55205e-06     1.76763e-05
1605    1.43318e-05     0     1.23379e-05     1.23379e-05     1.23379e-05     -1.29803e-05     2.37718e-05
1615    1.43318e-05     0     -2.4116e-06     -2.4116e-06     -2.4116e-06     -3.35357e-05     1.15398e-05
1625    1.32702e-05     0     1.18938e-05     1.18938e-05     1.18938e-05     -2.21532e-06     1.81719e-05
1635    1.00853e-05     0     1.5474e-05     1.5474e-05     1.5474e-05     -3.17413e-06     2.3706e-05
1645    1.1147e-05     0     9.10772e-06     9.10772e-06     9.10772e-06     -2.02357e-06     1.39883e-05
1655    1.1147e-05     0     2.06902e-06     2.06902e-06     2.06902e-06     -2.45579e-05     1.3655e-05
1665    7.96211e-06     0     7.7329e-06     7.7329e-06     7.7329e-06     -1.93975e-06     1.19127e-05
1675    1.22086e-05     0     8.26852e-06     8.26852e-06     8.26852e-06     -2.25176e-06     1.27799e-05
1685    1.06162e-05     0     6.8839e-06     6.8839e-06     6.8839e-06     -2.00559e-06     1.06666e-05
1695    1.06162e-05     0     4.73086e-06     4.73086e-06     4.73086e-06     -1.41709e-05     1.27094e-05
1705    7.96211e-06     0     2.50575e-06     2.50575e-06     2.50575e-06     -1.37067e-05     9.30771e-06
1715    1.00853e-05     0     6.60709e-06     6.60709e-06     6.60709e-06     -2.25811e-06     1.0294e-05
1725    1.1147e-05     0     3.1424e-06     3.1424e-06     3.1424e-06     -5.50542e-06     6.71174e-06
1735    7.96211e-06     0     4.95883e-06     4.95883e-06     4.95883e-06     -1.8561e-06     7.74916e-06
1745    7.96211e-06     0     6.34076e-06     6.34076e-06     6.34076e-06     -2.4704e-06     9.92045e-06
1755    4.77727e-06     0     8.27564e-06     8.27564e-06     8.27564e-06     -3.34291e-06     1.29622e-05
1765    6.9005e-06     0     3.85942e-06     3.85942e-06     3.85942e-06     -1.63096e-06     6.05783e-06
1775    9.02373e-06     0     -2.18454e-07     -2.18454e-07     -2.18454e-07     -1.38924e-05     5.21697e-06
1785    6.36969e-06     0     6.90406e-06     6.90406e-06     6.90406e-06     -3.12736e-06     1.08586e-05
1795    3.71565e-06     0     3.63482e-07     3.63482e-07     3.63482e-07     -1.4428e-05     6.14929e-06
1805    7.43131e-06     0     -4.71568e-07     -4.71568e-07     -4.71568e-07     -1.42226e-05     4.86539e-06
1815    5.30808e-06     0     5.25406e-06     5.25406e-06     5.25406e-06     -2.6489e-06     8.29615e-06
1825    7.43131e-06     0     3.32301e-06     3.32301e-06     3.32301e-06     -1.72911e-06     5.25074e-06
1835    4.77727e-06     0     4.43856e-06     4.43856e-06     4.43856e-06     -2.36409e-06     7.01465e-06
1845    4.24646e-06     0     -7.23328e-06     -7.23328e-06     -7.23328e-06     -2.61029e-05     -1.42937e-07
1855    5.83888e-06     0     4.72422e-06     4.72422e-06     4.72422e-06     -2.66425e-06     7.47914e-06
1865    3.18485e-06     0     -6.82495e-07     -6.82495e-07     -6.82495e-07     -1.49664e-05     4.59427e-06
1875    4.24646e-06     0     3.90748e-06     3.90748e-06     3.90748e-06     -2.30279e-06     6.18505e-06
1885    1.59242e-06     0     -1.50468e-06     -1.50468e-06     -1.50468e-06     -1.47186e-05     3.31045e-06
1895    4.77727e-06     0     -7.97078e-07     -7.97078e-07     -7.97078e-07     -1.00111e-05     2.52611e-06
1905    4.24646e-06     0     5.6071e-07     5.6071e-07     5.6071e-07     -3.56843e-07     8.88706e-07
1915    4.77727e-06     0     3.08908e-06     3.08908e-06     3.08908e-06     -1.99722e-06     4.89548e-06
1925    4.77727e-06     0     8.45011e-07     8.45011e-07     8.45011e-07     -5.54156e-07     1.33793e-06
1935    3.18485e-06     0     1.97453e-06     1.97453e-06     1.97453e-06     -1.3244e-06     3.12735e-06
1945    2.12323e-06     0     -1.67144e-06     -1.67144e-06     -1.67144e-06     -1.52108e-05     3.02176e-06
1955    2.12323e-06     0     1.69845e-06     1.69845e-06     1.69845e-06     -1.18364e-06     2.68995e-06
1965    2.12323e-06     0     2.83824e-07     2.83824e-07     2.83824e-07     -1.98768e-07     4.48976e-07
1975    4.24646e-06     0     0     0     0     0     0
1985    1.59242e-06     0     -4.45843e-06     -4.45843e-06     -4.45843e-06     -1.35873e-05     -1.39505e-06
1995    1.59242e-06     0     0     0     0     0     0
2005    2.65404e-06     0     0     0     0     0     0
2015    3.71565e-06     0     0     0     0     0     0
2025    2.12323e-06     0     0     0     0     0     0
2035    3.18485e-06     0     0     0     0     0     0
2045    1.59242e-06     0     0     0     0     0     0
2055    1.06162e-06     0     0     0     0     0     0
2065    2.65404e-06     0     0     0     0     0     0
2075    3.18485e-06     0     0     0     0     0     0
2085    2.12323e-06     0     0     0     0     0     0
2095    1.06162e-06     0     0     0     0     0     0
2105    1.59242e-06     0     0     0     0     0     0
2115    1.06162e-06     0     0     0     0     0     0
2125    1.59242e-06     0     0     0     0     0     0
2135    5.30808e-07     0     0     0     0     0     0
2145    1.59242e-06     0     0     0     0     0     0
2155    1.06162e-06     0     0     0     0     0     0
2165    1.06162e-06     0     0     0     0     0     0
2175    1.59242e-06     0     0     0     0     0     0
2185    5.30808e-07     0     0     0     0     0     0
2195    1.06162e-06     0     0     0     0     0     0
2205    1.06162e-06     0     0     0     0     0     0
2215    1.59242e-06     0     0     0     0     0     0
2225    1.59242e-06     0     0     0     0     0     0
2235    5.30808e-07     0     0     0     0     0     0
2245    1.06162e-06     0     0     0     0     0     0
2255    2.12323e-06     0     0     0     0     0     0
2265    1.59242e-06     0     0     0     0     0     0
2275    2.12323e-06     0     0     0     0     0     0
2285    0     0     0     0     0     0     0
2295    0     0     0     0     0     0     0
2305    0     0     0     0     0     0     0
2315    1.06162e-06     0     0     0     0     0     0
2325    1.06162e-06     0     0     0     0     0     0
2335    1.06162e-06     0     0     0     0     0     0
2345    5.30808e-07     0     0     0     0     0     0
2355    0     0     0     0     0     0     0
2365    0     0     0     0     0     0     0
2375    5.30808e-07     0     0     0     0     0     0
2385    5.30808e-07     0     0     0     0     0     0
2395    0     0     0     0     0     0     0
