5    0     0     0     0     0     0     0
15    0     0     0     0     0     0     0
25    0.000141791     0     0     0     0     0     0
35    0.000354476     0     0     0     0     0     0
45    0.000364604     0     0     0     0     0     0
55    0.000759592     0     0     0     0     0     0
65    0.000714017     0     0     0     0     0     0
75    0.000982406     0     0     0     0     0     0
85    0.00111407     0     0     0     0     0     0
95    0.0014331     0     0     0     0     0     0
105    0.00143816     0     0     0     0     0     0
115    0.00170655     0     0     0     0     0     0
125    0.00175719     0     0     0     0     0     0
135    0.00215218     0     0     0     0     0     0
145    0.00212686     0     0     0     0     0     0
155    0.00214711     4.89864e-06     4.89864e-06     4.89864e-06     4.89864e-06     4.89864e-06     4.89864e-06
165    0.00250159     1.46959e-05     1.46959e-05     1.46959e-05     1.46959e-05     1.46959e-05     1.46959e-05
175    0.00269908     1.46959e-05     1.46959e-05     1.46959e-05     1.46959e-05     1.46959e-05     1.46959e-05
185    0.00303837     4.40878e-05     4.40878e-05     4.40878e-05     4.40878e-05     4.40878e-05     4.40878e-05
195    0.00326118     3.91891e-05     3.91891e-05     3.91891e-05     3.91891e-05     3.91891e-05     3.91891e-05
205    0.00340804     6.36824e-05     6.36824e-05     6.36824e-05     6.36824e-05     6.36824e-05     6.36824e-05
215    0.003722     9.79729e-05     0.00162398     0.00162398     0.00162398     0.00228562     0.00116876
225    0.0035397     0.000112669     0.00161807     0.00161807     0.00161807     0.00227399     0.0011667
235    0.00399545     7.34797e-05     0.00156844     0.00156844     0.00156844     0.00222039     0.00111911
245    0.0042841     0.000195946     0.00166573     0.00166573     0.00166573     0.00230772     0.00122288
255    0.00462338     0.000200844     0.00162702     0.00162702     0.00162702     0.00224741     0.00119796
265    0.00461326     0.000240034     0.00163184     0.00163184     0.00163184     0.00223442     0.00121398
275    0.00474492     0.000259628     0.00159803     0.00159803     0.00159803     0.00217854     0.00119515
285    0.00511459     0.000347804     0.00165357     0.00165357     0.00165357     0.00221881     0.00126055
295    0.00557034     0.000435979     0.00169732     0.00169732     0.00169732     0.00224337     0.00131718
305    0.00623878     0.000710303     0.00198265     0.00198265     0.00198265     0.00253397     0.00159849
315    0.00699331     0.000862161     0.00209947     0.00209947     0.00209947     0.00263373     0.00172636
325    0.00696799     0.00102872     0.00230458     0.00230458     0.00230458     0.00285434     0.00191994
335    0.00782886     0.00125895     0.0025525     0.0025525     0.0025525     0.00310628     0.00216392
345    0.00819853     0.00169003     0.00306366     0.00306366     0.00306366     0.00364897     0.00265186
355    0.00877582     0.00237094     0.00391352     0.00391352     0.00391352     0.00457685     0.0034476
365    0.00947971     0.00317432     0.0049419     0.0049419     0.0049419     0.00570866     0.00440423
375    0.0105786     0.00399239     0.00589338     0.00591336     0.00587271     0.00672371     0.00531177
385    0.0115053     0.00480067     0.00688312     0.00691317     0.00685201     0.0077993     0.00624221
395    0.0132473     0.00643682     0.0088256     0.00886989     0.00877958     0.00988227     0.00808695
405    0.0144424     0.00786722     0.0104761     0.0105364     0.0104141     0.0116367     0.00966544
415    0.0161894     0.00926823     0.0120963     0.0121757     0.0120148     0.0133602     0.011214
425    0.0183619     0.011311     0.0145083     0.0146175     0.0143962     0.0159447     0.0135064
435    0.0212129     0.0133439     0.0170362     0.0171833     0.0168857     0.0187012     0.0158752
445    0.0246007     0.0161998     0.0203374     0.0205427     0.0201282     0.0222151     0.0190297
455    0.0273251     0.019526     0.0244594     0.0247495     0.0241651     0.0267125     0.0228922
465    0.0315079     0.0245128     0.0302715     0.0307018     0.0298373     0.0328967     0.028443
475    0.0385265     0.029529     0.0361908     0.0368139     0.0355668     0.0392228     0.034076
485    0.0464313     0.037651     0.0456233     0.0465987     0.0446556     0.0492697     0.0430821
495    0.0555718     0.0472131     0.0563555     0.057883     0.0548599     0.06055     0.0534329
505    0.0678113     0.0590042     0.0690036     0.0714121     0.0666829     0.0735993     0.0658008
515    0.0817372     0.0765021     0.0873266     0.0913246     0.0835603     0.092333     0.0838424
525    0.095977     0.0975761     0.108065     0.11454     0.102118     0.11294     0.104675
535    0.105831     0.117288     0.125821     0.1353     0.117336     0.129784     0.123062
545    0.106551     0.132934     0.137756     0.149859     0.12711     0.139992     0.136197
555    0.0984381     0.133126     0.133201     0.145277     0.122578     0.132751     0.133662
565    0.0844413     0.118782     0.114808     0.124286     0.106314     0.112953     0.1161
575    0.0681202     0.0981296     0.0917333     0.0979946     0.0859606     0.0887404     0.0938174
585    0.0544172     0.0744986     0.0674731     0.0710417     0.064084     0.0641821     0.0697655
595    0.0421118     0.0579608     0.0509092     0.0529764     0.048902     0.0475962     0.0532161
605    0.0327941     0.0443621     0.0378589     0.0390307     0.0366982     0.0347898     0.0399941
615    0.0263072     0.0347118     0.0288562     0.0295275     0.0281812     0.0260845     0.0307839
625    0.0209951     0.0270797     0.0219447     0.022334     0.0215485     0.0195104     0.0236378
635    0.017577     0.0218088     0.0172183     0.0174485     0.0169808     0.0150366     0.0187355
645    0.0143614     0.0174098     0.0134721     0.0136034     0.0133351     0.0115938     0.0147775
655    0.0120066     0.0146322     0.0110611     0.0111369     0.0109804     0.00935442     0.0122473
665    0.00978861     0.012227     0.00900726     0.00904721     0.00896396     0.00746433     0.0100793
675    0.00839096     0.0100667     0.00727159     0.00728739     0.00725289     0.00592743     0.00820498
685    0.00739336     0.00863631     0.00615796     0.00616079     0.00615319     0.00496438     0.00698687
695    0.00617295     0.0072402     0.00501229     0.00501874     0.00500439     0.00393502     0.00575987
705    0.00527157     0.00625557     0.00420942     0.00422242     0.00419534     0.00321612     0.0048982
715    0.00481581     0.00539831     0.00361062     0.00362755     0.00359273     0.0027409     0.00421357
725    0.00394988     0.00482027     0.00317409     0.00319428     0.003153     0.00236979     0.00373119
735    0.00360047     0.00409037     0.00266779     0.00268922     0.00264571     0.00196996     0.00315075
745    0.00326118     0.00319392     0.0020024     0.00201044     0.00199416     0.00141579     0.00240813
755    0.00262819     0.00327719     0.00198207     0.00198207     0.00198207     0.00134213     0.00242439
765    0.00249146     0.00315473     0.00190572     0.00190572     0.00190572     0.0012864     0.00233343
775    0.00211673     0.00269425     0.00160404     0.00160404     0.00160404     0.00106116     0.0019786
785    0.00186353     0.00208192     0.0011983     0.0011983     0.0011983     0.00075618     0.00150302
795    0.00185847     0.00193496     0.00104997     0.00104997     0.00104997     0.000605044     0.00135627
805    0.00165591     0.00188108     0.00104662     0.00104662     0.00104662     0.000625496     0.00133629
815    0.00143816     0.00161655     0.000895288     0.000895288     0.000895288     0.000529322     0.00114664
825    0.00129637     0.00165574     0.000847355     0.000847355     0.000847355     0.000436617     0.00112947
835    0.00113939     0.00136672     0.000725297     0.000725297     0.000725297     0.000396719     0.000950412
845    0.00113432     0.00133243     0.000694724     0.000694724     0.000694724     0.000366173     0.000919477
855    0.00105837     0.0010875     0.000486988     0.000486988     0.000486988     0.000176916     0.000699043
865    0.00100266     0.000950337     0.000432843     0.000432843     0.000432843     0.000163183     0.000616723
875    0.000764656     0.000965033     0.000432852     0.000432852     0.000432852     0.000153798     0.000622787
885    0.000734272     0.000847465     0.000364132     0.000364132     0.000364132     0.000109811     0.000537097
895    0.000683633     0.000798479     0.000348211     0.000348211     0.000348211     0.000109131     0.000510335
905    0.000607674     0.000690709     0.000316343     0.000316343     0.000316343     0.000116271     0.000451745
915    0.000688697     0.00068581     0.000291203     0.000291203     0.000291203     7.95413e-05     0.000434334
925    0.000465883     0.000671114     0.000267116     0.000267116     0.000267116     4.85159e-05     0.0004145
935    0.000536778     0.00061233     0.000195309     0.000195309     0.000195309     -3.17435e-05     0.000348108
945    0.000491203     0.000494763     0.000183802     0.000183802     0.000183802     1.38245e-05     0.000298071
955    0.000491203     0.000538851     0.000194882     0.000194882     0.000194882     5.48347e-06     0.000321904
965    0.000400052     0.000553547     0.000256472     0.000256472     0.000256472     9.11366e-05     0.000366942
975    0.000354476     0.000475168     0.000176046     0.000176046     0.000176046     8.3287e-06     0.000287832
985    0.000349412     0.000445777     0.000157505     0.000157505     0.000157505     -5.25038e-06     0.000265735
995    0.000298773     0.000342905     9.72151e-05     9.72151e-05     9.72151e-05     -4.21497e-05     0.000189754
1005    0.000344348     0.000377196     0.000377196     0.000377196     0.000377196     0.000377196     0.000377196
1015    0.000293709     0.000279223     0.000279223     0.000279223     0.000279223     0.000279223     0.000279223
1025    0.000207622     0.00032331     0.00032331     0.00032331     0.00032331     0.00032331     0.00032331
1035    0.000222814     0.00028902     0.00028902     0.00028902     0.00028902     0.00028902     0.00028902
1045    0.000248133     0.000240034     0.000240034     0.000240034     0.000240034     0.000240034     0.000240034
1055    0.000172174     0.00028902     0.00028902     0.00028902     0.00028902     0.00028902     0.00028902
1065    0.000177238     0.000220439     0.000220439     0.000220439     0.000220439     0.000220439     0.000220439
1075    0.000177238     0.000274324     0.000274324     0.000274324     0.000274324     0.000274324     0.000274324
1085    0.000232942     0.000186148     0.000186148     0.000186148     0.000186148     0.000186148     0.000186148
1095    0.000172174     0.000146959     0.000146959     0.000146959     0.000146959     0.000146959     0.000146959
1105    0.000111407     0.000205743     0.000205743     0.000205743     0.000205743     0.000205743     0.000205743
1115    0.000126599     0.00018125     0.00018125     0.00018125     0.00018125     0.00018125     0.00018125
1125    0.000172174     0.000200844     0.000200844     0.000200844     0.000200844     0.000200844     0.000200844
1135    6.58313e-05     0.000112669     0.000112669     0.000112669     0.000112669     0.000112669     0.000112669
1145    0.000141791     0.000191047     0.000191047     0.000191047     0.000191047     0.000191047     0.000191047
1155    0.000136727     0.000156757     0.000156757     0.000156757     0.000156757     0.000156757     0.000156757
1165    0.000136727     0.000137162     0.000137162     0.000137162     0.000137162     0.000137162     0.000137162
1175    0.000121535     0.000171453     0.000171453     0.000171453     0.000171453     0.000171453     0.000171453
1185    8.10232e-05     0.000137162     0.000137162     0.000137162     0.000137162     0.000137162     0.000137162
1195    8.10232e-05     9.79729e-05     9.79729e-05     9.79729e-05     9.79729e-05     9.79729e-05     9.79729e-05
1205    9.11511e-05     0.000122466     0.000122466     0.000122466     0.000122466     0.000122466     0.000122466
1215    7.08953e-05     4.89864e-05     4.89864e-05     4.89864e-05     4.89864e-05     4.89864e-05     4.89864e-05
1225    9.11511e-05     8.81756e-05     8.81756e-05     8.81756e-05     8.81756e-05     8.81756e-05     8.81756e-05
1235    7.08953e-05     9.30742e-05     9.30742e-05     9.30742e-05     9.30742e-05     9.30742e-05     9.30742e-05
1245    6.07674e-05     5.38851e-05     5.38851e-05     5.38851e-05     5.38851e-05     5.38851e-05     5.38851e-05
1255    7.59592e-05     9.79729e-05     9.79729e-05     9.79729e-05     9.79729e-05     9.79729e-05     9.79729e-05
1265    5.06395e-05     7.83783e-05     7.83783e-05     7.83783e-05     7.83783e-05     7.83783e-05     7.83783e-05
1275    6.07674e-05     7.34797e-05     7.34797e-05     7.34797e-05     7.34797e-05     7.34797e-05     7.34797e-05
1285    6.07674e-05     9.79729e-05     9.79729e-05     9.79729e-05     9.79729e-05     9.79729e-05     9.79729e-05
1295    5.57034e-05     6.8581e-05     6.8581e-05     6.8581e-05     6.8581e-05     6.8581e-05     6.8581e-05
1305    6.07674e-05     6.36824e-05     6.36824e-05     6.36824e-05     6.36824e-05     6.36824e-05     6.36824e-05
1315    4.55755e-05     6.8581e-05     6.8581e-05     6.8581e-05     6.8581e-05     6.8581e-05     6.8581e-05
1325    5.57034e-05     7.34797e-05     7.34797e-05     7.34797e-05     7.34797e-05     7.34797e-05     7.34797e-05
1335    2.02558e-05     3.42905e-05     3.42905e-05     3.42905e-05     3.42905e-05     3.42905e-05     3.42905e-05
1345    2.02558e-05     5.38851e-05     5.38851e-05     5.38851e-05     5.38851e-05     5.38851e-05     5.38851e-05
1355    1.51918e-05     4.89864e-05     4.89864e-05     4.89864e-05     4.89864e-05     4.89864e-05     4.89864e-05
1365    2.53197e-05     6.36824e-05     6.36824e-05     6.36824e-05     6.36824e-05     6.36824e-05     6.36824e-05
1375    1.51918e-05     4.40878e-05     4.40878e-05     4.40878e-05     4.40878e-05     4.40878e-05     4.40878e-05
1385    4.05116e-05     1.46959e-05     1.46959e-05     1.46959e-05     1.46959e-05     1.46959e-05     1.46959e-05
1395    2.53197e-05     5.87837e-05     5.87837e-05     5.87837e-05     5.87837e-05     5.87837e-05     5.87837e-05
1405    1.51918e-05     4.89864e-05     4.89864e-05     4.89864e-05     4.89864e-05     4.89864e-05     4.89864e-05
1415    3.54476e-05     3.42905e-05     3.42905e-05     3.42905e-05     3.42905e-05     3.42905e-05     3.42905e-05
1425    1.01279e-05     1.95946e-05     1.95946e-05     1.95946e-05     1.95946e-05     1.95946e-05     1.95946e-05
1435    5.06395e-05     3.42905e-05     3.42905e-05     3.42905e-05     3.42905e-05     3.42905e-05     3.42905e-05
1445    2.02558e-05     9.79729e-06     9.79729e-06     9.79729e-06     9.79729e-06     9.79729e-06     9.79729e-06
1455    1.01279e-05     4.89864e-05     4.89864e-05     4.89864e-05     4.89864e-05     4.89864e-05     4.89864e-05
1465    2.53197e-05     1.95946e-05     1.95946e-05     1.95946e-05     1.95946e-05     1.95946e-05     1.95946e-05
1475    2.53197e-05     2.44932e-05     2.44932e-05     2.44932e-05     2.44932e-05     2.44932e-05     2.44932e-05
1485    0     4.89864e-06     4.89864e-06     4.89864e-06     4.89864e-06     4.89864e-06     4.89864e-06
1495    0     0     0     0     0     0     0
1505    0     0     0     0     0     0     0
1515    0     0     0     0     0     0     0
1525    0     0     0     0     0     0     0
1535    0     0     0     0     0     0     0
1545    0     0     0     0     0     0     0
1555    0     0     0     0     0     0     0
1565    0     0     0     0     0     0     0
1575    0     0     0     0     0     0     0
1585    0     0     0     0     0     0     0
1595    0     0     0     0     0     0     0
1605    0     0     0     0     0     0     0
1615    0     0     0     0     0     0     0
1625    0     0     0     0     0     0     0
1635    0     0     0     0     0     0     0
1645    0     0     0     0     0     0     0
1655    0     0     0     0     0     0     0
1665    0     0     0     0     0     0     0
1675    0     0     0     0     0     0     0
1685    0     0     0     0     0     0     0
1695    0     0     0     0     0     0     0
1705    0     0     0     0     0     0     0
1715    0     0     0     0     0     0     0
1725    0     0     0     0     0     0     0
1735    0     0     0     0     0     0     0
1745    0     0     0     0     0     0     0
1755    0     0     0     0     0     0     0
1765    0     0     0     0     0     0     0
1775    0     0     0     0     0     0     0
1785    0     0     0     0     0     0     0
1795    0     0     0     0     0     0     0
1805    0     0     0     0     0     0     0
1815    0     0     0     0     0     0     0
1825    0     0     0     0     0     0     0
1835    0     0     0     0     0     0     0
1845    0     0     0     0     0     0     0
1855    0     0     0     0     0     0     0
1865    0     0     0     0     0     0     0
1875    0     0     0     0     0     0     0
1885    0     0     0     0     0     0     0
1895    0     0     0     0     0     0     0
1905    0     0     0     0     0     0     0
1915    0     0     0     0     0     0     0
1925    0     0     0     0     0     0     0
1935    0     0     0     0     0     0     0
1945    0     0     0     0     0     0     0
1955    0     0     0     0     0     0     0
1965    0     0     0     0     0     0     0
1975    0     0     0     0     0     0     0
1985    0     0     0     0     0     0     0
1995    0     0     0     0     0     0     0
2005    0     0     0     0     0     0     0
2015    0     0     0     0     0     0     0
2025    0     0     0     0     0     0     0
2035    0     0     0     0     0     0     0
2045    0     0     0     0     0     0     0
2055    0     0     0     0     0     0     0
2065    0     0     0     0     0     0     0
2075    0     0     0     0     0     0     0
2085    0     0     0     0     0     0     0
2095    0     0     0     0     0     0     0
2105    0     0     0     0     0     0     0
2115    0     0     0     0     0     0     0
2125    0     0     0     0     0     0     0
2135    0     0     0     0     0     0     0
2145    0     0     0     0     0     0     0
2155    0     0     0     0     0     0     0
2165    0     0     0     0     0     0     0
2175    0     0     0     0     0     0     0
2185    0     0     0     0     0     0     0
2195    0     0     0     0     0     0     0
2205    0     0     0     0     0     0     0
2215    0     0     0     0     0     0     0
2225    0     0     0     0     0     0     0
2235    0     0     0     0     0     0     0
2245    0     0     0     0     0     0     0
2255    0     0     0     0     0     0     0
2265    0     0     0     0     0     0     0
2275    0     0     0     0     0     0     0
2285    0     0     0     0     0     0     0
2295    0     0     0     0     0     0     0
2305    0     0     0     0     0     0     0
2315    0     0     0     0     0     0     0
2325    0     0     0     0     0     0     0
2335    0     0     0     0     0     0     0
2345    0     0     0     0     0     0     0
2355    0     0     0     0     0     0     0
2365    0     0     0     0     0     0     0
2375    0     0     0     0     0     0     0
2385    0     0     0     0     0     0     0
2395    0     0     0     0     0     0     0
