5    0     0     0     0     0     0     0
15    0     0     0     0     0     0     0
25    2.31808e-05     0     0     0     0     0     0
35    4.9596e-05     0     0     0     0     0     0
45    6.76555e-05     0     0     0     0     0     0
55    9.13753e-05     0     0     0     0     0     0
65    0.000115095     0     0     0     0     0     0
75    0.000131268     0     0     0     0     0     0
85    0.000156335     0     0     0     0     0     0
95    0.000179247     0     0     0     0     0     0
105    0.000200001     0     0     0     0     0     0
115    0.000225878     0     0     0     0     0     0
125    0.000229112     0     0     0     0     0     0
135    0.000264422     0     0     0     0     0     0
145    0.00028356     0     0     0     0     0     0
155    0.000267387     0     0     0     0     0     0
165    0.000301619     0     0     0     0     0     0
175    0.000328843     0     0     0     0     0     0
185    0.000357954     0     0     0     0     0     0
195    0.000362267     0     0     0     0     0     0
205    0.000375205     0     0     0     0     0     0
215    0.0003779     0     0.000534007     0.000534007     0.000534007     0.000756029     0.000379393
225    0.000388952     0     0.000522673     0.000522673     0.000522673     0.000740888     0.000370604
235    0.00039596     0     0.000456285     0.000456285     0.000456285     0.000646926     0.00032319
245    0.000422105     0     0.000451547     0.000451547     0.000451547     0.000640878     0.000319357
255    0.000438008     0     0.000388825     0.000388825     0.000388825     0.000551452     0.000275051
265    0.000440434     0     0.000407947     0.000407947     0.000407947     0.000577969     0.00028872
275    0.000448251     0     0.000376685     0.000376685     0.000376685     0.000534341     0.000266123
285    0.000456068     0     0.000340875     0.000340875     0.000340875     0.000483491     0.000240671
295    0.000507551     0     0.000335988     0.000335988     0.000335988     0.000476788     0.000236997
305    0.000505125     0     0.000299725     0.000299725     0.000299725     0.000425619     0.000211199
315    0.000503508     0     0.000318581     0.000318581     0.000318581     0.000452051     0.00022456
325    0.000524532     0     0.000302876     0.000302876     0.000302876     0.000429412     0.000213513
335    0.000539626     0     0.000298121     0.000298121     0.000298121     0.000421457     0.000210684
345    0.000534775     0     0.000294684     0.000294684     0.000294684     0.000413514     0.000209665
355    0.000564963     0     0.000295707     0.000295707     0.000295707     0.000414191     0.000210733
365    0.000554451     0     0.000308695     0.000308695     0.000308695     0.000434372     0.00021887
375    0.000586527     0     0.000328746     0.000328746     0.000328746     0.000464126     0.000232203
385    0.000604586     0     0.00034568     0.00034568     0.00034568     0.000490117     0.00024301
395    0.000600813     0     0.000364096     0.000364096     0.000364096     0.000517948     0.000255018
405    0.000623724     0     0.000360181     0.000360181     0.000360181     0.00051403     0.000251353
415    0.000644209     0.000258268     0.000613404     0.000625667     0.000600696     0.000766605     0.000505256
425    0.000633428     0.000299975     0.000656411     0.000671076     0.000641255     0.00081176     0.000546992
435    0.000651217     0.000311204     0.000685249     0.000700646     0.000669355     0.00084961     0.000569678
445    0.000678711     0.00035612     0.000715189     0.000733231     0.000696612     0.000874607     0.000603374
455    0.000696231     0.000381787     0.000763106     0.000782852     0.000742818     0.000934154     0.000643414
465    0.000690301     0.000397427     0.000765849     0.000786769     0.000744391     0.000931389     0.000649988
475    0.00073235     0.000444749     0.000818835     0.000842932     0.000794186     0.000987169     0.000700978
485    0.000743671     0.000429109     0.000811956     0.000835448     0.000787951     0.000985671     0.000690568
495    0.000734776     0.000460791     0.000850638     0.000876866     0.000823942     0.00102869     0.000726385
505    0.000781677     0.000482046     0.000865983     0.000893499     0.000837985     0.00104222     0.000743127
515    0.000772512     0.000491671     0.000897884     0.000927388     0.000868033     0.00108603     0.00076699
525    0.000789493     0.000520946     0.000890389     0.00092165     0.000858759     0.00106281     0.000770649
535    0.000803779     0.000562654     0.000955513     0.000990991     0.000919832     0.00113926     0.000827921
545    0.00080324     0.000599951     0.000980443     0.00101853     0.000942172     0.00115867     0.000856651
555    0.000853106     0.000589123     0.00100877     0.00104785     0.000969724     0.00120622     0.000871741
565    0.000877365     0.000607169     0.00100612     0.00104701     0.000965324     0.00119511     0.000875179
575    0.000895154     0.000627221     0.00102542     0.00106922     0.00098194     0.00121496     0.00089422
585    0.000910519     0.000631633     0.00102152     0.00106684     0.000976696     0.00120782     0.000892641
595    0.000919953     0.000660507     0.00108835     0.00113715     0.00104028     0.00129385     0.000946315
605    0.000934777     0.000708631     0.00115622     0.00121059     0.00110297     0.00137263     0.00100692
615    0.000947716     0.000707027     0.00114778     0.00120295     0.00109388     0.00136199     0.00100015
625    0.000984374     0.000739511     0.00118632     0.00124723     0.00112728     0.00140432     0.00103619
635    0.00101537     0.000757157     0.00123769     0.00130051     0.00117689     0.00147329     0.00107563
645    0.0010337     0.00075836     0.00120238     0.00126979     0.00113788     0.0014213     0.00105198
655    0.00105445     0.000803677     0.00127255     0.00134399     0.0012042     0.00150471     0.0011132
665    0.00110405     0.000839369     0.00133792     0.00141829     0.00126203     0.00158606     0.00116782
675    0.00111052     0.000828942     0.0013121     0.00139196     0.00123677     0.00155383     0.00114659
685    0.00111025     0.000820922     0.00127664     0.00136109     0.00119798     0.00150545     0.00112009
695    0.00115904     0.000863432     0.00135419     0.00144474     0.00127013     0.00160211     0.00118483
705    0.00114772     0.000936019     0.00146821     0.00157207     0.00137291     0.00173874     0.00128372
715    0.00116793     0.000911155     0.00138991     0.00149447     0.00129459     0.00163437     0.00122336
725    0.00120243     0.000992164     0.00148273     0.00160174     0.00137532     0.00173469     0.00131133
735    0.00119192     0.001007     0.00146832     0.00159538     0.00135488     0.00170662     0.00130647
745    0.00123936     0.00104711     0.00152348     0.00165973     0.0014028     0.00177105     0.00135563
755    0.00126766     0.00110726     0.00165398     0.0018084     0.00151949     0.00193977     0.00146053
765    0.00127332     0.00111889     0.00165327     0.00181135     0.00151607     0.00193406     0.00146343
775    0.00130675     0.00117423     0.00169309     0.0018747     0.00153909     0.00196745     0.00150794
785    0.00127198     0.00124161     0.00174904     0.00194107     0.0015862     0.00201917     0.00156713
795    0.00128141     0.00124722     0.00178357     0.00199759     0.00160742     0.00207098     0.00159038
805    0.00125634     0.00126567     0.00176772     0.00198555     0.00158858     0.00203831     0.00158614
815    0.00126227     0.00133665     0.00181976     0.00207101     0.00161863     0.00208195     0.0016442
825    0.00123559     0.0013912     0.00192715     0.00219363     0.001715     0.0022191     0.00173183
835    0.00124044     0.00142167     0.00189159     0.00218361     0.00166453     0.00215017     0.00171918
845    0.0012116     0.00147702     0.001944     0.00225805     0.00170254     0.00220283     0.00177182
855    0.00117467     0.00155201     0.00204046     0.00238737     0.0017786     0.0023125     0.00185974
865    0.0011771     0.00150669     0.00193564     0.0022888     0.00167353     0.00217709     0.0017758
875    0.00110675     0.00153958     0.001949     0.00232041     0.00167649     0.00218123     0.00179567
885    0.00110216     0.00155602     0.00193206     0.00232851     0.00164725     0.00214655     0.0017907
895    0.00105338     0.00164906     0.00199902     0.0024235     0.00169544     0.00220079     0.00186654
905    0.000971435     0.00163904     0.00193689     0.00238151     0.001626     0.00210997     0.00182355
915    0.000971974     0.00168115     0.00195671     0.00241285     0.00163781     0.00211779     0.00185143
925    0.000905936     0.00168155     0.00192439     0.00239566     0.00160027     0.00206783     0.00183099
935    0.000886529     0.00168917     0.00190303     0.00237643     0.00157744     0.00203035     0.00182036
945    0.000836124     0.00167874     0.00183824     0.00230674     0.00151678     0.00193375     0.00177633
955    0.000762269     0.00164706     0.0017691     0.0022284     0.00145409     0.00172146     0.00184285
965    0.000718334     0.00164866     0.00172792     0.0021728     0.00142019     0.00169675     0.00177637
975    0.000704587     0.00152835     0.00157228     0.00197833     0.00129026     0.0015549     0.00159939
985    0.000643131     0.00151712     0.00152709     0.00191077     0.00125668     0.00152313     0.00153328
995    0.000621837     0.00149266     0.00147085     0.00183122     0.00121323     0.00145717     0.00147957
1005    0.000558764     0.00144333     0.00138923     0.00172063     0.00114889     0.00135502     0.00141096
1015    0.000537201     0.00134347     0.00126761     0.00154857     0.00105804     0.00121923     0.00129825
1025    0.000510785     0.0012761     0.00118009     0.00143776     0.000986106     0.0011183     0.00121908
1035    0.000457416     0.00125123     0.00113405     0.00134955     0.000964406     0.00105792     0.00118191
1045    0.000439356     0.00114817     0.00101522     0.00121084     0.000860832     0.000928006     0.00106984
1055    0.000398925     0.00109242     0.000942943     0.00108933     0.000819913     0.00084391     0.00100473
1065    0.000376283     0.00101021     0.000861694     0.000997066     0.000747924     0.000762282     0.000923468
1075    0.000337199     0.00097492     0.000815002     0.000913659     0.000726372     0.000706808     0.000881941
1085    0.000311862     0.00085902     0.000694596     0.000777914     0.000618891     0.000582138     0.000763869
1095    0.000298924     0.000834156     0.000666254     0.000726256     0.000607784     0.000550131     0.000737456
1105    0.000283021     0.000772396     0.000608922     0.000657016     0.000560156     0.000494649     0.00067868
1115    0.000266579     0.000677752     0.000516814     0.000546489     0.000483786     0.000402995     0.000585958
1125    0.000246363     0.000622008     0.000463316     0.000482181     0.000439527     0.000349835     0.000531934
1135    0.000229651     0.000642059     0.000476249     0.000488063     0.000458082     0.000356281     0.000548437
1145    0.000224799     0.000573482     0.000405241     0.000405861     0.000397298     0.000282101     0.000478967
1155    0.000208357     0.000547415     0.000403758     0.000405463     0.00039466     0.000297413     0.000467117
1165    0.000194071     0.000498488     0.000346315     0.00035123     0.000333449     0.00023231     0.000413888
1175    0.000166039     0.000445953     0.000308316     0.000313616     0.000295828     0.000204044     0.000369821
1185    0.000167387     0.000439937     0.000292758     0.0003072     0.000270452     0.000179935     0.00035896
1195    0.000149327     0.000408255     0.000267494     0.000280896     0.000246795     0.000158289     0.000331236
1205    0.000150675     0.000362938     0.000241612     0.00026102     0.00021536     0.000146374     0.000296911
1215    0.000144745     0.000352912     0.000215301     0.000234736     0.000189182     0.000106061     0.000278408
1225    0.000118599     0.000311605     0.00020095     0.000223266     0.000172624     0.000112056     0.000252027
1235    0.00011806     0.000296767     0.000185746     0.000208501     0.000157235     9.55071e-05     0.000237318
1245    0.000120756     0.000263481     0.000156337     0.000179937     0.00012763     6.82286e-05     0.000206424
1255    9.59575e-05     0.000255861     0.000139547     0.000164557     0.000109579     4.27724e-05     0.000194265
1265    9.43403e-05     0.000222174     0.000134287     0.000157931     0.000106361     6.0296e-05     0.000175893
1275    0.000100809     0.000207336     0.00010981     0.000134353     8.1304e-05     2.67284e-05     0.000156271
1285    8.57149e-05     0.000200919     0.000110409     0.000135506     8.1497e-05     3.23753e-05     0.0001538
1295    7.95154e-05     0.000204128     0.000111019     0.000139311     7.89071e-05     2.98153e-05     0.000155931
1305    7.62809e-05     0.000187685     9.08746e-05     0.000117447     6.08042e-05     5.37155e-06     0.000137876
1315    7.78981e-05     0.00016242     9.12483e-05     0.000116999     6.2546e-05     2.76367e-05     0.000126017
1325    6.03778e-05     0.000158008     9.33373e-05     0.000118388     6.54145e-05     3.48466e-05     0.000125123
1335    6.01082e-05     0.000147982     8.36643e-05     0.000110002     5.47255e-05     2.47912e-05     0.000115471
1345    5.90301e-05     0.00014718     8.59324e-05     0.000112175     5.71046e-05     2.91785e-05     0.000116411
1355    6.1456e-05     0.000133144     7.39456e-05     9.98393e-05     4.57827e-05     1.84017e-05     0.000103589
1365    5.33696e-05     0.00012753     6.25257e-05     8.77643e-05     3.51278e-05     8.51495e-07     9.52595e-05
1375    5.36392e-05     0.000114295     6.71733e-05     9.12556e-05     4.11995e-05     2.18906e-05     9.10546e-05
1385    4.42052e-05     0.000101863     5.03031e-05     7.24491e-05     2.64917e-05     1.64709e-07     7.6587e-05
1395    4.42052e-05     0.000107077     5.7944e-05     8.22477e-05     3.19201e-05     9.5403e-06     8.31514e-05
1405    3.88143e-05     9.70508e-05     4.63468e-05     6.93387e-05     2.18245e-05     -4.24783e-06     7.25235e-05
1415    3.90838e-05     9.02332e-05     3.79412e-05     5.98628e-05     1.4617e-05     -1.48639e-05     6.5094e-05
1425    3.96229e-05     8.7426e-05     4.35092e-05     6.59423e-05     1.97618e-05     -1.40776e-06     6.64542e-05
1435    3.28843e-05     7.49938e-05     4.09818e-05     6.04301e-05     2.04119e-05     5.79057e-06     5.8851e-05
1445    3.77361e-05     7.09835e-05     4.22568e-05     6.18685e-05     2.16179e-05     1.21521e-05     5.74415e-05
1455    3.4232e-05     6.49679e-05     3.45277e-05     5.24854e-05     1.56302e-05     2.20978e-06     5.07172e-05
1465    2.83021e-05     6.13586e-05     2.55134e-05     4.36897e-05     6.48727e-06     -1.3007e-05     4.46854e-05
1475    2.85716e-05     6.13586e-05     2.79888e-05     4.61651e-05     8.9627e-06     -8.32047e-06     4.5941e-05
1485    2.58762e-05     5.17337e-05     2.21758e-05     4.22823e-05     1.24464e-06     -1.03986e-05     3.81718e-05
1495    2.61457e-05     0     0     0     0     0     0
1505    3.23452e-05     0     -4.07565e-06     -4.07565e-06     -4.07565e-06     -8.66596e-06     -1.84795e-06
1515    2.34503e-05     0     -1.91614e-05     -1.91614e-05     -1.91614e-05     -4.11047e-05     -8.60855e-06
1525    2.1833e-05     0     -4.1302e-06     -4.1302e-06     -4.1302e-06     -8.93119e-06     -1.84031e-06
1535    2.56066e-05     0     -1.38111e-06     -1.38111e-06     -1.38111e-06     -3.00682e-06     -6.11057e-07
1545    2.02158e-05     0     -1.11208e-05     -1.11208e-05     -1.11208e-05     -2.43468e-05     -4.89202e-06
1555    1.61726e-05     0     -1.39505e-05     -1.39505e-05     -1.39505e-05     -3.07393e-05     -6.09595e-06
1565    1.40163e-05     0     -1.40044e-05     -1.40044e-05     -1.40044e-05     -3.10832e-05     -6.07358e-06
1575    1.64422e-05     0     -4.21998e-06     -4.21998e-06     -4.21998e-06     -9.44502e-06     -1.8145e-06
1585    1.45554e-05     0     -8.46667e-06     -8.46667e-06     -8.46667e-06     -1.90824e-05     -3.61423e-06
1595    1.75203e-05     0     0     0     0     0     0
1605    1.56335e-05     0     -4.25134e-06     -4.25134e-06     -4.25134e-06     -9.68319e-06     -1.79518e-06
1615    1.2399e-05     0     -1.27792e-05     -1.27792e-05     -1.27792e-05     -2.93472e-05     -5.35031e-06
1625    1.45554e-05     0     0     0     0     0     0
1635    1.10513e-05     0     0     0     0     0     0
1645    1.2399e-05     0     0     0     0     0     0
1655    8.89494e-06     0     -8.61472e-06     -8.61472e-06     -8.61472e-06     -2.03687e-05     -3.49993e-06
1665    1.13208e-05     0     0     0     0     0     0
1675    1.07817e-05     0     0     0     0     0     0
1685    9.70357e-06     0     0     0     0     0     0
1695    8.6254e-06     0     -4.33513e-06     -4.33513e-06     -4.33513e-06     -1.05727e-05     -1.70581e-06
1705    1.10513e-05     0     -4.34638e-06     -4.34638e-06     -4.34638e-06     -1.06391e-05     -1.70373e-06
1715    6.73859e-06     0     0     0     0     0     0
1725    8.35585e-06     0     -1.44396e-06     -1.44396e-06     -1.44396e-06     -3.58759e-06     -5.57424e-07
1735    8.6254e-06     0     0     0     0     0     0
1745    5.66042e-06     0     0     0     0     0     0
1755    5.66042e-06     0     0     0     0     0     0
1765    8.35585e-06     0     0     0     0     0     0
1775    5.92996e-06     0     -4.35831e-06     -4.35831e-06     -4.35831e-06     -1.12452e-05     -1.61821e-06
1785    6.46905e-06     0     0     0     0     0     0
1795    5.12133e-06     0     -4.35351e-06     -4.35351e-06     -4.35351e-06     -1.14064e-05     -1.59114e-06
1805    5.12133e-06     0     -4.35868e-06     -4.35868e-06     -4.35868e-06     -1.15082e-05     -1.58049e-06
1815    4.85179e-06     0     0     0     0     0     0
1825    5.39087e-06     0     0     0     0     0     0
1835    3.50407e-06     0     0     0     0     0     0
1845    4.85179e-06     0     -8.68663e-06     -8.68663e-06     -8.68663e-06     -2.37029e-05     -3.04496e-06
1855    3.50407e-06     0     0     0     0     0     0
1865    4.58224e-06     0     -4.34165e-06     -4.34165e-06     -4.34165e-06     -1.20565e-05     -1.49475e-06
1875    5.12133e-06     0     0     0     0     0     0
1885    5.39087e-06     0     -4.33825e-06     -4.33825e-06     -4.33825e-06     -1.21883e-05     -1.47575e-06
1895    4.85179e-06     0     -2.88116e-06     -2.88116e-06     -2.88116e-06     -8.18967e-06     -9.68423e-07
1905    2.69544e-06     0     0     0     0     0     0
1915    4.85179e-06     0     0     0     0     0     0
1925    2.96498e-06     0     0     0     0     0     0
1935    3.77361e-06     0     0     0     0     0     0
1945    1.88681e-06     0     -4.28025e-06     -4.28025e-06     -4.28025e-06     -1.26483e-05     -1.38242e-06
1955    1.88681e-06     0     0     0     0     0     0
1965    2.69544e-06     0     0     0     0     0     0
1975    2.42589e-06     0     0     0     0     0     0
1985    2.69544e-06     0     -4.25212e-06     -4.25212e-06     -4.25212e-06     -1.29586e-05     -1.33049e-06
1995    1.61726e-06     0     0     0     0     0     0
2005    3.23452e-06     0     0     0     0     0     0
2015    2.96498e-06     0     0     0     0     0     0
2025    2.42589e-06     0     0     0     0     0     0
2035    1.07817e-06     0     0     0     0     0     0
2045    2.96498e-06     0     0     0     0     0     0
2055    1.61726e-06     0     0     0     0     0     0
2065    2.42589e-06     0     0     0     0     0     0
2075    1.07817e-06     0     0     0     0     0     0
2085    2.15635e-06     0     0     0     0     0     0
2095    8.08631e-07     0     0     0     0     0     0
2105    1.07817e-06     0     0     0     0     0     0
2115    2.15635e-06     0     0     0     0     0     0
2125    1.61726e-06     0     0     0     0     0     0
2135    1.07817e-06     0     0     0     0     0     0
2145    1.61726e-06     0     0     0     0     0     0
2155    1.34772e-06     0     0     0     0     0     0
2165    1.61726e-06     0     0     0     0     0     0
2175    8.08631e-07     0     0     0     0     0     0
2185    5.39087e-07     0     0     0     0     0     0
2195    8.08631e-07     0     0     0     0     0     0
2205    5.39087e-07     0     0     0     0     0     0
2215    5.39087e-07     0     0     0     0     0     0
2225    1.07817e-06     0     0     0     0     0     0
2235    8.08631e-07     0     0     0     0     0     0
2245    1.34772e-06     0     0     0     0     0     0
2255    5.39087e-07     0     0     0     0     0     0
2265    5.39087e-07     0     0     0     0     0     0
2275    1.07817e-06     0     0     0     0     0     0
2285    5.39087e-07     0     0     0     0     0     0
2295    1.07817e-06     0     0     0     0     0     0
2305    8.08631e-07     0     0     0     0     0     0
2315    5.39087e-07     0     0     0     0     0     0
2325    1.07817e-06     0     0     0     0     0     0
2335    5.39087e-07     0     0     0     0     0     0
2345    5.39087e-07     0     0     0     0     0     0
2355    2.69544e-07     0     0     0     0     0     0
2365    8.08631e-07     0     0     0     0     0     0
2375    1.07817e-06     0     0     0     0     0     0
2385    8.08631e-07     0     0     0     0     0     0
2395    8.08631e-07     0     0     0     0     0     0
