5    7.94036e-05     0     0     0     0     0     0
15    0.000198509     0     0     0     0     0     0
25    0.00043672     0     0     0     0     0     0
35    0.000833738     0     0     0     0     0     0
45    0.000992545     0     0     0     0     0     0
55    0.00119105     0     0     0     0     0     0
65    0.00146897     0     0     0     0     0     0
75    0.00258062     0     0     0     0     0     0
85    0.0021439     0     0     0     0     0     0
95    0.00277913     0     0     0     0     0     0
105    0.00250121     0     0     0     0     0     0
115    0.00317614     0     0     0     0     0     0
125    0.00301734     0     0     0     0     0     0
135    0.0044863     0     0     0     0     0     0
145    0.00456571     0     0     0     0     0     0
155    0.00492302     0     0     0     0     0     0
165    0.00468481     2.53282e-05     2.53282e-05     2.53282e-05     2.53282e-05     2.53282e-05     2.53282e-05
175    0.00567736     6.33204e-05     6.33204e-05     6.33204e-05     6.33204e-05     6.33204e-05     6.33204e-05
185    0.00480392     7.59845e-05     7.59845e-05     7.59845e-05     7.59845e-05     7.59845e-05     7.59845e-05
195    0.00706692     0.000126641     0.000126641     0.000126641     0.000126641     0.000126641     0.000126641
205    0.00746394     0.000253282     0.000253282     0.000253282     0.000253282     0.000253282     0.000253282
215    0.00786096     0.000139305     0.00235012     0.00235012     0.00235012     0.00330903     0.00169045
225    0.00774185     0.000265946     0.0025392     0.0025392     0.0025392     0.00352988     0.00185751
235    0.00861529     0.000316602     0.00255208     0.00255208     0.00255208     0.00352694     0.00188032
245    0.00980634     0.000417915     0.00261784     0.00261784     0.00261784     0.00357873     0.00195507
255    0.0102431     0.000506563     0.00271584     0.00271584     0.00271584     0.00367695     0.00205115
265    0.0113944     0.000785173     0.00297706     0.00297706     0.00297706     0.00392588     0.00231902
275    0.0125061     0.000911814     0.00303627     0.00303627     0.00303627     0.00395774     0.00239678
285    0.0127046     0.00119042     0.00330391     0.00330391     0.00330391     0.00421884     0.00266773
295    0.0145309     0.00151969     0.00356837     0.00356837     0.00356837     0.00445524     0.00295094
305    0.015841     0.00187428     0.00395025     0.00395025     0.00395025     0.0048497     0.00332347
315    0.0179055     0.00216556     0.00427167     0.00427167     0.00427167     0.0051811     0.00363659
325    0.0205655     0.00284942     0.00501762     0.00501762     0.00501762     0.00595182     0.00436397
335    0.0215581     0.00420447     0.00647032     0.00647032     0.00647032     0.00744035     0.0057896
345    0.0252106     0.00621806     0.00888685     0.00888685     0.00888685     0.0100241     0.00808672
355    0.0286647     0.00740849     0.0103339     0.0103339     0.0103339     0.0115919     0.00945029
365    0.0301734     0.0102706     0.0136662     0.0136734     0.013659     0.0151392     0.0126334
375    0.0346994     0.0133733     0.0175105     0.0175729     0.0174464     0.0193179     0.0162447
385    0.0417663     0.018135     0.0229209     0.0230182     0.0228216     0.0250267     0.0214479
395    0.0439102     0.0237072     0.0294533     0.0296001     0.0293025     0.0319956     0.0276764
405    0.0561383     0.0319515     0.0390841     0.0393175     0.0388452     0.0422574     0.0368678
415    0.0636817     0.0396386     0.048435     0.0487828     0.04808     0.0523667     0.0456906
425    0.0792448     0.0529992     0.0644594     0.0650302     0.06388     0.0696082     0.0608679
435    0.0966739     0.0703236     0.0846314     0.0855813     0.0836724     0.0910839     0.0801324
445    0.126609     0.0933216     0.111459     0.113081     0.109833     0.11969     0.105726
455    0.164246     0.129389     0.151934     0.154942     0.148958     0.162232     0.144772
465    0.21034     0.184668     0.211986     0.217858     0.206271     0.224438     0.203311
475    0.281843     0.260006     0.289771     0.30127     0.27885     0.303318     0.280322
485    0.34489     0.362218     0.389327     0.411234     0.369133     0.401723     0.380687
495    0.372601     0.449739     0.464349     0.49741     0.434566     0.471051     0.459679
505    0.348264     0.450373     0.446627     0.479689     0.416841     0.444355     0.448377
515    0.277754     0.382848     0.365107     0.387746     0.344197     0.356901     0.370819
525    0.209625     0.283675     0.260878     0.272789     0.249522     0.250282     0.268246
535    0.147969     0.198851     0.176863     0.182554     0.171296     0.16665     0.183971
545    0.112237     0.140407     0.121181     0.123903     0.11847     0.112261     0.127397
555    0.0830562     0.103453     0.0869459     0.0883417     0.0855365     0.0792745     0.0922921
565    0.0642375     0.0768076     0.0628813     0.0636055     0.0621414     0.0563823     0.0674071
575    0.0506595     0.0613321     0.0492051     0.0496089     0.0487881     0.0435308     0.0531562
585    0.041012     0.0471484     0.0370587     0.0372716     0.0368365     0.0323326     0.0403507
595    0.0296572     0.0394106     0.0303911     0.0305084     0.030267     0.0261538     0.0333418
605    0.025965     0.0315082     0.0238711     0.0239257     0.0238121     0.0202673     0.0263785
615    0.0219551     0.0246063     0.0182649     0.018282     0.018244     0.0152634     0.0203524
625    0.0169527     0.021339     0.01553     0.0155339     0.015524     0.0127764     0.0174454
635    0.0139353     0.0189581     0.0135491     0.0135653     0.0135313     0.0109785     0.015337
645    0.0132207     0.0159694     0.0114237     0.011425     0.0114222     0.00925541     0.0129307
655    0.010521     0.0139432     0.00976971     0.00976971     0.00976971     0.0077751     0.011156
665    0.00901231     0.011651     0.00797291     0.00797291     0.00797291     0.00621056     0.00919746
675    0.0087344     0.0107645     0.00743782     0.00743782     0.00743782     0.00583798     0.00854867
685    0.00746394     0.00902949     0.00608083     0.00608083     0.00608083     0.00466062     0.00706705
695    0.00635229     0.00804169     0.00527788     0.00527788     0.00527788     0.00394148     0.00620528
705    0.00543915     0.00707922     0.0046702     0.0046702     0.0046702     0.00350067     0.00548112
715    0.00492302     0.00611675     0.00377919     0.00377919     0.00377919     0.00264184     0.00456764
725    0.00468481     0.00547088     0.00340697     0.00340697     0.00340697     0.00239868     0.0041054
735    0.0043275     0.00497698     0.00305472     0.00305472     0.00305472     0.00211175     0.00370731
745    0.00325555     0.00434378     0.00266965     0.00266965     0.00266965     0.00184544     0.00323973
755    0.00269972     0.00376123     0.00218931     0.00218931     0.00218931     0.00141258     0.0027261
765    0.00341435     0.00345729     0.00200366     0.00200366     0.00200366     0.00128282     0.0025015
775    0.00313644     0.00325467     0.00177564     0.00177564     0.00177564     0.00103915     0.00228381
785    0.00234241     0.00333065     0.00191223     0.00191223     0.00191223     0.00120237     0.00240146
795    0.00258062     0.00274811     0.00142493     0.00142493     0.00142493     0.000759705     0.00188287
805    0.00198509     0.00236818     0.00126317     0.00126317     0.00126317     0.000705436     0.00164677
815    0.00194539     0.00216556     0.00105395     0.00105395     0.00105395     0.00048991     0.00144136
825    0.00170718     0.00222888     0.00122908     0.00122908     0.00122908     0.00072106     0.001578
835    0.00182628     0.00198826     0.00093982     0.00093982     0.00093982     0.000402794     0.00130781
845    0.00150867     0.00169699     0.000879636     0.000879636     0.000879636     0.000458544     0.0011677
855    0.00127046     0.00181096     0.000816502     0.000816502     0.000816502     0.000302896     0.00116772
865    0.00127046     0.00145637     0.000692503     0.000692503     0.000692503     0.000294312     0.000963984
875    0.000992545     0.00146903     0.000614197     0.000614197     0.000614197     0.000165813     0.000919351
885    0.00119105     0.0011651     0.000478816     0.000478816     0.000478816     0.000117723     0.000724422
895    0.00111165     0.00113977     0.000431131     0.000431131     0.000431131     5.4917e-05     0.000686257
905    0.000674931     0.00119042     0.000584194     0.000584194     0.000584194     0.000260201     0.000803457
915    0.000992545     0.00131706     0.000585664     0.000585664     0.000585664     0.000193405     0.000850912
925    0.000754334     0.0011651     0.000458598     0.000458598     0.000458598     7.63993e-05     0.000716307
935    0.000714632     0.000797837     0.000324075     0.000324075     0.000324075     6.61987e-05     0.000497626
945    0.000794036     0.000886486     0.000272203     0.000272203     0.000272203     -6.35569e-05     0.000497926
955    0.000555825     0.000823165     0.000358846     0.000358846     0.000358846     0.000103094     0.000530344
965    0.000635229     0.000873821     0.000329401     0.000329401     0.000329401     2.6452e-05     0.000531831
975    0.00043672     0.000797837     0.000358728     0.000358728     0.000358728     0.000112537     0.000522824
985    0.000476422     0.000848493     0.000386888     0.000386888     0.000386888     0.000126307     0.000560178
995    0.000516123     0.000721853     0.000313517     0.000313517     0.000313517     8.18179e-05     0.000467359
1005    0.000357316     0.000493899     0.000493899     0.000493899     0.000493899     0.000493899     0.000493899
1015    0.000555825     0.000531891     0.000531891     0.000531891     0.000531891     0.000531891     0.000531891
1025    0.00043672     0.000569884     0.000569884     0.000569884     0.000569884     0.000569884     0.000569884
1035    0.000357316     0.000303938     0.000303938     0.000303938     0.000303938     0.000303938     0.000303938
1045    0.000198509     0.000443243     0.000443243     0.000443243     0.000443243     0.000443243     0.000443243
1055    0.000317614     0.000468571     0.000468571     0.000468571     0.000468571     0.000468571     0.000468571
1065    0.000397018     0.000430579     0.000430579     0.000430579     0.000430579     0.000430579     0.000430579
1075    0.000317614     0.000493899     0.000493899     0.000493899     0.000493899     0.000493899     0.000493899
1085    0.000317614     0.000215289     0.000215289     0.000215289     0.000215289     0.000215289     0.000215289
1095    0.000397018     0.000379922     0.000379922     0.000379922     0.000379922     0.000379922     0.000379922
1105    0.000119105     0.000392586     0.000392586     0.000392586     0.000392586     0.000392586     0.000392586
1115    0.000277913     0.000291274     0.000291274     0.000291274     0.000291274     0.000291274     0.000291274
1125    0.000158807     0.000329266     0.000329266     0.000329266     0.000329266     0.000329266     0.000329266
1135    0.000277913     0.000316602     0.000316602     0.000316602     0.000316602     0.000316602     0.000316602
1145    0.000238211     0.000265946     0.000265946     0.000265946     0.000265946     0.000265946     0.000265946
1155    0.000238211     0.000177297     0.000177297     0.000177297     0.000177297     0.000177297     0.000177297
1165    0.000238211     0.000265946     0.000265946     0.000265946     0.000265946     0.000265946     0.000265946
1175    0.000238211     0.000227953     0.000227953     0.000227953     0.000227953     0.000227953     0.000227953
1185    0     0     0     0     0     0     0
1195    0     0     0     0     0     0     0
1205    0     0     0     0     0     0     0
1215    0     0     0     0     0     0     0
1225    0     0     0     0     0     0     0
1235    0     0     0     0     0     0     0
1245    0     0     0     0     0     0     0
1255    0     0     0     0     0     0     0
1265    0     0     0     0     0     0     0
1275    0     0     0     0     0     0     0
1285    0     0     0     0     0     0     0
1295    0     0     0     0     0     0     0
1305    0     0     0     0     0     0     0
1315    0     0     0     0     0     0     0
1325    0     0     0     0     0     0     0
1335    0     0     0     0     0     0     0
1345    0     0     0     0     0     0     0
1355    0     0     0     0     0     0     0
1365    0     0     0     0     0     0     0
1375    0     0     0     0     0     0     0
1385    0     0     0     0     0     0     0
1395    0     0     0     0     0     0     0
1405    0     0     0     0     0     0     0
1415    0     0     0     0     0     0     0
1425    0     0     0     0     0     0     0
1435    0     0     0     0     0     0     0
1445    0     0     0     0     0     0     0
1455    0     0     0     0     0     0     0
1465    0     0     0     0     0     0     0
1475    0     0     0     0     0     0     0
1485    0     0     0     0     0     0     0
1495    0     0     0     0     0     0     0
1505    0     0     0     0     0     0     0
1515    0     0     0     0     0     0     0
1525    0     0     0     0     0     0     0
1535    0     0     0     0     0     0     0
1545    0     0     0     0     0     0     0
1555    0     0     0     0     0     0     0
1565    0     0     0     0     0     0     0
1575    0     0     0     0     0     0     0
1585    0     0     0     0     0     0     0
1595    0     0     0     0     0     0     0
1605    0     0     0     0     0     0     0
1615    0     0     0     0     0     0     0
1625    0     0     0     0     0     0     0
1635    0     0     0     0     0     0     0
1645    0     0     0     0     0     0     0
1655    0     0     0     0     0     0     0
1665    0     0     0     0     0     0     0
1675    0     0     0     0     0     0     0
1685    0     0     0     0     0     0     0
1695    0     0     0     0     0     0     0
1705    0     0     0     0     0     0     0
1715    0     0     0     0     0     0     0
1725    0     0     0     0     0     0     0
1735    0     0     0     0     0     0     0
1745    0     0     0     0     0     0     0
1755    0     0     0     0     0     0     0
1765    0     0     0     0     0     0     0
1775    0     0     0     0     0     0     0
1785    0     0     0     0     0     0     0
1795    0     0     0     0     0     0     0
1805    0     0     0     0     0     0     0
1815    0     0     0     0     0     0     0
1825    0     0     0     0     0     0     0
1835    0     0     0     0     0     0     0
1845    0     0     0     0     0     0     0
1855    0     0     0     0     0     0     0
1865    0     0     0     0     0     0     0
1875    0     0     0     0     0     0     0
1885    0     0     0     0     0     0     0
1895    0     0     0     0     0     0     0
1905    0     0     0     0     0     0     0
1915    0     0     0     0     0     0     0
1925    0     0     0     0     0     0     0
1935    0     0     0     0     0     0     0
1945    0     0     0     0     0     0     0
1955    0     0     0     0     0     0     0
1965    0     0     0     0     0     0     0
1975    0     0     0     0     0     0     0
1985    0     0     0     0     0     0     0
1995    0     0     0     0     0     0     0
2005    0     0     0     0     0     0     0
2015    0     0     0     0     0     0     0
2025    0     0     0     0     0     0     0
2035    0     0     0     0     0     0     0
2045    0     0     0     0     0     0     0
2055    0     0     0     0     0     0     0
2065    0     0     0     0     0     0     0
2075    0     0     0     0     0     0     0
2085    0     0     0     0     0     0     0
2095    0     0     0     0     0     0     0
2105    0     0     0     0     0     0     0
2115    0     0     0     0     0     0     0
2125    0     0     0     0     0     0     0
2135    0     0     0     0     0     0     0
2145    0     0     0     0     0     0     0
2155    0     0     0     0     0     0     0
2165    0     0     0     0     0     0     0
2175    0     0     0     0     0     0     0
2185    0     0     0     0     0     0     0
2195    0     0     0     0     0     0     0
2205    0     0     0     0     0     0     0
2215    0     0     0     0     0     0     0
2225    0     0     0     0     0     0     0
2235    0     0     0     0     0     0     0
2245    0     0     0     0     0     0     0
2255    0     0     0     0     0     0     0
2265    0     0     0     0     0     0     0
2275    0     0     0     0     0     0     0
2285    0     0     0     0     0     0     0
2295    0     0     0     0     0     0     0
2305    0     0     0     0     0     0     0
2315    0     0     0     0     0     0     0
2325    0     0     0     0     0     0     0
2335    0     0     0     0     0     0     0
2345    0     0     0     0     0     0     0
2355    0     0     0     0     0     0     0
2365    0     0     0     0     0     0     0
2375    0     0     0     0     0     0     0
2385    0     0     0     0     0     0     0
2395    0     0     0     0     0     0     0
