5    6.93544e-06     0     0     0     0     0     0
15    7.62898e-05     0     0     0     0     0     0
25    9.01607e-05     0     0     0     0     0     0
35    0.000235805     0     0     0     0     0     0
45    0.00024274     0     0     0     0     0     0
55    0.000360643     0     0     0     0     0     0
65    0.00048548     0     0     0     0     0     0
75    0.000499351     0     0     0     0     0     0
85    0.000644995     0     0     0     0     0     0
95    0.000735156     0     0     0     0     0     0
105    0.000735156     0     0     0     0     0     0
115    0.00101257     0     0     0     0     0     0
125    0.00112354     0     0     0     0     0     0
135    0.00104032     0     0     0     0     0     0
145    0.00122064     0     0     0     0     0     0
155    0.00126225     0     0     0     0     0     0
165    0.00140789     0     6.6352e-06     6.6352e-06     6.6352e-06     6.6352e-06     6.6352e-06
175    0.00136628     0     0     0     0     0     0
185    0.00131773     0     1.54821e-05     1.54821e-05     1.54821e-05     1.54821e-05     1.54821e-05
195    0.00171999     0     2.43291e-05     2.43291e-05     2.43291e-05     2.43291e-05     2.43291e-05
205    0.00180321     0     4.42347e-05     4.42347e-05     4.42347e-05     4.42347e-05     4.42347e-05
215    0.00182402     0     0.00108829     0.00108829     0.00108829     0.00152432     0.000784635
225    0.00196273     0     0.00120325     0.00120325     0.00120325     0.00167512     0.000874447
235    0.00201821     0     0.00111189     0.00111189     0.00111189     0.00154357     0.000810852
245    0.00228176     0     0.00112214     0.00112214     0.00112214     0.00155007     0.000823604
255    0.00201821     0     0.00105502     0.00105502     0.00105502     0.0014602     0.000771509
265    0.00229563     0     0.00108543     0.00108543     0.00108543     0.0014891     0.0008024
275    0.00232337     0     0.00112629     0.00112629     0.00112629     0.00150961     0.000857347
285    0.00261466     0     0.00103497     0.00103497     0.00103497     0.00139581     0.000781534
295    0.00224708     0     0.00104449     0.00104449     0.00104449     0.00139331     0.000799366
305    0.00256611     0.000192421     0.00106461     0.00106461     0.00106461     0.00140864     0.000822628
315    0.00274643     0.000341713     0.00116677     0.00116677     0.00116677     0.00151564     0.000920906
325    0.00298917     0.000321807     0.00114276     0.00114284     0.00114268     0.00146589     0.000914588
335    0.00304466     0.000524181     0.00125183     0.00125725     0.00124615     0.00157663     0.00102154
345    0.00324578     0.000583898     0.00136819     0.00137437     0.00136169     0.00171137     0.00112275
355    0.0034261     0.000789589     0.00160602     0.00161486     0.00159672     0.00196249     0.00135034
365    0.00367578     0.000862576     0.00194782     0.00196105     0.00193396     0.00232033     0.00168159
375    0.00379368     0.00123415     0.00224619     0.00226231     0.00222933     0.00267308     0.00194176
385    0.00378675     0.00145974     0.00243902     0.00245834     0.00241882     0.00287501     0.00212909
395    0.00402949     0.00169198     0.00266385     0.00268674     0.00263998     0.00311847     0.00234151
405    0.00421674     0.00205028     0.00300884     0.00303736     0.00297908     0.00348353     0.00267311
415    0.00445255     0.00212658     0.00337615     0.00341076     0.00334011     0.00388518     0.00301682
425    0.00472997     0.00254792     0.00379837     0.00383987     0.00375522     0.00435591     0.00340567
435    0.005049     0.00281664     0.00409011     0.00413902     0.00403933     0.00464239     0.00370177
445    0.00517383     0.00306878     0.00431149     0.00436544     0.00425563     0.00491082     0.00389112
455    0.00553448     0.00331428     0.00485899     0.00492667     0.00478907     0.00546305     0.00443631
465    0.00611012     0.0039579     0.00523983     0.00531815     0.0051591     0.00586403     0.00480295
475    0.00670657     0.00424985     0.00566641     0.00575667     0.00557357     0.00632721     0.00520374
485    0.00701866     0.00474417     0.00649329     0.0066021     0.0063818     0.00728589     0.00593942
495    0.00700479     0.00518209     0.0068462     0.00697141     0.00671797     0.00763755     0.00629396
505    0.0073585     0.00560343     0.00743861     0.00758617     0.00728775     0.00826316     0.0068638
515    0.00866236     0.00611102     0.00802469     0.00819395     0.00785242     0.00894384     0.00738525
525    0.00882881     0.00652904     0.00874695     0.00894975     0.00854194     0.0097128     0.0080762
535    0.00975816     0.00716933     0.00955137     0.00979039     0.00931129     0.0106329     0.00880035
545    0.0101465     0.00803855     0.0102387     0.0105165     0.00996076     0.0113889     0.00943973
555    0.0110759     0.00881818     0.0111871     0.0115195     0.0108569     0.0124266     0.0103269
565    0.0120815     0.00965753     0.0127175     0.0131342     0.0123066     0.0141477     0.0117266
575    0.0128097     0.0108386     0.0134098     0.0138973     0.0129334     0.014889     0.0123859
585    0.0146199     0.0116381     0.0146841     0.0152793     0.0141081     0.0162548     0.0135976
595    0.0160555     0.0133533     0.0165726     0.0173227     0.0158548     0.0183129     0.0153698
605    0.0171999     0.0148429     0.0184651     0.0194209     0.0175632     0.0203213     0.0171845
615    0.018906     0.0161434     0.0200541     0.0212298     0.0189607     0.0219989     0.0187139
625    0.0197105     0.0178155     0.0220464     0.0235099     0.0207075     0.0240945     0.020636
635    0.0220616     0.0200847     0.0244461     0.0262886     0.0227898     0.0265823     0.0229767
645    0.0229355     0.0223673     0.0259521     0.0282334     0.0239469     0.0279704     0.0245655
655    0.023199     0.0242351     0.0286453     0.0315034     0.0261848     0.0306553     0.0272655
665    0.0237192     0.0271745     0.030416     0.033829     0.0275356     0.0322762     0.0291408
675    0.0240174     0.0290688     0.0315043     0.035437     0.0282439     0.0330801     0.0304253
685    0.0244127     0.0302532     0.0320256     0.0364013     0.0284556     0.0332869     0.0311627
695    0.0224084     0.0309068     0.0324235     0.0370906     0.0286411     0.033318     0.0318124
705    0.0210768     0.0308305     0.0312256     0.0358251     0.0274973     0.0309119     0.0316855
715    0.0197937     0.0301503     0.0295122     0.0338137     0.0259977     0.029434     0.0296038
725    0.0174842     0.0277517     0.0268258     0.0305245     0.0237498     0.0264938     0.0270517
735    0.0159862     0.0253133     0.0237976     0.0268394     0.0212147     0.0231586     0.0242316
745    0.0141205     0.0229611     0.0208011     0.0232086     0.0187081     0.0199435     0.0213826
755    0.012033     0.0200084     0.0176179     0.0194213     0.0160098     0.0166197     0.0182935
765    0.0108678     0.0175534     0.0152373     0.0165726     0.0140134     0.0141452     0.0159757
775    0.00958477     0.015105     0.0125811     0.0135358     0.011686     0.0114577     0.0133393
785    0.00816301     0.013569     0.0108997     0.0116051     0.0102239     0.00977308     0.0116584
795    0.0077122     0.0114689     0.00926465     0.00976672     0.00877311     0.00812674     0.0100295
805    0.00665108     0.0101353     0.00790826     0.00825396     0.00756199     0.00683732     0.00862695
815    0.00572867     0.00863571     0.00668379     0.00692346     0.0064385     0.00563216     0.00738794
825    0.00550674     0.00737502     0.00549107     0.00564518     0.00532932     0.00457871     0.00610143
835    0.00438319     0.00672146     0.00471469     0.00481497     0.00460624     0.00378944     0.00533165
845    0.00405029     0.00584893     0.00403926     0.00409589     0.00397463     0.00322928     0.00457806
855    0.00382142     0.00523849     0.00357689     0.00360693     0.0035389     0.00272476     0.00414296
865    0.00316949     0.00449867     0.00316381     0.00317198     0.00314841     0.00240112     0.00366865
875    0.00279498     0.00396785     0.00246331     0.0024671     0.00245394     0.00175419     0.00293151
885    0.00269788     0.00350007     0.00233667     0.00235237     0.00231556     0.00166105     0.00278193
895    0.00257305     0.00310859     0.00202598     0.00205021     0.00199699     0.00137077     0.00245625
905    0.00228869     0.00278678     0.00181374     0.00184388     0.00177956     0.00125986     0.00217645
915    0.00211531     0.00257778     0.00165969     0.00169751     0.00161811     0.00106948     0.00204547
925    0.0017616     0.00242848     0.00138145     0.00142194     0.00133776     0.000820506     0.00174672
935    0.00167144     0.00219957     0.00125034     0.00129171     0.00120626     0.000778046     0.00155703
945    0.00138015     0.00190098     0.00100772     0.00105027     0.000962797     0.000507871     0.00133168
955    0.00131773     0.00181804     0.00107088     0.00111806     0.00102147     0.000636607     0.00135138
965    0.00147725     0.00156259     0.00082871     0.000873193     0.000782417     0.00040623     0.0011004
975    0.00117209     0.00142657     0.000739678     0.000781282     0.000696616     0.000396226     0.000959786
985    0.00117902     0.00128059     0.000763251     0.000810361     0.000714695     0.000401281     0.000994526
995    0.000964025     0.00127396     0.000620453     0.000663705     0.000576     0.000302165     0.000823282
1005    0.000853058     0.0011678     0.0005904     0.000634797     0.000544934     0.000286874     0.000783226
1015    0.000672737     0.000945516     0.000512769     0.000554784     0.000469813     0.000237518     0.000687077
1025    0.000651931     0.000918975     0.000492943     0.000539143     0.00044584     0.000186831     0.000686138
1035    0.000693544     0.000892434     0.000414416     0.000461161     0.000366817     9.31733e-05     0.000616409
1045    0.000776769     0.000832718     0.000396849     0.000438631     0.000354373     0.000159581     0.000545475
1055    0.000520158     0.000826082     0.000288514     0.000336536     0.000239807     -6.39812e-05     0.000508442
1065    0.000506287     0.000620391     0.000227151     0.000268953     0.000184742     -7.0738e-05     0.00041229
1075    0.000520158     0.000547404     0.000320661     0.000365727     0.000275054     7.96684e-05     0.00046975
1085    0.000513222     0.000547404     0.000238029     0.000280935     0.000194652     -1.37714e-05     0.000393108
1095    0.000416126     0.000514228     0.00022556     0.000268558     0.000182104     -1.75408e-05     0.000374658
1105    0.000499351     0     0.000278243     0.000323777     0.000232217     6.91649e-05     0.000405861
1115    0.000381449     0     0.000215347     0.000249311     0.000181083     8.14853e-05     0.00029669
1125    0.000298224     0     0.000175659     0.000197592     0.000153546     -1.99e-05     0.000293879
1135    0.000332901     0     0.000217983     0.000217983     0.000217983     2.35362e-05     0.000334958
1145    0.000381449     0     0.000120431     0.000120431     0.000120431     -6.49823e-05     0.000231447
1155    0.000263547     0     0.000182639     0.000182639     0.000182639     3.13926e-05     0.000272769
1165    0.000332901     0     7.23004e-05     7.23004e-05     7.23004e-05     -0.000125336     0.00018946
1175    0.000256611     0     0.00010271     0.00010271     0.00010271     -7.74447e-05     0.000208993
1185    0.000284353     0     0.000143461     0.000143461     0.000143461     7.53196e-06     0.000223206
1195    0.00024274     0     0.000169617     0.000169617     0.000169617     1.46096e-05     0.000260082
1205    0.000201128     0     7.48161e-05     7.48161e-05     7.48161e-05     -7.2961e-05     0.000160645
1215    0.000214998     0     8.00522e-05     8.00522e-05     8.00522e-05     -4.41701e-05     0.000151839
1225    0.000208063     0     0.00012569     0.00012569     0.00012569     -6.19788e-06     0.000201445
1235    0.000298224     0     0.000106336     0.000106336     0.000106336     2.37387e-05     0.000153529
1245    0.000131773     0     4.21083e-05     4.21083e-05     4.21083e-05     -9.79568e-05     0.000121708
1255    0.000124838     0     9.26287e-06     9.26287e-06     9.26287e-06     -0.000132133     8.91972e-05
1265    0.00016645     0     9.46992e-05     9.46992e-05     9.46992e-05     -6.43695e-07     0.000148302
1275    0.000159515     0     8.1425e-05     8.1425e-05     8.1425e-05     5.84407e-08     0.000126927
1285    0.000131773     0     8.78336e-05     8.78336e-05     8.78336e-05     2.24676e-05     0.000124185
1295    0.000117902     0     3.1328e-05     3.1328e-05     3.1328e-05     -6.48179e-05     8.44997e-05
1305    9.01607e-05     0     6.00879e-05     6.00879e-05     6.00879e-05     -2.35712e-05     0.000106079
1315    0.000124838     0     1.22851e-05     1.22851e-05     1.22851e-05     -9.73212e-05     7.21925e-05
1325    0.000104032     0     7.45854e-05     7.45854e-05     7.45854e-05     1.40618e-05     0.000107487
1335    0.000131773     0     5.37898e-05     5.37898e-05     5.37898e-05     1.77265e-06     8.18846e-05
1345    4.8548e-05     0     4.19928e-05     4.19928e-05     4.19928e-05     -3.39387e-05     8.27512e-05
1355    0.000138709     0     2.53872e-05     2.53872e-05     2.53872e-05     -7.10912e-05     7.68948e-05
1365    6.93543e-05     0     4.78292e-05     4.78292e-05     4.78292e-05     -2.84713e-05     8.83342e-05
1375    0.000104032     0     -3.29536e-05     -3.29536e-05     -3.29536e-05     -0.000177244     4.31487e-05
1385    0.000110967     0     3.24572e-05     3.24572e-05     3.24572e-05     -3.28905e-05     6.6681e-05
1395    0.000124838     0     1.20952e-05     1.20952e-05     1.20952e-05     -7.18616e-05     5.58176e-05
1405    9.01607e-05     0     4.75008e-05     4.75008e-05     4.75008e-05     2.23332e-06     7.09286e-05
1415    9.01607e-05     0     2.8386e-05     2.8386e-05     2.8386e-05     -7.72418e-06     4.69528e-05
1425    4.8548e-05     0     3.0806e-07     3.0806e-07     3.0806e-07     -9.42389e-05     4.86452e-05
1435    5.54835e-05     0     2.1407e-05     2.1407e-05     2.1407e-05     -4.79505e-05     5.66329e-05
1445    6.93543e-05     0     4.36981e-05     4.36981e-05     4.36981e-05     -1.02042e-05     7.08782e-05
1455    2.77417e-05     0     4.13577e-05     4.13577e-05     4.13577e-05     -1.09501e-05     6.75763e-05
1465    6.93543e-05     0     6.22984e-06     6.22984e-06     6.22984e-06     -4.17682e-05     3.01121e-05
1475    4.8548e-05     0     1.61375e-05     1.61375e-05     1.61375e-05     -4.33769e-05     4.55459e-05
1485    6.24189e-05     0     -1.32006e-05     -1.32006e-05     -1.32006e-05     -9.35567e-05     2.62597e-05
1495    6.24189e-05     0     2.54015e-05     2.54015e-05     2.54015e-05     -1.28797e-05     4.40765e-05
1505    6.93544e-06     0     3.09025e-05     3.09025e-05     3.09025e-05     -1.40995e-05     5.27176e-05
1515    4.8548e-05     0     -1.57385e-06     -1.57385e-06     -1.57385e-06     -7.93071e-05     3.58235e-05
1525    4.16126e-05     0     1.09817e-05     1.09817e-05     1.09817e-05     -1.21731e-05     2.20449e-05
1535    6.93544e-06     0     -2.1694e-05     -2.1694e-05     -2.1694e-05     -9.88795e-05     1.49758e-05
1545    1.38709e-05     0     5.5155e-06     5.5155e-06     5.5155e-06     -4.84259e-05     3.0919e-05
1555    4.16126e-05     0     -1.18633e-05     -1.18633e-05     -1.18633e-05     -8.1917e-05     2.09423e-05
1565    1.38709e-05     0     -2.19596e-05     -2.19596e-05     -2.19596e-05     -0.00010266     1.55216e-05
1575    1.38709e-05     0     3.22806e-06     3.22806e-06     3.22806e-06     -5.00142e-05     2.78108e-05
1585    3.46772e-05     0     2.28526e-05     2.28526e-05     2.28526e-05     -6.63205e-06     3.63558e-05
1595    1.38709e-05     0     2.27163e-05     2.27163e-05     2.27163e-05     -1.85391e-05     4.14665e-05
1605    2.77417e-05     0     -3.41113e-06     -3.41113e-06     -3.41113e-06     -5.02028e-05     1.77354e-05
1615    3.46772e-05     0     5.33492e-06     5.33492e-06     5.33492e-06     -1.35797e-05     1.38098e-05
1625    2.77417e-05     0     -5.68065e-06     -5.68065e-06     -5.68065e-06     -5.08394e-05     1.4432e-05
1635    2.77417e-05     0     1.29984e-05     1.29984e-05     1.29984e-05     -5.05146e-06     2.0962e-05
1645    3.46772e-05     0     -2.33096e-05     -2.33096e-05     -2.33096e-05     -9.94078e-05     1.00539e-05
1655    6.93544e-06     0     -7.86065e-06     -7.86065e-06     -7.86065e-06     -5.18693e-05     1.12671e-05
1665    2.77417e-05     0     1.62839e-05     1.62839e-05     1.62839e-05     -7.04806e-06     2.63634e-05
1675    0     0     6.5024e-06     6.5024e-06     6.5024e-06     -2.95582e-06     1.05599e-05
1685    1.38709e-05     0     1.40826e-05     1.40826e-05     1.40826e-05     -6.72428e-06     2.29292e-05
1695    3.46772e-05     0     1.08447e-05     1.08447e-05     1.08447e-05     -5.33434e-06     1.7675e-05
1705    6.93544e-06     0     -4.20104e-05     -4.20104e-05     -4.20104e-05     -0.000154363     5.09637e-06
1715    1.38709e-05     0     9.76478e-06     9.76478e-06     9.76478e-06     -5.14413e-06     1.59675e-05
1725    2.08063e-05     0     8.69313e-06     8.69313e-06     8.69313e-06     -4.72138e-06     1.42277e-05
1735    2.08063e-05     0     8.69723e-06     8.69723e-06     8.69723e-06     -4.86916e-06     1.42542e-05
1745    4.16126e-05     0     1.41686e-05     1.41686e-05     1.41686e-05     -8.09586e-06     2.32191e-05
1755    2.08063e-05     0     -1.41903e-05     -1.41903e-05     -1.41903e-05     -5.31286e-05     1.53941e-06
1765    2.08063e-05     0     6.45444e-06     6.45444e-06     6.45444e-06     -1.80886e-05     1.62709e-05
1775    6.93544e-06     0     7.63501e-06     7.63501e-06     7.63501e-06     -4.77609e-06     1.25702e-05
1785    6.93544e-06     0     -9.79473e-06     -9.79473e-06     -9.79473e-06     -5.75661e-05     9.00113e-06
1795    6.93544e-06     0     6.57299e-06     6.57299e-06     6.57299e-06     -4.27712e-06     1.08226e-05
1805    6.93544e-06     0     -1.95392e-05     -1.95392e-05     -1.95392e-05     -5.17922e-05     -7.05693e-06
1815    1.38709e-05     0     0     0     0     0     0
1825    6.93544e-06     0     -1.95163e-05     -1.95163e-05     -1.95163e-05     -5.23336e-05     -6.96537e-06
1835    1.38709e-05     0     0     0     0     0     0
1845    0     0     -1.93509e-05     -1.93509e-05     -1.93509e-05     -5.29065e-05     -6.76961e-06
1855    1.38709e-05     0     0     0     0     0     0
1865    1.38709e-05     0     0     0     0     0     0
1875    6.93544e-06     0     0     0     0     0     0
1885    6.93544e-06     0     -1.92849e-05     -1.92849e-05     -1.92849e-05     -5.43922e-05     -6.53413e-06
1895    6.93544e-06     0     -4.32924e-06     -4.32924e-06     -4.32924e-06     -1.23058e-05     -1.45516e-06
1905    0     0     0     0     0     0     0
1915    2.08063e-05     0     0     0     0     0     0
1925    6.93544e-06     0     0     0     0     0     0
1935    1.38709e-05     0     -4.28712e-06     -4.28712e-06     -4.28712e-06     -1.25706e-05     -1.39568e-06
1945    6.93544e-06     0     0     0     0     0     0
1955    6.93544e-06     0     0     0     0     0     0
1965    6.93544e-06     0     0     0     0     0     0
1975    6.93544e-06     0     -1.8808e-05     -1.8808e-05     -1.8808e-05     -5.68796e-05     -5.93162e-06
1985    6.93544e-06     0     0     0     0     0     0
1995    6.93544e-06     0     0     0     0     0     0
2005    0     0     0     0     0     0     0
2015    6.93544e-06     0     0     0     0     0     0
2025    1.38709e-05     0     0     0     0     0     0
2035    0     0     0     0     0     0     0
2045    0     0     0     0     0     0     0
2055    6.93544e-06     0     0     0     0     0     0
2065    0     0     0     0     0     0     0
2075    0     0     0     0     0     0     0
2085    1.38709e-05     0     0     0     0     0     0
2095    6.93544e-06     0     0     0     0     0     0
2105    0     0     0     0     0     0     0
2115    0     0     0     0     0     0     0
2125    0     0     0     0     0     0     0
2135    0     0     0     0     0     0     0
2145    0     0     0     0     0     0     0
2155    0     0     0     0     0     0     0
2165    6.93544e-06     0     0     0     0     0     0
2175    0     0     0     0     0     0     0
2185    1.38709e-05     0     0     0     0     0     0
2195    0     0     0     0     0     0     0
2205    0     0     0     0     0     0     0
2215    0     0     0     0     0     0     0
2225    6.93544e-06     0     0     0     0     0     0
2235    0     0     0     0     0     0     0
2245    0     0     0     0     0     0     0
2255    0     0     0     0     0     0     0
2265    0     0     0     0     0     0     0
2275    6.93544e-06     0     0     0     0     0     0
2285    0     0     0     0     0     0     0
2295    6.93544e-06     0     0     0     0     0     0
2305    0     0     0     0     0     0     0
2315    0     0     0     0     0     0     0
2325    0     0     0     0     0     0     0
2335    0     0     0     0     0     0     0
2345    0     0     0     0     0     0     0
2355    0     0     0     0     0     0     0
2365    0     0     0     0     0     0     0
2375    0     0     0     0     0     0     0
2385    0     0     0     0     0     0     0
2395    0     0     0     0     0     0     0
