5    4.04917e-06     0     0     0     0     0     0
15    1.38347e-05     0     0     0     0     0     0
25    3.40805e-05     0     0     0     0     0     0
35    5.66883e-05     0     3.35277e-07     3.35277e-07     3.35277e-07     3.35277e-07     3.35277e-07
45    7.22101e-05     0     0     0     0     0     0
55    9.41431e-05     0     0     0     0     0     0
65    0.00012215     0     0     0     0     0     0
75    0.000152519     0     0     0     0     0     0
85    0.000180863     0     0     0     0     0     0
95    0.000199421     0     0     0     0     0     0
105    0.000237889     0     0     0     0     0     0
115    0.00025476     0     0     0     0     0     0
125    0.000254085     0     0     0     0     0     0
135    0.000272644     0     0     0     0     0     0
145    0.000303688     0     0     0     0     0     0
155    0.000326633     0     0     0     0     0     0
165    0.000365437     1.00583e-06     6.70553e-07     7.00062e-07     6.39349e-07     6.70553e-07     6.70553e-07
175    0.000380622     2.01166e-06     1.34111e-06     1.40012e-06     1.2787e-06     1.34111e-06     1.34111e-06
185    0.000387708     2.51458e-06     1.67638e-06     1.75131e-06     1.59726e-06     1.67638e-06     1.67638e-06
195    0.000407616     7.04081e-06     4.02332e-06     4.20315e-06     3.83341e-06     4.02332e-06     4.02332e-06
205    0.000419426     6.03498e-06     4.02332e-06     4.20447e-06     3.83194e-06     4.02332e-06     4.02332e-06
215    0.000418751     5.02915e-06     0.00051328     0.000513707     0.000512828     0.000722876     0.000367418
225    0.000491636     1.30758e-05     0.000579662     0.000580256     0.000579033     0.000816334     0.000414997
235    0.000490287     1.50875e-05     0.000501013     0.000501525     0.000500474     0.000706011     0.000358035
245    0.000507158     1.91108e-05     0.000500561     0.000501264     0.000499821     0.000704199     0.000358495
255    0.000513907     1.7602e-05     0.000438255     0.000439054     0.000437416     0.000614333     0.000315017
265    0.000529766     2.56487e-05     0.000472354     0.000473506     0.000471143     0.000659246     0.00034131
275    0.000534153     3.06778e-05     0.00043733     0.000438595     0.000436002     0.000609229     0.000316714
285    0.000575319     3.36953e-05     0.000397861     0.000399193     0.000396466     0.000552877     0.000289014
295    0.000571945     3.97303e-05     0.000416834     0.000418447     0.000415146     0.000577732     0.000303721
305    0.000582743     5.02915e-05     0.00037746     0.000379336     0.000375496     0.000519931     0.000277241
315    0.000608725     6.28644e-05     0.000426983     0.000429708     0.000424137     0.000583243     0.000316908
325    0.000648204     6.28644e-05     0.000370262     0.000372875     0.000367534     0.000503429     0.000276225
335    0.00065394     7.89577e-05     0.000380847     0.000384215     0.000377331     0.000511089     0.000288507
345    0.000646854     0.000102092     0.000429452     0.000434483     0.000424208     0.000563882     0.000333305
355    0.000675536     0.00012774     0.000434128     0.00044014     0.00042786     0.000562007     0.000342402
365    0.000682285     0.000146851     0.000477094     0.000485465     0.000468402     0.000607864     0.000383618
375    0.000707255     0.00018457     0.000542088     0.000551054     0.000532793     0.000697234     0.000431447
385    0.000751795     0.000219271     0.000581154     0.00059234     0.000569567     0.000738389     0.000469393
395    0.000738973     0.000236873     0.000608889     0.000621939     0.000595423     0.000768413     0.000495773
405    0.000697132     0.000279621     0.000657092     0.000672695     0.00064099     0.000819629     0.000542111
415    0.000743697     0.000322871     0.000690703     0.000707858     0.000673034     0.000860527     0.000570819
425    0.000769342     0.000339468     0.000745526     0.000765058     0.000725438     0.000925657     0.000618659
435    0.000768329     0.000378192     0.000744539     0.000765117     0.000723378     0.000917885     0.000622649
445    0.000831766     0.000393782     0.000790853     0.000814079     0.000767112     0.000974046     0.000662368
455    0.000810508     0.000417419     0.000792581     0.000817239     0.000767385     0.000968371     0.000669581
465    0.00082468     0.000499898     0.000816539     0.00084357     0.000788974     0.000989545     0.000695458
475    0.000856061     0.000477266     0.000858506     0.000888567     0.000827958     0.00103541     0.000734651
485    0.000860111     0.000464191     0.000898565     0.000927326     0.000869337     0.00110423     0.000754848
495    0.000884406     0.000528061     0.000938143     0.00097285     0.000903054     0.00113095     0.00080359
505    0.00092186     0.00055723     0.000923286     0.000958259     0.000887978     0.00111113     0.00079233
515    0.00091005     0.00054868     0.000972902     0.00100952     0.000935981     0.0011766     0.000831189
525    0.000929284     0.000582376     0.000992869     0.00103377     0.000951877     0.00119083     0.000855389
535    0.000977199     0.000601989     0.00104276     0.00108494     0.00100049     0.00125621     0.000894545
545    0.00102073     0.000642222     0.00106546     0.00111094     0.00102011     0.00127872     0.000917335
555    0.00101567     0.000673403     0.00108539     0.00113305     0.001038     0.00130216     0.000934935
565    0.00108045     0.000688491     0.00116476     0.00121441     0.00111541     0.0014084     0.00099596
575    0.00108788     0.000701566     0.00113523     0.00118738     0.00108389     0.00137029     0.000972512
585    0.00105143     0.000686479     0.00112627     0.00117891     0.00107445     0.0013551     0.000967979
595    0.00111015     0.000751355     0.00120698     0.00126572     0.00114941     0.00144982     0.00103914
605    0.00107472     0.000723192     0.001202     0.00126369     0.00114191     0.00144028     0.00103759
615    0.00113714     0.000781027     0.00121734     0.00127994     0.00115638     0.0014593     0.0010506
625    0.00117696     0.00081774     0.00127446     0.001343     0.00120839     0.0015341     0.00109566
635    0.00117932     0.000829307     0.00135348     0.00142669     0.00128306     0.00163326     0.00116102
645    0.0012215     0.000816231     0.0012537     0.00132913     0.0011814     0.00148185     0.00109695
655    0.00126975     0.000850932     0.00133024     0.00141372     0.00125105     0.00157969     0.00115901
665    0.0012576     0.00089368     0.00139612     0.00148418     0.0013126     0.00165705     0.00121724
675    0.00124984     0.00090223     0.00132896     0.00142263     0.00124108     0.00155455     0.0011745
685    0.00132003     0.000935422     0.00136008     0.00145611     0.00127046     0.00160324     0.00119371
695    0.0013288     0.00097817     0.00145629     0.00155851     0.00136102     0.00172402     0.0012734
705    0.00138313     0.00095755     0.00140737     0.00151924     0.00130491     0.00164777     0.00124341
715    0.00140439     0.0010355     0.00155849     0.0016737     0.00145298     0.00186298     0.00135104
725    0.00136761     0.00101438     0.00154313     0.0016684     0.00142966     0.00182267     0.00135296
735    0.00140641     0.00104858     0.00153595     0.00166635     0.00141909     0.00181694     0.00134513
745    0.00144015     0.00108378     0.00154432     0.0016804     0.00142236     0.00180879     0.00136499
755    0.00143341     0.00114463     0.00167216     0.00183016     0.00153355     0.00197084     0.00146997
765    0.00146344     0.00114162     0.00164046     0.00179813     0.00150247     0.001931     0.00144405
775    0.0014658     0.00122359     0.00180612     0.00198129     0.00165423     0.00214239     0.00157918
785    0.00146411     0.00119342     0.00177034     0.00196228     0.00160725     0.00207807     0.00156311
795    0.00147997     0.0012256     0.00183709     0.00202919     0.00167386     0.00218212     0.00160517
805    0.00147626     0.00130708     0.00178032     0.0019913     0.00160526     0.00208725     0.00157437
815    0.00146276     0.00129651     0.00194282     0.00217581     0.00175114     0.00229271     0.00170854
825    0.00145568     0.00135385     0.00191675     0.00216507     0.00171346     0.00221806     0.00171518
835    0.00144589     0.00140112     0.00204223     0.00232151     0.00182058     0.00239961     0.00180394
845    0.00143037     0.00141671     0.00198421     0.00227236     0.00175552     0.00228751     0.00178245
855    0.00143678     0.00145393     0.00208217     0.00239016     0.00184312     0.00243822     0.00184567
865    0.00137469     0.00152232     0.00209518     0.00243786     0.00183359     0.00241364     0.00188439
875    0.00140337     0.00158116     0.0021563     0.00250297     0.00189167     0.00250174     0.00192822
885    0.0013126     0.00159223     0.00211136     0.00249909     0.00182679     0.00242356     0.0019056
895    0.00129303     0.00162643     0.00218603     0.0025919     0.00188869     0.00250681     0.00197537
905    0.00130687     0.00167622     0.00217884     0.00261883     0.00186116     0.00245349     0.00199899
915    0.00123601     0.00167068     0.00216766     0.00262823     0.00184312     0.00245103     0.00198243
925    0.00115772     0.00175819     0.0022107     0.0026853     0.00187627     0.00249221     0.00202739
935    0.00118607     0.00176322     0.00217917     0.002695     0.00182528     0.00241781     0.00202419
945    0.00111555     0.00177127     0.00217812     0.00269851     0.00182359     0.00242458     0.00201838
955    0.00106561     0.00185224     0.00213731     0.00267478     0.00177276     0.00233522     0.00200946
965    0.00100453     0.00183815     0.0021674     0.00273629     0.00178874     0.00236128     0.00204272
975    0.000957291     0.00179692     0.00212255     0.00269618     0.00174073     0.00228105     0.00202098
985    0.000940082     0.00178384     0.00205145     0.00261628     0.00167711     0.00218536     0.00196588
995    0.000891492     0.00177579     0.00205829     0.0026365     0.00167619     0.00217057     0.00198673
1005    0.000839527     0.00173405     0.00199     0.00255967     0.0016135     0.00193474     0.00207698
1015    0.000777103     0.00182156     0.00191018     0.00244022     0.00155543     0.00187088     0.00197223
1025    0.000752133     0.00167772     0.0018266     0.00234232     0.00148142     0.00180114     0.00186693
1035    0.00071569     0.00165811     0.00176691     0.00225354     0.00143689     0.00175555     0.00178496
1045    0.000657315     0.00164956     0.00164216     0.00207426     0.00134306     0.00163729     0.0016452
1055    0.000630995     0.00161134     0.00158051     0.00200656     0.00128561     0.00155008     0.0015995
1065    0.000567896     0.00150271     0.0014729     0.00182486     0.00121853     0.00142287     0.00150398
1075    0.000551362     0.00148159     0.0013598     0.00167899     0.00112667     0.0012987     0.00139759
1085    0.000553386     0.00142124     0.00134725     0.00165362     0.00112     0.00126178     0.0013999
1095    0.000509858     0.00133675     0.00127698     0.00152177     0.00108474     0.00117653     0.00133857
1105    0.000475777     0.00130607     0.00117299     0.00140018     0.000994574     0.00107021     0.00123573
1115    0.000439335     0.00121353     0.0010898     0.00126332     0.000945974     0.000985825     0.00115296
1125    0.000412003     0.00110993     0.00100456     0.00115004     0.000879174     0.000877018     0.00108167
1135    0.000391757     0.00108529     0.000956091     0.00109279     0.000837579     0.000823532     0.00103585
1145    0.000368812     0.000992251     0.000870144     0.000951157     0.00079011     0.000724207     0.000957519
1155    0.000339118     0.000951515     0.00080404     0.000878475     0.000730504     0.000671779     0.000882838
1165    0.000333381     0.000928381     0.000725088     0.000777135     0.000668656     0.000562025     0.00082175
1175    0.000296602     0.000830313     0.000669532     0.000697437     0.00063203     0.000513811     0.000761383
1185    0.000283442     0.000784547     0.000637945     0.000664086     0.000602814     0.000498523     0.000719741
1195    0.000273994     0.000750852     0.000592474     0.0006007     0.000581458     0.000451249     0.000674903
1205    0.000262184     0.000656807     0.000515751     0.000521556     0.00050799     0.000364294     0.000603708
1215    0.000223042     0.000632667     0.000481654     0.000489575     0.000467462     0.000339174     0.000563969
1225    0.000237889     0.000594446     0.000466893     0.000479912     0.000438299     0.000328297     0.000546519
1235    0.000213931     0.000540634     0.000428712     0.000440469     0.000402892     0.00030789     0.00049776
1245    0.000202458     0.000518505     0.000358148     0.000380896     0.000321064     0.000208436     0.000443239
1255    0.000185249     0.000494365     0.00031731     0.00034288     0.000277944     0.000162572     0.000404791
1265    0.000165004     0.00043301     0.000334439     0.000360421     0.000295314     0.000215151     0.000401508
1275    0.000180863     0.000406858     0.000302877     0.000337754     0.00025544     0.000190982     0.000365442
1285    0.000168378     0.000389759     0.000295986     0.000329463     0.000250454     0.000191879     0.000353878
1295    0.000151506     0.00035707     0.000243773     0.000280973     0.000195278     0.00011891     0.000312825
1305    0.00013261     0.000337456     0.00023393     0.000272792     0.000184577     0.000125466     0.000293553
1315    0.000133623     0.000327398     0.000190862     0.000227168     0.000144756     6.35863e-05     0.000260428
1325    0.000131261     0.000303761     0.000226653     0.000271554     0.000172093     0.000131765     0.000278224
1335    0.000124849     0.000253469     0.000195397     0.000235435     0.000146836     0.000106326     0.000243515
1345    0.000124174     0.000253972     0.000169886     0.000210407     0.00012139     7.12678e-05     0.000222837
1355    0.000105953     0.000259504     0.000140084     0.000181635     9.13257e-05     3.37617e-05     0.000196845
1365    0.000114726     0.000241902     0.000143334     0.000182137     9.78006e-05     5.47205e-05     0.00019036
1375    0.000104941     0.000212733     9.04486e-05     0.000134632     3.96156e-05     -5.26833e-05     0.000165932
1385    8.80694e-05     0.000205692     0.000123521     0.000163638     7.75957e-05     3.87907e-05     0.000167913
1395    0.000100217     0.000180044     0.000104271     0.000144078     5.88802e-05     6.16514e-06     0.00015536
1405    8.30079e-05     0.000186079     0.000132333     0.00017703     8.21716e-05     5.86473e-05     0.000170461
1415    8.30079e-05     0.000167471     0.00010414     0.000140625     6.31952e-05     3.93439e-05     0.000137459
1425    7.38973e-05     0.0001725     7.32143e-05     0.000112824     2.91842e-05     -2.6312e-05     0.000124092
1435    7.25476e-05     0.000159424     8.41488e-05     0.000123369     4.08087e-05     4.00386e-06     0.000124843
1445    6.24247e-05     0.000134781     8.9646e-05     0.000125719     4.97879e-05     2.79356e-05     0.000120771
1455    5.70258e-05     0.000140816     8.51569e-05     0.000123337     4.35118e-05     2.46955e-05     0.000115459
1465    6.10749e-05     0.000134278     7.40831e-05     0.000112713     3.19469e-05     -9.19036e-07     0.0001114
1475    5.80381e-05     0.000105612     6.42485e-05     8.4509e-05     4.21491e-05     -5.97709e-06     9.89574e-05
1485    5.80381e-05     0.000118688     3.20756e-05     3.20756e-05     3.20756e-05     -5.04185e-05     7.25916e-05
1495    4.99397e-05     0.000112653     6.12645e-05     6.12645e-05     6.12645e-05     1.1016e-05     8.57701e-05
1505    4.92649e-05     0.000102595     5.71655e-05     5.71655e-05     5.71655e-05     8.89288e-06     8.0559e-05
1515    5.12895e-05     9.35422e-05     3.22308e-05     3.22308e-05     3.22308e-05     -4.36834e-05     6.87543e-05
1525    4.89274e-05     8.8513e-05     5.57925e-05     5.57925e-05     5.57925e-05     6.25103e-06     7.94705e-05
1535    4.6228e-05     9.65597e-05     2.27198e-05     2.27198e-05     2.27198e-05     -6.2986e-05     6.34259e-05
1545    3.88045e-05     7.94606e-05     3.58265e-05     3.58265e-05     3.58265e-05     -2.44482e-05     6.42112e-05
1555    3.91419e-05     7.34256e-05     2.44427e-05     2.44427e-05     2.44427e-05     -5.2155e-05     6.03061e-05
1565    3.88045e-05     6.73906e-05     2.80536e-06     2.80536e-06     2.80536e-06     -7.22432e-05     3.76644e-05
1575    3.34056e-05     7.14139e-05     3.41139e-05     3.41139e-05     3.41139e-05     -2.84137e-05     6.29692e-05
1585    2.86816e-05     6.13556e-05     4.0188e-05     4.0188e-05     4.0188e-05     4.94206e-06     5.63312e-05
1595    3.1381e-05     6.03498e-05     3.56352e-05     3.56352e-05     3.56352e-05     -4.15384e-06     5.37193e-05
1605    3.44179e-05     4.77769e-05     2.10999e-05     2.10999e-05     2.10999e-05     -3.34441e-05     4.57347e-05
1615    2.53073e-05     4.1239e-05     3.01515e-05     3.01515e-05     3.01515e-05     -6.00116e-06     4.63505e-05
1625    2.59822e-05     5.23032e-05     1.33334e-05     1.33334e-05     1.33334e-05     -3.60586e-05     3.53205e-05
1635    2.1933e-05     4.62682e-05     2.75763e-05     2.75763e-05     2.75763e-05     9.22622e-07     3.93482e-05
1645    2.12581e-05     4.7274e-05     -2.90922e-06     -2.90922e-06     -2.90922e-06     -7.63968e-05     2.93076e-05
1655    2.32827e-05     5.02915e-05     1.316e-05     1.316e-05     1.316e-05     -3.89393e-05     3.58146e-05
1665    2.39576e-05     3.21866e-05     2.37593e-05     2.37593e-05     2.37593e-05     -3.78793e-07     3.41885e-05
1675    2.12581e-05     3.77186e-05     2.13808e-05     2.13808e-05     2.13808e-05     -7.63314e-07     3.08765e-05
1685    1.75464e-05     3.5707e-05     2.49882e-05     2.49882e-05     2.49882e-05     -1.34511e-06     3.6196e-05
1695    2.36201e-05     3.92274e-05     2.20741e-05     2.20741e-05     2.20741e-05     -1.57391e-06     3.20597e-05
1705    1.51844e-05     2.71574e-05     -2.89754e-05     -2.89754e-05     -2.89754e-05     -0.000124044     1.08955e-05
1715    1.82213e-05     3.62099e-05     2.23954e-05     2.23954e-05     2.23954e-05     -2.35744e-06     3.26919e-05
1725    1.82213e-05     3.16836e-05     2.08552e-05     2.08552e-05     2.08552e-05     -2.49924e-06     3.04981e-05
1735    1.68715e-05     2.9672e-05     1.43296e-05     1.43296e-05     1.43296e-05     -1.98525e-06     2.10112e-05
1745    1.68715e-05     2.56487e-05     1.54744e-05     1.54744e-05     1.54744e-05     -2.36371e-06     2.2725e-05
1755    1.85587e-05     1.86079e-05     -4.56699e-07     -4.56699e-07     -4.56699e-07     -4.51471e-05     1.75875e-05
1765    1.21475e-05     2.41399e-05     9.93536e-06     9.93536e-06     9.93536e-06     -1.23199e-05     1.88374e-05
1775    1.11352e-05     1.96137e-05     1.40897e-05     1.40897e-05     1.40897e-05     -2.90911e-06     2.08384e-05
1785    1.07978e-05     2.11224e-05     -2.48837e-06     -2.48837e-06     -2.48837e-06     -4.69258e-05     1.49984e-05
1795    1.31598e-05     1.65962e-05     1.39058e-05     1.39058e-05     1.39058e-05     -3.26266e-06     2.06188e-05
1805    1.04603e-05     2.06195e-05     -4.00988e-06     -4.00988e-06     -4.00988e-06     -4.76532e-05     1.28944e-05
1815    1.34972e-05     2.16253e-05     1.02661e-05     1.02661e-05     1.02661e-05     -2.78947e-06     1.529e-05
1825    9.44806e-06     1.30758e-05     -4.9842e-06     -4.9842e-06     -4.9842e-06     -4.83588e-05     1.15947e-05
1835    1.41721e-05     1.7602e-05     9.13583e-06     9.13583e-06     9.13583e-06     -2.74479e-06     1.36349e-05
1845    1.04603e-05     1.55904e-05     -6.8081e-06     -6.8081e-06     -6.8081e-06     -4.87991e-05     8.94745e-06
1855    9.44806e-06     1.05612e-05     8.18394e-06     8.18394e-06     8.18394e-06     -2.72099e-06     1.22491e-05
1865    1.21475e-05     1.00583e-05     1.02854e-05     1.02854e-05     1.02854e-05     -3.56105e-06     1.54066e-05
1875    9.44806e-06     1.207e-05     1.08678e-05     1.08678e-05     1.08678e-05     -3.90847e-06     1.62893e-05
1885    7.42347e-06     1.40816e-05     -7.40287e-06     -7.40287e-06     -7.40287e-06     -5.07505e-05     8.34943e-06
1895    6.74861e-06     1.10641e-05     4.05619e-06     4.05619e-06     4.05619e-06     -1.37533e-05     1.04838e-05
1905    8.09833e-06     1.10641e-05     8.40023e-06     8.40023e-06     8.40023e-06     -3.40403e-06     1.26293e-05
1915    9.78549e-06     7.04081e-06     5.92502e-06     5.92502e-06     5.92502e-06     -2.48305e-06     8.91256e-06
1925    9.44806e-06     1.45845e-05     7.08379e-06     7.08379e-06     7.08379e-06     -3.05179e-06     1.06559e-05
1935    8.43577e-06     1.207e-05     1.99922e-06     1.99922e-06     1.99922e-06     -1.35398e-05     7.43091e-06
1945    5.06146e-06     1.25729e-05     6.71375e-06     6.71375e-06     6.71375e-06     -3.07776e-06     1.01103e-05
1955    8.09833e-06     1.1567e-05     7.67614e-06     7.67614e-06     7.67614e-06     -3.6328e-06     1.15697e-05
1965    7.7609e-06     9.55539e-06     6.34096e-06     6.34096e-06     6.34096e-06     -3.08384e-06     9.55981e-06
1975    5.39889e-06     5.02915e-06     -1.63252e-05     -1.63252e-05     -1.63252e-05     -5.00481e-05     -4.91921e-06
1985    5.06146e-06     7.04081e-06     0     0     0     0     0
1995    5.39889e-06     1.25729e-05     0     0     0     0     0
2005    3.71174e-06     8.54955e-06     0     0     0     0     0
2015    5.06146e-06     5.53207e-06     0     0     0     0     0
2025    4.3866e-06     8.04664e-06     0     0     0     0     0
2035    4.72403e-06     8.04664e-06     0     0     0     0     0
2045    5.39889e-06     6.53789e-06     0     0     0     0     0
2055    3.71174e-06     3.52041e-06     0     0     0     0     0
2065    2.69944e-06     4.52623e-06     0     0     0     0     0
2075    4.04917e-06     7.04081e-06     0     0     0     0     0
2085    2.69944e-06     6.03498e-06     0     0     0     0     0
2095    3.03688e-06     3.01749e-06     0     0     0     0     0
2105    5.73632e-06     5.02915e-06     0     0     0     0     0
2115    1.01229e-06     5.02915e-06     0     0     0     0     0
2125    3.03688e-06     3.52041e-06     0     0     0     0     0
2135    3.03688e-06     4.52623e-06     0     0     0     0     0
2145    3.71174e-06     3.52041e-06     0     0     0     0     0
2155    2.36201e-06     4.02332e-06     0     0     0     0     0
2165    3.37431e-06     5.02915e-06     0     0     0     0     0
2175    2.02458e-06     1.50874e-06     0     0     0     0     0
2185    2.69944e-06     3.01749e-06     0     0     0     0     0
2195    3.71174e-06     2.51458e-06     0     0     0     0     0
2205    2.36201e-06     3.01749e-06     0     0     0     0     0
2215    2.02458e-06     3.01749e-06     0     0     0     0     0
2225    1.34972e-06     3.01749e-06     0     0     0     0     0
2235    1.01229e-06     2.01166e-06     0     0     0     0     0
2245    2.02458e-06     1.50874e-06     0     0     0     0     0
2255    2.02458e-06     2.51458e-06     0     0     0     0     0
2265    2.36201e-06     1.00583e-06     0     0     0     0     0
2275    1.01229e-06     5.02915e-07     0     0     0     0     0
2285    1.01229e-06     3.01749e-06     0     0     0     0     0
2295    2.02458e-06     1.00583e-06     0     0     0     0     0
2305    1.34972e-06     0     0     0     0     0     0
2315    2.02458e-06     0     0     0     0     0     0
2325    1.01229e-06     0     0     0     0     0     0
2335    6.74861e-07     0     0     0     0     0     0
2345    1.68715e-06     0     0     0     0     0     0
2355    6.74861e-07     0     0     0     0     0     0
2365    2.69944e-06     0     0     0     0     0     0
2375    6.74861e-07     0     0     0     0     0     0
2385    1.34972e-06     0     0     0     0     0     0
2395    1.34972e-06     0     0     0     0     0     0
