5    0     0     0     0     0     0     0
15    0     0     0     0     0     0     0
25    9.29718e-05     0     0     0     0     0     0
35    0.000242535     0     0     0     0     0     0
45    0.00032338     0     0     0     0     0     0
55    0.000525493     0     0     0     0     0     0
65    0.000630592     0     0     0     0     0     0
75    0.000796324     0     0     0     0     0     0
85    0.000990352     0     0     0     0     0     0
95    0.000925676     0     0     0     0     0     0
105    0.0011763     0     0     0     0     0     0
115    0.00116821     0     0     0     0     0     0
125    0.00120863     0     0     0     0     0     0
135    0.00137032     0     3.16848e-06     3.16848e-06     3.16848e-06     3.16848e-06     3.16848e-06
145    0.00143096     0     0     0     0     0     0
155    0.00170987     0     3.16848e-06     3.16848e-06     3.16848e-06     3.16848e-06     3.16848e-06
165    0.00175434     0     6.33696e-06     6.33696e-06     6.33696e-06     6.33696e-06     6.33696e-06
175    0.00196049     0     1.58424e-05     1.58424e-05     1.58424e-05     1.58424e-05     1.58424e-05
185    0.00212623     0     1.58424e-05     1.58424e-05     1.58424e-05     1.58424e-05     1.58424e-05
195    0.00215048     0     3.80218e-05     3.80218e-05     3.80218e-05     3.80218e-05     3.80218e-05
205    0.002296     0     5.06957e-05     5.06957e-05     5.06957e-05     5.06957e-05     5.06957e-05
215    0.00244556     0     0.00129543     0.00129543     0.00129543     0.00181189     0.000935989
225    0.002583     0     0.00134625     0.00134625     0.00134625     0.00187276     0.000979563
235    0.00271639     0     0.0013129     0.0013129     0.0013129     0.00182085     0.000958576
245    0.00282554     0     0.00130834     0.00130834     0.00130834     0.00181565     0.000954107
255    0.00288617     0     0.00126694     0.00126694     0.00126694     0.00174119     0.000935205
265    0.00320955     0     0.00128775     0.00128775     0.00128775     0.0017559     0.000959532
275    0.00349655     0     0.00136267     0.00136267     0.00136267     0.00181098     0.00104824
285    0.00359761     0     0.0012943     0.0012943     0.0012943     0.00172183     0.000994026
295    0.00371483     0     0.00134761     0.00134761     0.00134761     0.00176764     0.00105235
305    0.00409885     0     0.00142334     0.00142334     0.00142334     0.00184158     0.0011292
315    0.00409076     0     0.00149813     0.00149813     0.00149813     0.00190797     0.0012093
325    0.00449499     0     0.00158975     0.00158975     0.00158975     0.00200241     0.00129835
335    0.00468901     0     0.00171588     0.00171588     0.00171588     0.00212163     0.00142822
345    0.00521046     0     0.00209636     0.00209636     0.00209636     0.00250722     0.00180245
355    0.00546917     0.000817468     0.00238554     0.00238554     0.00238554     0.00282983     0.00206689
365    0.00580063     0.00188683     0.00286932     0.00287356     0.0028649     0.00336806     0.00251288
375    0.00631804     0.00221477     0.00354455     0.00356135     0.00352707     0.00408579     0.00315856
385    0.00688396     0.00266628     0.00411654     0.00413814     0.00409411     0.00471257     0.00369285
395    0.00717096     0.00333166     0.00478353     0.00481119     0.00475487     0.00544723     0.00431294
405    0.0078258     0.00380693     0.00540714     0.00544188     0.00537089     0.00611034     0.00490974
415    0.00833513     0.004363     0.00606479     0.00610823     0.0060198     0.00680438     0.00554269
425    0.00838768     0.00508066     0.00690032     0.00695514     0.0068435     0.00769964     0.00633734
435    0.00970141     0.00596942     0.00793033     0.00799986     0.00785889     0.00882818     0.007299
445    0.010902     0.00701026     0.00874153     0.00882744     0.00865333     0.00968398     0.00808052
455    0.0116619     0.00805586     0.0104111     0.0105252     0.0102943     0.0115139     0.00963954
465    0.0130282     0.00953396     0.0116002     0.0117437     0.0114538     0.012775     0.0107781
475    0.0146815     0.0108029     0.0135752     0.0137652     0.013382     0.0149004     0.0126473
485    0.0166905     0.0124521     0.0153438     0.0155874     0.0150972     0.0168471     0.0142933
495    0.0189703     0.0147144     0.0181307     0.0184625     0.0177967     0.0198574     0.0169257
505    0.0216422     0.0171383     0.0212329     0.0216861     0.02078     0.0231823     0.0198739
515    0.0239746     0.0198331     0.0240834     0.0246842     0.0234885     0.0262818     0.022554
525    0.0279158     0.0239585     0.0289052     0.0297695     0.0280584     0.0313624     0.0271988
535    0.032427     0.0283927     0.0339111     0.0351312     0.0327321     0.036664     0.0319994
545    0.0374555     0.033673     0.0394822     0.0412218     0.0378293     0.0424119     0.0374473
555    0.0420556     0.0413487     0.0469802     0.049522     0.0446132     0.0501281     0.0447957
565    0.0482928     0.0496279     0.0535933     0.0571677     0.0503428     0.056659     0.0514693
575    0.0515226     0.0571324     0.0611942     0.0661468     0.0567982     0.064015     0.0592416
585    0.0540288     0.0643328     0.0675098     0.073925     0.0619365     0.0697528     0.0659581
595    0.0518621     0.0687481     0.070742     0.0781975     0.0643522     0.0721293     0.0697831
605    0.048883     0.0695846     0.0675445     0.0748684     0.0612643     0.0673105     0.0678836
615    0.0424639     0.0647368     0.0604699     0.0667019     0.0550522     0.0598443     0.0609011
625    0.0367037     0.0570659     0.0517481     0.0564775     0.0475342     0.0504002     0.0526763
635    0.0307252     0.0468571     0.0426025     0.0458927     0.03959     0.0408124     0.0438339
645    0.0252196     0.0388772     0.0332986     0.0354046     0.0313188     0.0313822     0.0346151
655    0.0215897     0.0308784     0.0259176     0.0272401     0.0246448     0.0239987     0.0272348
665    0.0174019     0.0250706     0.0204838     0.0213193     0.0196634     0.0186308     0.021754
675    0.0148755     0.0203464     0.0164737     0.0170066     0.0159414     0.0147288     0.0176684
685    0.0122076     0.0165727     0.0127653     0.0130897     0.0124363     0.0112203     0.0138223
695    0.0102714     0.0135357     0.0104021     0.010607     0.010191     0.00896316     0.0113851
705    0.00887275     0.0111784     0.00849531     0.00862281     0.00836196     0.00716368     0.00940347
715    0.00737307     0.00981912     0.00692187     0.00699657     0.00684193     0.0057516     0.00771922
725    0.00637868     0.00783723     0.00568839     0.00572942     0.00564316     0.00463437     0.00640539
735    0.00531152     0.00670609     0.00488302     0.00490201     0.00486064     0.00392568     0.00553318
745    0.00473752     0.00563197     0.00408336     0.00408733     0.00407658     0.0032087     0.00467643
755    0.00413118     0.00478124     0.00349213     0.00349637     0.00348555     0.00264441     0.00406598
765    0.00331465     0.00449132     0.00297741     0.00298907     0.00296341     0.00220437     0.00350005
775    0.00318125     0.00385446     0.00250229     0.00251877     0.00248422     0.00181663     0.00296501
785    0.00289425     0.00345047     0.00202389     0.00204257     0.00200399     0.0014331     0.00242172
795    0.00233238     0.00292768     0.00186655     0.0018891     0.00184292     0.00126398     0.00227158
805    0.00221111     0.00234309     0.00164841     0.00167247     0.00162348     0.00110584     0.00201253
815    0.00201708     0.00219576     0.00137898     0.00140272     0.00135456     0.000906475     0.00169538
825    0.001722     0.00203416     0.00117226     0.00119724     0.00114668     0.000685484     0.00149791
835    0.00154818     0.00184881     0.00120767     0.00123525     0.00117952     0.000758033     0.00150746
845    0.00138649     0.00102659     0.000958237     0.000983604     0.000932419     0.000558572     0.0012241
855    0.00128948     0     0.000776727     0.000797752     0.000755383     0.000383497     0.00103796
865    0.00113587     0     0.000759428     0.000759428     0.000759428     0.000391406     0.00100303
875    0.00107928     0     0.00066013     0.00066013     0.00066013     0.000308512     0.000892291
885    0.000962056     0     0.000510651     0.000510651     0.000510651     0.000205524     0.000711748
895    0.000941845     0     0.000532716     0.000532716     0.000532716     0.000229686     0.000731684
905    0.000755901     0     0.000423053     0.000423053     0.000423053     0.000180959     0.000581585
915    0.000723563     0     0.000416737     0.000416737     0.000416737     0.000154643     0.000588028
925    0.000715479     0     0.000356279     0.000356279     0.000356279     9.69327e-05     0.000525143
935    0.000553789     0     0.000233088     0.000233088     0.000233088     -1.85783e-05     0.000396521
945    0.000517408     0     0.000338258     0.000338258     0.000338258     0.000104403     0.000489824
955    0.000561873     0     0.000255842     0.000255842     0.000255842     3.31817e-05     0.000399661
965    0.000545704     0     0.000243067     0.000243067     0.000243067     7.20025e-05     0.000353081
975    0.000436563     0     0.000212318     0.000212318     0.000212318     1.87197e-05     0.000336392
985    0.000424437     0     0.000209312     0.000209312     0.000209312     1.41567e-05     0.000333999
995    0.000388056     0     0.000197282     0.000197282     0.000197282     7.08272e-06     0.000318494
1005    0.000379972     0     0.000105827     0.000105827     0.000105827     -8.95911e-05     0.000229998
1015    0.000307211     0     0.000148181     0.000148181     0.000148181     -1.99758e-05     0.000254673
1025    0.000331465     0     0.000158897     0.000158897     0.000158897     -5.90478e-06     0.00026291
1035    0.000392099     0     9.36234e-05     9.36234e-05     9.36234e-05     -3.90142e-05     0.000177023
1045    0.000246577     0     0.000117338     0.000117338     0.000117338     -4.05305e-05     0.000216226
1055    0.000218282     0     9.177e-05     9.177e-05     9.177e-05     -6.57004e-05     0.00019003
1065    0.000206155     0     7.74667e-05     7.74667e-05     7.74667e-05     -3.82248e-05     0.000149358
1075    0.000206155     0     6.438e-05     6.438e-05     6.438e-05     -4.63783e-05     0.000132914
1085    0.000214239     0     7.24181e-05     7.24181e-05     7.24181e-05     -6.65533e-05     0.000158032
1095    0.000194028     0     6.91651e-05     6.91651e-05     6.91651e-05     -5.17489e-05     0.000143301
1105    0.00019807     0     6.9804e-05     6.9804e-05     6.9804e-05     -3.86028e-05     0.000135993
1115    0.000181901     0     7.18816e-05     7.18816e-05     7.18816e-05     -5.20556e-05     0.000147175
1125    0.000153606     0     6.2148e-05     6.2148e-05     6.2148e-05     -5.88426e-05     0.000135299
1135    0.000141479     0     4.49956e-05     4.49956e-05     4.49956e-05     -5.31417e-05     0.000104042
1145    0.000153606     0     2.27876e-05     2.27876e-05     2.27876e-05     -9.04245e-05     9.0564e-05
1155    0.000145521     0     2.87091e-05     2.87091e-05     2.87091e-05     -2.5087e-05     6.07624e-05
1165    0.000129352     0     3.1434e-05     3.1434e-05     3.1434e-05     -6.1357e-05     8.64268e-05
1175    8.89296e-05     0     4.2504e-05     4.2504e-05     4.2504e-05     -4.29094e-05     9.2887e-05
1185    8.48873e-05     0     2.78093e-05     2.78093e-05     2.78093e-05     -6.50147e-05     8.22807e-05
1195    9.29718e-05     0     9.19757e-06     9.19757e-06     9.19757e-06     -6.72631e-05     5.3822e-05
1205    0.000121268     0     3.33825e-05     3.33825e-05     3.33825e-05     -3.49819e-05     7.30628e-05
1215    6.87183e-05     0     1.592e-05     1.592e-05     1.592e-05     -7.95562e-05     7.10863e-05
1225    8.48873e-05     0     1.69712e-05     1.69712e-05     1.69712e-05     -3.81364e-05     4.86311e-05
1235    8.08451e-05     0     2.51177e-05     2.51177e-05     2.51177e-05     -4.20507e-05     6.3499e-05
1245    8.48873e-05     0     5.28993e-06     5.28993e-06     5.28993e-06     -5.80968e-05     4.13257e-05
1255    7.27606e-05     0     -1.73116e-05     -1.73116e-05     -1.73116e-05     -8.70622e-05     2.213e-05
1265    8.48873e-05     0     1.48349e-05     1.48349e-05     1.48349e-05     -3.40359e-05     4.23139e-05
1275    8.48873e-05     0     8.09991e-07     8.09991e-07     8.09991e-07     -6.86605e-05     3.96644e-05
1285    7.27606e-05     0     8.26461e-06     8.26461e-06     8.26461e-06     -5.28828e-05     4.22709e-05
1295    8.89296e-05     0     -1.00503e-05     -1.00503e-05     -1.00503e-05     -5.74818e-05     1.61886e-05
1305    6.06338e-05     0     -6.69684e-06     -6.69684e-06     -6.69684e-06     -7.69791e-05     3.19368e-05
1315    4.44648e-05     0     1.48986e-05     1.48986e-05     1.48986e-05     -3.12317e-05     4.01187e-05
1325    5.25493e-05     0     3.24112e-05     3.24112e-05     3.24112e-05     -1.56555e-05     5.85307e-05
1335    4.44648e-05     0     1.28717e-05     1.28717e-05     1.28717e-05     -2.4645e-05     3.31416e-05
1345    5.25493e-05     0     1.59477e-05     1.59477e-05     1.59477e-05     -1.62409e-05     3.32367e-05
1355    3.2338e-05     0     1.09779e-05     1.09779e-05     1.09779e-05     -2.33287e-05     2.92837e-05
1365    4.44648e-05     0     1.14106e-06     1.14106e-06     1.14106e-06     -4.28154e-05     2.44857e-05
1375    3.2338e-05     0     2.36613e-05     2.36613e-05     2.36613e-05     -8.38347e-06     4.05676e-05
1385    2.42535e-05     0     1.05003e-05     1.05003e-05     1.05003e-05     -3.1598e-05     3.25877e-05
1395    2.42535e-05     0     1.05901e-05     1.05901e-05     1.05901e-05     -1.95512e-05     2.62882e-05
1405    2.02113e-05     0     5.5478e-06     5.5478e-06     5.5478e-06     -3.31829e-05     2.55855e-05
1415    2.82958e-05     0     -1.07688e-06     -1.07688e-06     -1.07688e-06     -4.37604e-05     2.08709e-05
1425    3.2338e-05     0     8.72399e-07     8.72399e-07     8.72399e-07     -2.41866e-05     1.36663e-05
1435    2.82958e-05     0     1.05518e-05     1.05518e-05     1.05518e-05     -1.13286e-05     2.16582e-05
1445    4.44648e-05     0     1.54749e-05     1.54749e-05     1.54749e-05     -1.51406e-06     2.40437e-05
1455    1.21268e-05     0     1.19956e-05     1.19956e-05     1.19956e-05     -1.22717e-05     2.41522e-05
1465    1.6169e-05     0     8.18534e-06     8.18534e-06     8.18534e-06     -3.0651e-05     2.75243e-05
1475    2.42535e-05     0     -2.34269e-06     -2.34269e-06     -2.34269e-06     -2.21343e-05     7.44155e-06
1485    4.04225e-06     0     3.76894e-06     3.76894e-06     3.76894e-06     -2.35028e-05     1.71613e-05
1495    1.6169e-05     0     6.11818e-06     6.11818e-06     6.11818e-06     -1.1845e-06     9.68354e-06
1505    8.08451e-06     0     1.02377e-05     1.02377e-05     1.02377e-05     -1.40103e-05     2.19812e-05
1515    4.04225e-06     0     -2.04993e-05     -2.04993e-05     -2.04993e-05     -5.12283e-05     -5.7204e-06
1525    8.08451e-06     0     1.47422e-05     1.47422e-05     1.47422e-05     -1.59168e-05     2.93876e-05
1535    2.82958e-05     0     1.04422e-05     1.04422e-05     1.04422e-05     -7.06689e-06     1.87452e-05
1545    2.42535e-05     0     -1.43593e-06     -1.43593e-06     -1.43593e-06     -3.32898e-05     1.35657e-05
1555    2.42535e-05     0     -1.08914e-05     -1.08914e-05     -1.08914e-05     -3.92635e-05     2.37925e-06
1565    2.02113e-05     0     -7.90036e-06     -7.90036e-06     -7.90036e-06     -4.07246e-05     7.34072e-06
1575    0     0     -2.07536e-06     -2.07536e-06     -2.07536e-06     -1.24782e-05     2.71729e-06
1585    8.08451e-06     0     -4.16105e-06     -4.16105e-06     -4.16105e-06     -2.52559e-05     5.48493e-06
1595    1.21268e-05     0     6.02299e-06     6.02299e-06     6.02299e-06     -2.40846e-06     9.85271e-06
1605    8.08451e-06     0     9.28783e-07     9.28783e-07     9.28783e-07     -1.4091e-05     7.71697e-06
1615    4.04225e-06     0     -1.22616e-05     -1.22616e-05     -1.22616e-05     -3.63787e-05     -1.44891e-06
1625    1.6169e-05     0     7.51075e-06     7.51075e-06     7.51075e-06     -3.41853e-06     1.23778e-05
1635    1.6169e-05     0     4.50709e-06     4.50709e-06     4.50709e-06     -2.15138e-06     7.44573e-06
1645    4.04225e-06     0     9.01144e-06     9.01144e-06     9.01144e-06     -4.44832e-06     1.49156e-05
1655    0     0     -2.69239e-06     -2.69239e-06     -2.69239e-06     -2.796e-05     8.30841e-06
1665    1.21268e-05     0     7.53323e-06     7.53323e-06     7.53323e-06     -3.93892e-06     1.24905e-05
1675    1.21268e-05     0     4.51205e-06     4.51205e-06     4.51205e-06     -2.48074e-06     7.50813e-06
1685    8.08451e-06     0     4.50954e-06     4.50954e-06     4.50954e-06     -2.57519e-06     7.5221e-06
1695    4.04225e-06     0     3.92895e-06     3.92895e-06     3.92895e-06     -1.77269e-05     1.30689e-05
1705    0     0     -6.02943e-07     -6.02943e-07     -6.02943e-07     -1.52684e-05     5.54802e-06
1715    0     0     0     0     0     0     0
1725    0     0     -1.6914e-06     -1.6914e-06     -1.6914e-06     -4.20239e-06     -6.5295e-07
1735    0     0     0     0     0     0     0
1745    4.04225e-06     0     0     0     0     0     0
1755    0     0     0     0     0     0     0
1765    0     0     0     0     0     0     0
1775    0     0     -5.07003e-06     -5.07003e-06     -5.07003e-06     -1.30816e-05     -1.88246e-06
1785    4.04225e-06     0     0     0     0     0     0
1795    4.04225e-06     0     -5.04785e-06     -5.04785e-06     -5.04785e-06     -1.32256e-05     -1.84491e-06
1805    1.21268e-05     0     -5.0507e-06     -5.0507e-06     -5.0507e-06     -1.33353e-05     -1.83142e-06
1815    4.04225e-06     0     0     0     0     0     0
1825    1.6169e-05     0     0     0     0     0     0
1835    0     0     0     0     0     0     0
1845    0     0     -1.00102e-05     -1.00102e-05     -1.00102e-05     -2.73144e-05     -3.50894e-06
1855    0     0     0     0     0     0     0
1865    0     0     -4.99037e-06     -4.99037e-06     -4.99037e-06     -1.3858e-05     -1.71808e-06
1875    0     0     0     0     0     0     0
1885    0     0     -4.97787e-06     -4.97787e-06     -4.97787e-06     -1.39853e-05     -1.69333e-06
1895    0     0     -3.29933e-06     -3.29933e-06     -3.29933e-06     -9.37832e-06     -1.10898e-06
1905    0     0     0     0     0     0     0
1915    0     0     0     0     0     0     0
1925    0     0     0     0     0     0     0
1935    0     0     0     0     0     0     0
1945    0     0     -4.87526e-06     -4.87526e-06     -4.87526e-06     -1.44066e-05     -1.5746e-06
1955    0     0     0     0     0     0     0
1965    0     0     0     0     0     0     0
1975    0     0     0     0     0     0     0
1985    0     0     -4.82533e-06     -4.82533e-06     -4.82533e-06     -1.47055e-05     -1.50985e-06
1995    0     0     0     0     0     0     0
2005    0     0     0     0     0     0     0
2015    0     0     0     0     0     0     0
2025    0     0     0     0     0     0     0
2035    0     0     0     0     0     0     0
2045    0     0     0     0     0     0     0
2055    0     0     0     0     0     0     0
2065    0     0     0     0     0     0     0
2075    0     0     0     0     0     0     0
2085    0     0     0     0     0     0     0
2095    0     0     0     0     0     0     0
2105    0     0     0     0     0     0     0
2115    0     0     0     0     0     0     0
2125    0     0     0     0     0     0     0
2135    0     0     0     0     0     0     0
2145    0     0     0     0     0     0     0
2155    0     0     0     0     0     0     0
2165    0     0     0     0     0     0     0
2175    0     0     0     0     0     0     0
2185    0     0     0     0     0     0     0
2195    0     0     0     0     0     0     0
2205    0     0     0     0     0     0     0
2215    0     0     0     0     0     0     0
2225    0     0     0     0     0     0     0
2235    0     0     0     0     0     0     0
2245    0     0     0     0     0     0     0
2255    0     0     0     0     0     0     0
2265    0     0     0     0     0     0     0
2275    0     0     0     0     0     0     0
2285    0     0     0     0     0     0     0
2295    0     0     0     0     0     0     0
2305    0     0     0     0     0     0     0
2315    0     0     0     0     0     0     0
2325    0     0     0     0     0     0     0
2335    0     0     0     0     0     0     0
2345    0     0     0     0     0     0     0
2355    0     0     0     0     0     0     0
2365    0     0     0     0     0     0     0
2375    0     0     0     0     0     0     0
2385    0     0     0     0     0     0     0
2395    0     0     0     0     0     0     0
