5    1.47517e-05     0     0     0     0     0     0
15    5.9007e-05     0     0     0     0     0     0
25    0.000280283     0     0     0     0     0     0
35    0.000486807     0     0     0     0     0     0
45    0.000604821     0     0     0     0     0     0
55    0.000781842     0     0     0     0     0     0
65    0.00111376     0     0     0     0     0     0
75    0.00116539     0     0     0     0     0     0
85    0.00188085     0     0     0     0     0     0
95    0.00178496     0     0     0     0     0     0
105    0.00193248     0     0     0     0     0     0
115    0.00223489     0     0     0     0     0     0
125    0.0023529     0     0     0     0     0     0
135    0.00291347     0     0     0     0     0     0
145    0.00295772     0     0     0     0     0     0
155    0.00333389     7.32753e-06     7.32753e-06     7.32753e-06     7.32753e-06     7.32753e-06     7.32753e-06
165    0.00333389     1.46551e-05     1.46551e-05     1.46551e-05     1.46551e-05     1.46551e-05     1.46551e-05
175    0.00373957     4.39652e-05     4.39652e-05     4.39652e-05     4.39652e-05     4.39652e-05     4.39652e-05
185    0.00411574     5.12927e-05     5.12927e-05     5.12927e-05     5.12927e-05     5.12927e-05     5.12927e-05
195    0.00425588     5.86203e-05     5.86203e-05     5.86203e-05     5.86203e-05     5.86203e-05     5.86203e-05
205    0.00444027     6.59478e-05     6.59478e-05     6.59478e-05     6.59478e-05     6.59478e-05     6.59478e-05
215    0.00499346     8.79304e-05     0.00188613     0.00188613     0.00188613     0.00266582     0.00134969
225    0.00512623     0.000146551     0.00196994     0.00196994     0.00196994     0.00276441     0.00142322
235    0.00549502     0.000227154     0.00202115     0.00202115     0.00202115     0.00280351     0.00148194
245    0.00559091     0.000219826     0.00197389     0.00197389     0.00197389     0.00274004     0.00144539
255    0.00641701     0.000322411     0.0020592     0.0020592     0.0020592     0.00281474     0.00153668
265    0.00686693     0.000344394     0.00205336     0.00205336     0.00205336     0.00279324     0.00154028
275    0.00683006     0.000373704     0.00201482     0.00201482     0.00201482     0.00272662     0.00152082
285    0.00737587     0.000659478     0.0022824     0.0022824     0.0022824     0.00298491     0.00179393
295    0.00770778     0.000725426     0.00226277     0.00226277     0.00226277     0.00292831     0.00179944
305    0.0087109     0.000937924     0.00248421     0.00248421     0.00248421     0.00315422     0.00201733
315    0.00944849     0.0010918     0.00263825     0.00263825     0.00263825     0.003306     0.00217192
325    0.0100386     0.00158275     0.00315131     0.00315131     0.00315131     0.00382718     0.00267843
335    0.0110048     0.00199309     0.00358949     0.00358949     0.00358949     0.00427294     0.00310992
345    0.011676     0.00221292     0.00401612     0.00401612     0.00401612     0.00478449     0.00347554
355    0.0121554     0.00307756     0.00500736     0.00500736     0.00500736     0.00583715     0.0044245
365    0.0137486     0.00444049     0.00658829     0.00658829     0.00658829     0.00751995     0.00593499
375    0.0159983     0.00586203     0.0083801     0.00840918     0.00835002     0.00948001     0.00760967
385    0.0162638     0.00699047     0.00964439     0.00968814     0.00959909     0.010812     0.00882759
395    0.0188527     0.00930597     0.012268     0.0123323     0.0122013     0.0135784     0.011352
405    0.0208147     0.0105443     0.0137677     0.0138485     0.0136845     0.0152016     0.0127661
415    0.0239421     0.0128745     0.0165817     0.0166919     0.0164686     0.0182386     0.0154251
425    0.0260147     0.0163624     0.0207889     0.0209471     0.0206265     0.0227776     0.0194018
435    0.0297321     0.0192348     0.0240733     0.0242852     0.0238566     0.0262553     0.0225519
445    0.0337446     0.0232576     0.0290118     0.0293067     0.0287114     0.0316232     0.0271933
455    0.0399551     0.0281744     0.0347481     0.0351664     0.0343236     0.0377503     0.0326598
465    0.048371     0.0355532     0.0434478     0.0440724     0.0428175     0.0470467     0.0409411
475    0.0568975     0.0424044     0.0515774     0.0524721     0.0506814     0.0557523     0.0486655
485    0.069702     0.0550444     0.0665537     0.0679792     0.0651393     0.0718176     0.0628851
495    0.082831     0.0697288     0.0828904     0.085145     0.0806828     0.0889289     0.0786829
505    0.101352     0.0876593     0.10222     0.105798     0.0987715     0.108911     0.097556
515    0.122012     0.112976     0.128749     0.13465     0.123189     0.136044     0.123672
525    0.142937     0.143964     0.159379     0.168927     0.150609     0.166543     0.154397
535    0.158146     0.173223     0.185784     0.19978     0.173256     0.191618     0.181723
545    0.161591     0.197895     0.20508     0.223093     0.189234     0.208413     0.202757
555    0.14942     0.200679     0.200793     0.218996     0.18478     0.200117     0.201485
565    0.127647     0.177905     0.171948     0.186146     0.159225     0.169167     0.173885
575    0.103963     0.14891     0.139195     0.148686     0.130444     0.13465     0.142361
585    0.0822557     0.112588     0.10198     0.107377     0.0968557     0.0970115     0.105441
595    0.0648265     0.088033     0.0773634     0.0805037     0.0743145     0.0723508     0.0808541
605    0.0498019     0.0663435     0.0566975     0.0584505     0.0549613     0.0521453     0.0598646
615    0.0400805     0.0528828     0.0440377     0.0450604     0.0430093     0.0398509     0.0469495
625    0.0319301     0.0419135     0.033999     0.0346013     0.0333859     0.0302471     0.0366086
635    0.027217     0.0327321     0.0258653     0.0262112     0.0255086     0.0226018     0.0281349
645    0.022312     0.0275442     0.0214749     0.0216822     0.0212586     0.0185797     0.023487
655    0.0186388     0.0216235     0.0164328     0.0165449     0.0163135     0.0139521     0.018157
665    0.0153861     0.0189124     0.0140777     0.0141395     0.0140107     0.011761     0.0156873
675    0.0127603     0.0159594     0.0117805     0.0118059     0.0117506     0.00977095     0.0131759
685    0.0110933     0.0134973     0.00974249     0.00974679     0.00973523     0.00793418     0.0109983
695    0.0095075     0.0113284     0.00796038     0.00797031     0.00794817     0.00633194     0.00909048
705    0.008497     0.0100241     0.00702269     0.00704357     0.00700008     0.00556567     0.00803303
715    0.00715459     0.00826546     0.00549547     0.00552145     0.00546799     0.00414782     0.00642977
725    0.00637275     0.00712969     0.00471924     0.00474921     0.00468799     0.00354159     0.00553496
735    0.00585644     0.00662409     0.0043296     0.00436427     0.00429386     0.00320405     0.00510856
745    0.00500822     0.00556893     0.0036115     0.00362516     0.0035975     0.00264785     0.00427802
755    0.00450666     0.00490945     0.00305827     0.00305827     0.00305827     0.0021436     0.00369048
765    0.00404935     0.00437454     0.00269308     0.00269308     0.00269308     0.00185929     0.0032689
775    0.00359205     0.00452842     0.00270696     0.00270696     0.00270696     0.00179995     0.00333275
785    0.0031495     0.00389092     0.00233279     0.00233279     0.00233279     0.00155313     0.00287015
795    0.00289872     0.00305558     0.00166125     0.00166125     0.00166125     0.000960302     0.0021438
805    0.00265531     0.00292369     0.0016627     0.0016627     0.0016627     0.00102618     0.00210048
815    0.00222751     0.00257929     0.00135227     0.00135227     0.00135227     0.000729668     0.00177988
825    0.00233815     0.00227154     0.00126975     0.00126975     0.00126975     0.000760725     0.00161937
835    0.00196198     0.00234481     0.00119092     0.00119092     0.00119092     0.000599478     0.00159606
845    0.00175546     0.00186119     0.000997327     0.000997327     0.000997327     0.000552295     0.00130177
855    0.00135716     0.00200774     0.000956005     0.000956005     0.000956005     0.000412833     0.00132744
865    0.00144567     0.00164137     0.000820615     0.000820615     0.000820615     0.000392847     0.00111229
875    0.00140142     0.00161938     0.000718729     0.000718729     0.000718729     0.00024634     0.00104023
885    0.00119489     0.00153145     0.000721413     0.000721413     0.000721413     0.000295192     0.00101129
895    0.00110638     0.00141421     0.000612981     0.000612981     0.000612981     0.000187745     0.000901387
905    0.00104737     0.00125301     0.000627646     0.000627646     0.000627646     0.000293442     0.000853825
915    0.00103262     0.00117241     0.000497488     0.000497488     0.000497488     0.000135682     0.000742198
925    0.000951487     0.00102585     0.000373756     0.000373756     0.000373756     2.09634e-05     0.000611617
935    0.00089248     0.000981889     0.000441951     0.000441951     0.000441951     0.000148009     0.000639771
945    0.000826097     0.000754736     0.000191973     0.000191973     0.000191973     -0.000115664     0.000398783
955    0.000744963     0.000828011     0.000364021     0.000364021     0.000364021     0.000108512     0.000535376
965    0.000663828     0.000798701     0.000285257     0.000285257     0.000285257     -4.75407e-07     0.000476178
975    0.000641701     0.000718098     0.000311645     0.000311645     0.000311645     8.37717e-05     0.000463527
985    0.000671204     0.000630168     0.000255889     0.000255889     0.000255889     4.46047e-05     0.000396398
995    0.000582694     0.000740081     0.000326157     0.000326157     0.000326157     9.13091e-05     0.000482083
1005    0.000612197     0.000754736     0.000754736     0.000754736     0.000754736     0.000754736     0.000754736
1015    0.000516311     0.000571548     0.000571548     0.000571548     0.000571548     0.000571548     0.000571548
1025    0.000449928     0.000417669     0.000417669     0.000417669     0.000417669     0.000417669     0.000417669
1035    0.000442552     0.000490945     0.000490945     0.000490945     0.000490945     0.000490945     0.000490945
1045    0.000442552     0.00053491     0.00053491     0.00053491     0.00053491     0.00053491     0.00053491
1055    0.000435176     0.000388359     0.000388359     0.000388359     0.000388359     0.000388359     0.000388359
1065    0.000479432     0.000424997     0.000424997     0.000424997     0.000424997     0.000424997     0.000424997
1075    0.000280283     0.00047629     0.00047629     0.00047629     0.00047629     0.00047629     0.00047629
1085    0.000317162     0.000381032     0.000381032     0.000381032     0.000381032     0.000381032     0.000381032
1095    0.000206524     0.000381032     0.000381032     0.000381032     0.000381032     0.000381032     0.000381032
1105    0.000221276     0.000344394     0.000344394     0.000344394     0.000344394     0.000344394     0.000344394
1115    0.000243404     0.000271119     0.000271119     0.000271119     0.000271119     0.000271119     0.000271119
1125    0.000272907     0.000285774     0.000285774     0.000285774     0.000285774     0.000285774     0.000285774
1135    0.000272907     0.000234481     0.000234481     0.000234481     0.000234481     0.000234481     0.000234481
1145    0.000154893     0.000278446     0.000278446     0.000278446     0.000278446     0.000278446     0.000278446
1155    0.0002139     0.000271119     0.000271119     0.000271119     0.000271119     0.000271119     0.000271119
1165    0.000184397     0.000234481     0.000234481     0.000234481     0.000234481     0.000234481     0.000234481
1175    0.000228652     0.000219826     0.000219826     0.000219826     0.000219826     0.000219826     0.000219826
1185    0.000169645     0.000183188     0.000183188     0.000183188     0.000183188     0.000183188     0.000183188
1195    0.000191773     0.000271119     0.000271119     0.000271119     0.000271119     0.000271119     0.000271119
1205    0.000206524     0.000234481     0.000234481     0.000234481     0.000234481     0.000234481     0.000234481
1215    0.000191773     0.000168533     0.000168533     0.000168533     0.000168533     0.000168533     0.000168533
1225    0.000118014     8.06029e-05     8.06029e-05     8.06029e-05     8.06029e-05     8.06029e-05     8.06029e-05
1235    8.85104e-05     0.000117241     0.000117241     0.000117241     0.000117241     0.000117241     0.000117241
1245    0.000110638     0.000190516     0.000190516     0.000190516     0.000190516     0.000190516     0.000190516
1255    0.00012539     0.000109913     0.000109913     0.000109913     0.000109913     0.000109913     0.000109913
1265    0.000110638     0.000117241     0.000117241     0.000117241     0.000117241     0.000117241     0.000117241
1275    9.58863e-05     9.52579e-05     9.52579e-05     9.52579e-05     9.52579e-05     9.52579e-05     9.52579e-05
1285    0.000103262     0.000124568     0.000124568     0.000124568     0.000124568     0.000124568     0.000124568
1295    9.58863e-05     0.000117241     0.000117241     0.000117241     0.000117241     0.000117241     0.000117241
1305    6.63828e-05     0.000117241     0.000117241     0.000117241     0.000117241     0.000117241     0.000117241
1315    8.11346e-05     0.000139223     0.000139223     0.000139223     0.000139223     0.000139223     0.000139223
1325    8.11346e-05     0.000117241     0.000117241     0.000117241     0.000117241     0.000117241     0.000117241
1335    8.85104e-05     0.000117241     0.000117241     0.000117241     0.000117241     0.000117241     0.000117241
1345    0.000110638     0.000109913     0.000109913     0.000109913     0.000109913     0.000109913     0.000109913
1355    8.85104e-05     7.32753e-05     7.32753e-05     7.32753e-05     7.32753e-05     7.32753e-05     7.32753e-05
1365    4.42552e-05     9.52579e-05     9.52579e-05     9.52579e-05     9.52579e-05     9.52579e-05     9.52579e-05
1375    0.000110638     8.79304e-05     8.79304e-05     8.79304e-05     8.79304e-05     8.79304e-05     8.79304e-05
1385    8.85104e-05     6.59478e-05     6.59478e-05     6.59478e-05     6.59478e-05     6.59478e-05     6.59478e-05
1395    7.37587e-06     5.86203e-05     5.86203e-05     5.86203e-05     5.86203e-05     5.86203e-05     5.86203e-05
1405    2.95035e-05     8.06029e-05     8.06029e-05     8.06029e-05     8.06029e-05     8.06029e-05     8.06029e-05
1415    4.42552e-05     7.32753e-05     7.32753e-05     7.32753e-05     7.32753e-05     7.32753e-05     7.32753e-05
1425    3.68793e-05     1.46551e-05     1.46551e-05     1.46551e-05     1.46551e-05     1.46551e-05     1.46551e-05
1435    5.9007e-05     3.66377e-05     3.66377e-05     3.66377e-05     3.66377e-05     3.66377e-05     3.66377e-05
1445    6.63828e-05     5.86203e-05     5.86203e-05     5.86203e-05     5.86203e-05     5.86203e-05     5.86203e-05
1455    3.68793e-05     8.79304e-05     8.79304e-05     8.79304e-05     8.79304e-05     8.79304e-05     8.79304e-05
1465    6.63828e-05     5.12927e-05     5.12927e-05     5.12927e-05     5.12927e-05     5.12927e-05     5.12927e-05
1475    2.21276e-05     4.39652e-05     4.39652e-05     4.39652e-05     4.39652e-05     4.39652e-05     4.39652e-05
1485    0     0     0     0     0     0     0
1495    0     0     0     0     0     0     0
1505    0     0     0     0     0     0     0
1515    0     0     0     0     0     0     0
1525    0     0     0     0     0     0     0
1535    0     0     0     0     0     0     0
1545    0     0     0     0     0     0     0
1555    0     0     0     0     0     0     0
1565    0     0     0     0     0     0     0
1575    0     0     0     0     0     0     0
1585    0     0     0     0     0     0     0
1595    0     0     0     0     0     0     0
1605    0     0     0     0     0     0     0
1615    0     0     0     0     0     0     0
1625    0     0     0     0     0     0     0
1635    0     0     0     0     0     0     0
1645    0     0     0     0     0     0     0
1655    0     0     0     0     0     0     0
1665    0     0     0     0     0     0     0
1675    0     0     0     0     0     0     0
1685    0     0     0     0     0     0     0
1695    0     0     0     0     0     0     0
1705    0     0     0     0     0     0     0
1715    0     0     0     0     0     0     0
1725    0     0     0     0     0     0     0
1735    0     0     0     0     0     0     0
1745    0     0     0     0     0     0     0
1755    0     0     0     0     0     0     0
1765    0     0     0     0     0     0     0
1775    0     0     0     0     0     0     0
1785    0     0     0     0     0     0     0
1795    0     0     0     0     0     0     0
1805    0     0     0     0     0     0     0
1815    0     0     0     0     0     0     0
1825    0     0     0     0     0     0     0
1835    0     0     0     0     0     0     0
1845    0     0     0     0     0     0     0
1855    0     0     0     0     0     0     0
1865    0     0     0     0     0     0     0
1875    0     0     0     0     0     0     0
1885    0     0     0     0     0     0     0
1895    0     0     0     0     0     0     0
1905    0     0     0     0     0     0     0
1915    0     0     0     0     0     0     0
1925    0     0     0     0     0     0     0
1935    0     0     0     0     0     0     0
1945    0     0     0     0     0     0     0
1955    0     0     0     0     0     0     0
1965    0     0     0     0     0     0     0
1975    0     0     0     0     0     0     0
1985    0     0     0     0     0     0     0
1995    0     0     0     0     0     0     0
2005    0     0     0     0     0     0     0
2015    0     0     0     0     0     0     0
2025    0     0     0     0     0     0     0
2035    0     0     0     0     0     0     0
2045    0     0     0     0     0     0     0
2055    0     0     0     0     0     0     0
2065    0     0     0     0     0     0     0
2075    0     0     0     0     0     0     0
2085    0     0     0     0     0     0     0
2095    0     0     0     0     0     0     0
2105    0     0     0     0     0     0     0
2115    0     0     0     0     0     0     0
2125    0     0     0     0     0     0     0
2135    0     0     0     0     0     0     0
2145    0     0     0     0     0     0     0
2155    0     0     0     0     0     0     0
2165    0     0     0     0     0     0     0
2175    0     0     0     0     0     0     0
2185    0     0     0     0     0     0     0
2195    0     0     0     0     0     0     0
2205    0     0     0     0     0     0     0
2215    0     0     0     0     0     0     0
2225    0     0     0     0     0     0     0
2235    0     0     0     0     0     0     0
2245    0     0     0     0     0     0     0
2255    0     0     0     0     0     0     0
2265    0     0     0     0     0     0     0
2275    0     0     0     0     0     0     0
2285    0     0     0     0     0     0     0
2295    0     0     0     0     0     0     0
2305    0     0     0     0     0     0     0
2315    0     0     0     0     0     0     0
2325    0     0     0     0     0     0     0
2335    0     0     0     0     0     0     0
2345    0     0     0     0     0     0     0
2355    0     0     0     0     0     0     0
2365    0     0     0     0     0     0     0
2375    0     0     0     0     0     0     0
2385    0     0     0     0     0     0     0
2395    0     0     0     0     0     0     0
