5    1.45274e-05     0     0     0     0     0     0
15    0.000111377     0     0     0     0     0     0
25    0.000184014     0     0     0     0     0     0
35    0.000363185     0     0     0     0     0     0
45    0.000445507     0     0     0     0     0     0
55    0.000755424     0     0     0     0     0     0
65    0.000818376     0     0     0     0     0     0
75    0.000929753     0     0     0     0     0     0
85    0.00117188     0     0     0     0     0     0
95    0.00128325     0     0     0     0     0     0
105    0.00143337     0     0     0     0     0     0
115    0.00163675     0     0     0     0     0     0
125    0.00173844     0     4.8116e-06     4.8116e-06     4.8116e-06     4.8116e-06     4.8116e-06
135    0.00220332     0     0     0     0     0     0
145    0.00206289     0     0     0     0     0     0
155    0.00223238     0     0     0     0     0     0
165    0.00236312     0     4.8116e-06     4.8116e-06     4.8116e-06     4.8116e-06     4.8116e-06
175    0.0026343     0     1.44348e-05     1.44348e-05     1.44348e-05     1.44348e-05     1.44348e-05
185    0.00274083     0     9.6232e-06     9.6232e-06     9.6232e-06     9.6232e-06     9.6232e-06
195    0.00293453     0     2.88696e-05     2.88696e-05     2.88696e-05     2.88696e-05     2.88696e-05
205    0.00300717     0     6.73624e-05     6.73624e-05     6.73624e-05     6.73624e-05     6.73624e-05
215    0.00340909     0     0.00153049     0.00153049     0.00153049     0.00213914     0.0011069
225    0.00334614     0     0.00161818     0.00161818     0.00161818     0.00225581     0.00117411
235    0.00389818     0     0.0015634     0.0015634     0.0015634     0.00217291     0.00113823
245    0.00390787     0     0.001623     0.001623     0.001623     0.00222877     0.00120002
255    0.00424684     0     0.00160259     0.00160259     0.00160259     0.00218033     0.00119848
265    0.00445022     0     0.00162885     0.00162885     0.00162885     0.00220358     0.00122591
275    0.00475046     0     0.00159146     0.00159146     0.00159146     0.00214072     0.00120623
285    0.00514754     0     0.00158026     0.00158026     0.00158026     0.0021106     0.00120779
295    0.00529281     0     0.00175045     0.00175045     0.00175045     0.00226225     0.00139069
305    0.00541387     0     0.00168971     0.00168971     0.00168971     0.0021974     0.00133266
315    0.00595139     0     0.00184877     0.00184877     0.00184877     0.00236113     0.0014877
325    0.00624678     0     0.00210111     0.00210111     0.00210111     0.00260702     0.00174386
335    0.00667776     0     0.00216173     0.00216173     0.00216173     0.00265995     0.00180852
345    0.00746708     0     0.00274122     0.00274122     0.00274122     0.00328007     0.00235578
355    0.00771889     0.00111148     0.00315623     0.00315623     0.00315623     0.00371345     0.00275659
365    0.00817408     0.00285087     0.00392103     0.00392802     0.00391374     0.00452623     0.00348849
375    0.00891013     0.00324061     0.00508685     0.0051121     0.00506057     0.00580077     0.00457771
385    0.00929753     0.00368087     0.00569506     0.00572633     0.00566259     0.00644825     0.00515966
395    0.00997547     0.00451809     0.00640904     0.00644782     0.00636886     0.00721421     0.00583814
405    0.0110021     0.00523983     0.00763194     0.00768351     0.00757814     0.00850378     0.00701527
415    0.0124742     0.00606262     0.00871464     0.00877916     0.00864784     0.00968443     0.00803007
425    0.0130408     0.00729679     0.00981511     0.00989416     0.00973316     0.0109075     0.0090457
435    0.0141545     0.00848766     0.0114154     0.0115195     0.0113086     0.0125688     0.0106045
445    0.0153603     0.0104219     0.0130141     0.0131446     0.0128802     0.0143295     0.0120915
455    0.017612     0.0115406     0.014668     0.0148333     0.0144987     0.0160783     0.0136811
465    0.0190599     0.0140018     0.0169776     0.017193     0.0167577     0.0185461     0.0158799
475    0.021917     0.0161598     0.0194342     0.0197117     0.0191521     0.0212076     0.0181925
485    0.0244932     0.017495     0.0231379     0.0235091     0.0227621     0.0253251     0.0216095
495    0.0274713     0.0218038     0.0262917     0.0267789     0.0258013     0.0286831     0.0246228
505    0.0320426     0.0257372     0.0303383     0.0309917     0.0296854     0.0330246     0.0284657
515    0.0371853     0.0299161     0.0355262     0.0364204     0.0346407     0.0386518     0.0333518
525    0.0414127     0.0354013     0.0415729     0.0428205     0.0403507     0.0450694     0.0391447
535    0.0497127     0.0425971     0.0498599     0.051661     0.0481198     0.0538645     0.0470791
545    0.0571556     0.0508249     0.0586802     0.0612683     0.0562211     0.0630179     0.0556673
555    0.0645791     0.0614201     0.0702722     0.0740839     0.0667225     0.0749151     0.06705
565    0.0722834     0.0743537     0.0804594     0.0858255     0.0755797     0.0850727     0.0772632
575    0.0793534     0.0874677     0.092672     0.100178     0.0860105     0.0969367     0.0897199
585    0.082133     0.0973772     0.101725     0.111386     0.0933315     0.10511     0.0993831
595    0.0798474     0.103259     0.106861     0.118122     0.0972098     0.108954     0.105414
605    0.0740703     0.104638     0.103531     0.114757     0.0939052     0.103175     0.104047
615    0.0665645     0.0998744     0.0927789     0.102336     0.0844704     0.0918207     0.0934393
625    0.0570248     0.0859881     0.0783422     0.0854997     0.0719648     0.0763043     0.0797457
635    0.0479985     0.0728597     0.0649595     0.0699762     0.0603663     0.0622337     0.0668346
645    0.0398196     0.0587785     0.0516405     0.0548967     0.0485789     0.0487069     0.0536558
655    0.033844     0.0488834     0.0399996     0.0420382     0.0380376     0.0370768     0.0420059
665    0.0270452     0.038678     0.0313848     0.0326625     0.0301304     0.028597     0.0332958
675    0.0226627     0.0316122     0.0252546     0.0260679     0.0244424     0.0226733     0.027022
685    0.0194183     0.0261198     0.0202164     0.0207283     0.0196973     0.0178286     0.0218501
695    0.0158833     0.0211109     0.0165907     0.0169169     0.0162548     0.0143596     0.0181148
705    0.0138204     0.0176682     0.0136784     0.0138803     0.0134671     0.0116771     0.0150432
715    0.0115444     0.0150411     0.0108573     0.0109745     0.010732     0.00901104     0.0121153
725    0.00977209     0.0129841     0.00937489     0.00944212     0.0093008     0.00768551     0.0105241
735    0.00883265     0.0106818     0.00752509     0.0075546     0.00749035     0.00604101     0.00853296
745    0.00761235     0.00944036     0.00642146     0.00642767     0.00641085     0.00508787     0.00732572
755    0.00665354     0.00811957     0.00563082     0.00563731     0.00562065     0.00434637     0.00650032
765    0.0060095     0.0065534     0.00485303     0.00487129     0.00483105     0.00367894     0.00564681
775    0.00501679     0.00598322     0.00406189     0.00408863     0.00403258     0.00294554     0.00481528
785    0.00450833     0.0055574     0.00341422     0.00344532     0.00338109     0.0024501     0.00406347
795    0.00411609     0.00467688     0.00259677     0.00262866     0.00256335     0.00172188     0.00318483
805    0.00356889     0.00407061     0.00286299     0.00290369     0.00282079     0.00197869     0.00345641
815    0.0032154     0.00380357     0.00218218     0.00222086     0.00214241     0.00137668     0.00272156
825    0.00275536     0.00330557     0.00200479     0.00204414     0.0019645     0.00132246     0.00246127
835    0.00268757     0.00306739     0.00181664     0.00185982     0.00177256     0.00106877     0.00231528
845    0.00234375     0.00171774     0.00165841     0.00170029     0.00161579     0.0010388     0.00207058
855    0.00190309     0     0.00132901     0.00136555     0.00129192     0.000675691     0.00176302
865    0.00180624     0     0.00118233     0.00118233     0.00118233     0.000642494     0.00153965
875    0.00182561     0     0.00107931     0.00107931     0.00107931     0.000490661     0.00146797
885    0.00147695     0     0.000876844     0.000876844     0.000876844     0.000391712     0.00119657
895    0.00141884     0     0.000745434     0.000745434     0.000745434     0.000265533     0.0010606
905    0.00138494     0     0.000752167     0.000752167     0.000752167     0.000364404     0.00100609
915    0.00118156     0     0.000701175     0.000701175     0.000701175     0.000256126     0.000992084
925    0.00123967     0     0.000545695     0.000545695     0.000545695     0.000117676     0.00082439
935    0.00112829     0     0.000604499     0.000604499     0.000604499     0.000239618     0.000841436
945    0.0010266     0     0.000426099     0.000426099     0.000426099     1.85175e-05     0.000690258
955    0.000934595     0     0.000425125     0.000425125     0.000425125     0.00013235     0.00061422
965    0.000832904     0     0.000352179     0.000352179     0.000352179     2.31187e-05     0.000563786
975    0.000765109     0     0.000415711     0.000415711     0.000415711     0.000131712     0.000597703
985    0.000677945     0     0.000338591     0.000338591     0.000338591     7.91112e-05     0.00050438
995    0.000799006     0     0.000336041     0.000336041     0.000336041     7.90075e-05     0.000499819
1005    0.00059078     0     0.00032744     0.00032744     0.00032744     8.42653e-05     0.000481934
1015    0.000556883     0     0.000310599     0.000310599     0.000310599     7.90965e-05     0.000457201
1025    0.000450349     0     0.000261211     0.000261211     0.000261211     1.13898e-05     0.000418888
1035    0.000489089     0     0.000228255     0.000228255     0.000228255     -5.48037e-05     0.000406227
1045    0.000518144     0     0.000264636     0.000264636     0.000264636     5.6441e-05     0.000395069
1055    0.000498774     0     6.70049e-05     6.70049e-05     6.70049e-05     -0.000226472     0.000250121
1065    0.000305075     0     7.26891e-05     7.26891e-05     7.26891e-05     -0.000187676     0.000234521
1075    0.000435822     0     0.000180292     0.000180292     0.000180292     -2.00509e-05     0.000304233
1085    0.000460034     0     0.000111549     0.000111549     0.000111549     -0.000105157     0.000245011
1095    0.00037287     0     8.52036e-05     8.52036e-05     8.52036e-05     -0.000112014     0.000206155
1105    0.000329287     0     0.000164344     0.000164344     0.000164344     -6.6787e-06     0.000268742
1115    0.000358342     0     0.000179407     0.000179407     0.000179407     5.11728e-05     0.000257335
1125    0.000319603     0     0.000118714     0.000118714     0.000118714     -6.48959e-05     0.000229706
1135    0.000237281     0     0.000157184     0.000157184     0.000157184     -2.16135e-05     0.000264747
1145    0.000198541     0     9.17247e-05     9.17247e-05     9.17247e-05     -9.47031e-05     0.000203343
1155    0.000227596     0     0.000154894     0.000154894     0.000154894     6.03139e-06     0.000243598
1165    0.000222753     0     6.38319e-06     6.38319e-06     6.38319e-06     -0.000168977     0.000110348
1175    0.000232438     0     7.27205e-06     7.27205e-06     7.27205e-06     -0.000129278     8.78432e-05
1185    0.000237281     0     8.87654e-05     8.87654e-05     8.87654e-05     -2.39826e-05     0.000154908
1195    0.000266335     0     8.53571e-05     8.53571e-05     8.53571e-05     -2.76261e-05     0.000151298
1205    0.000159801     0     3.06413e-05     3.06413e-05     3.06413e-05     -0.000100041     0.000106551
1215    0.000184014     0     6.47962e-05     6.47962e-05     6.47962e-05     -5.93638e-05     0.000136549
1225    0.000125904     0     6.91487e-05     6.91487e-05     6.91487e-05     -3.38641e-05     0.000128317
1235    0.000174329     0     0.000114207     0.000114207     0.000114207     1.9308e-05     0.000168441
1245    9.20068e-05     0     9.13601e-06     9.13601e-06     9.13601e-06     -0.000117998     8.1377e-05
1255    0.000130746     0     -3.47639e-06     -3.47639e-06     -3.47639e-06     -0.000146592     7.74142e-05
1265    9.68493e-05     0     4.17714e-05     4.17714e-05     4.17714e-05     -2.03485e-05     7.66856e-05
1275    0.000125904     0     4.81164e-05     4.81164e-05     4.81164e-05     -1.33753e-05     8.25019e-05
1285    0.000130746     0     6.4837e-05     6.4837e-05     6.4837e-05     1.29069e-05     9.37198e-05
1295    0.000130746     0     6.07337e-05     6.07337e-05     6.07337e-05     -6.67209e-05     0.000131232
1305    8.71643e-05     0     3.62169e-05     3.62169e-05     3.62169e-05     -3.37751e-05     7.46953e-05
1315    0.000116219     0     -7.31603e-06     -7.31603e-06     -7.31603e-06     -0.000108503     4.79801e-05
1325    9.68493e-05     0     6.12387e-05     6.12387e-05     6.12387e-05     7.87809e-06     9.02495e-05
1335    9.68493e-05     0     5.65772e-05     5.65772e-05     5.65772e-05     -1.69968e-06     8.80727e-05
1345    9.20068e-05     0     2.98754e-05     2.98754e-05     2.98754e-05     -4.05535e-05     6.7692e-05
1355    8.23219e-05     0     1.27125e-05     1.27125e-05     1.27125e-05     -7.91638e-05     6.17553e-05
1365    6.2952e-05     0     2.88564e-05     2.88564e-05     2.88564e-05     -3.50777e-05     6.27871e-05
1375    6.77945e-05     0     -5.36494e-05     -5.36494e-05     -5.36494e-05     -0.000188429     1.74319e-05
1385    4.84246e-05     0     3.56235e-05     3.56235e-05     3.56235e-05     -3.74692e-05     7.39095e-05
1395    6.2952e-05     0     1.09318e-05     1.09318e-05     1.09318e-05     -7.7821e-05     5.71578e-05
1405    5.32671e-05     0     2.85347e-05     2.85347e-05     2.85347e-05     -5.63515e-07     4.36013e-05
1415    7.26369e-05     0     3.351e-05     3.351e-05     3.351e-05     -1.03493e-05     5.60744e-05
1425    9.20068e-05     0     -1.7734e-05     -1.7734e-05     -1.7734e-05     -9.96957e-05     2.41756e-05
1435    6.77945e-05     0     8.76812e-06     8.76812e-06     8.76812e-06     -5.18204e-05     3.95433e-05
1445    4.35822e-05     0     2.84264e-05     2.84264e-05     2.84264e-05     -1.23795e-05     4.90082e-05
1455    3.38972e-05     0     3.30219e-05     3.30219e-05     3.30219e-05     -1.36163e-05     5.63949e-05
1465    5.32671e-05     0     5.72355e-06     5.72355e-06     5.72355e-06     -4.50568e-05     3.09835e-05
1475    4.84246e-05     0     1.49979e-05     1.49979e-05     1.49979e-05     -4.72887e-05     4.57742e-05
1485    3.38972e-05     0     -2.82034e-05     -2.82034e-05     -2.82034e-05     -9.63782e-05     5.28099e-06
1495    2.90548e-05     0     1.636e-05     1.636e-05     1.636e-05     -1.36915e-05     3.1022e-05
1505    3.38972e-05     0     9.39136e-06     9.39136e-06     9.39136e-06     -1.25993e-05     2.00497e-05
1515    1.93699e-05     0     -1.02416e-05     -1.02416e-05     -1.02416e-05     -8.2542e-05     2.45392e-05
1525    2.42123e-05     0     2.39612e-06     2.39612e-06     2.39612e-06     -1.15461e-05     9.05962e-06
1535    2.90548e-05     0     -1.50596e-05     -1.50596e-05     -1.50596e-05     -0.000105973     2.81185e-05
1545    2.42123e-05     0     2.73012e-06     2.73012e-06     2.73012e-06     -5.12993e-05     2.81617e-05
1555    2.90548e-05     0     -1.52208e-05     -1.52208e-05     -1.52208e-05     -8.55073e-05     1.77007e-05
1565    4.84246e-05     0     -2.22124e-05     -2.22124e-05     -2.22124e-05     -0.000107963     1.76116e-05
1575    3.87397e-05     0     -1.1094e-05     -1.1094e-05     -1.1094e-05     -4.84416e-05     6.15783e-06
1585    2.90548e-05     0     9.16221e-06     9.16221e-06     9.16221e-06     -3.44168e-06     1.4934e-05
1595    1.45274e-05     0     -1.6698e-08     -1.6698e-08     -1.6698e-08     -1.22364e-05     5.53394e-06
1605    2.42123e-05     0     2.69143e-07     2.69143e-07     2.69143e-07     -5.47766e-05     2.5144e-05
1615    1.45274e-05     0     6.86025e-06     6.86025e-06     6.86025e-06     -1.54679e-05     1.68637e-05
1625    5.32671e-05     0     -4.40179e-06     -4.40179e-06     -4.40179e-06     -5.43992e-05     1.78525e-05
1635    2.42123e-05     0     1.14025e-05     1.14025e-05     1.14025e-05     -5.47053e-06     1.88455e-05
1645    2.90548e-05     0     -2.9365e-05     -2.9365e-05     -2.9365e-05     -0.00010134     2.19006e-06
1655    1.45274e-05     0     -6.67854e-06     -6.67854e-06     -6.67854e-06     -5.52457e-05     1.4439e-05
1665    1.45274e-05     0     1.14307e-05     1.14307e-05     1.14307e-05     -6.04616e-06     1.89717e-05
1675    1.45274e-05     0     2.2847e-06     2.2847e-06     2.2847e-06     -1.26136e-06     3.80214e-06
1685    1.45274e-05     0     4.56468e-06     4.56468e-06     4.56468e-06     -2.57878e-06     7.60994e-06
1695    2.90548e-05     0     1.82826e-05     1.82826e-05     1.82826e-05     -1.07061e-05     3.05252e-05
1705    4.84246e-06     0     -5.88381e-05     -5.88381e-05     -5.88381e-05     -0.000151177     -2.01081e-05
1715    1.45274e-05     0     0     0     0     0     0
1725    9.68493e-06     0     0     0     0     0     0
1735    9.68493e-06     0     0     0     0     0     0
1745    1.45274e-05     0     0     0     0     0     0
1755    1.45274e-05     0     -2.02119e-05     -2.02119e-05     -2.02119e-05     -5.1365e-05     -7.62282e-06
1765    9.68493e-06     0     -4.57222e-06     -4.57222e-06     -4.57222e-06     -1.17527e-05     -1.70427e-06
1775    0     0     0     0     0     0     0
1785    1.93699e-05     0     -2.01889e-05     -2.01889e-05     -2.01889e-05     -5.2692e-05     -7.40796e-06
1795    1.45274e-05     0     0     0     0     0     0
1805    4.84246e-06     0     -2.0094e-05     -2.0094e-05     -2.0094e-05     -5.32627e-05     -7.2573e-06
1815    4.84246e-06     0     0     0     0     0     0
1825    9.68493e-06     0     -2.0081e-05     -2.0081e-05     -2.0081e-05     -5.38479e-05     -7.1669e-06
1835    0     0     0     0     0     0     0
1845    0     0     -1.98927e-05     -1.98927e-05     -1.98927e-05     -5.43877e-05     -6.95913e-06
1855    0     0     0     0     0     0     0
1865    0     0     0     0     0     0     0
1875    0     0     0     0     0     0     0
1885    0     0     -1.98214e-05     -1.98214e-05     -1.98214e-05     -5.59053e-05     -6.7159e-06
1895    0     0     -4.44801e-06     -4.44801e-06     -4.44801e-06     -1.26434e-05     -1.49508e-06
1905    0     0     0     0     0     0     0
1915    0     0     0     0     0     0     0
1925    0     0     0     0     0     0     0
1935    0     0     -4.40277e-06     -4.40277e-06     -4.40277e-06     -1.29098e-05     -1.43333e-06
1945    0     0     0     0     0     0     0
1955    0     0     0     0     0     0     0
1965    0     0     0     0     0     0     0
1975    0     0     -1.93086e-05     -1.93086e-05     -1.93086e-05     -5.83935e-05     -6.08948e-06
1985    0     0     0     0     0     0     0
1995    0     0     0     0     0     0     0
2005    0     0     0     0     0     0     0
2015    0     0     0     0     0     0     0
2025    0     0     0     0     0     0     0
2035    0     0     0     0     0     0     0
2045    0     0     0     0     0     0     0
2055    0     0     0     0     0     0     0
2065    0     0     0     0     0     0     0
2075    0     0     0     0     0     0     0
2085    0     0     0     0     0     0     0
2095    0     0     0     0     0     0     0
2105    0     0     0     0     0     0     0
2115    0     0     0     0     0     0     0
2125    0     0     0     0     0     0     0
2135    0     0     0     0     0     0     0
2145    0     0     0     0     0     0     0
2155    0     0     0     0     0     0     0
2165    0     0     0     0     0     0     0
2175    0     0     0     0     0     0     0
2185    0     0     0     0     0     0     0
2195    0     0     0     0     0     0     0
2205    0     0     0     0     0     0     0
2215    0     0     0     0     0     0     0
2225    0     0     0     0     0     0     0
2235    0     0     0     0     0     0     0
2245    0     0     0     0     0     0     0
2255    0     0     0     0     0     0     0
2265    0     0     0     0     0     0     0
2275    0     0     0     0     0     0     0
2285    0     0     0     0     0     0     0
2295    0     0     0     0     0     0     0
2305    0     0     0     0     0     0     0
2315    0     0     0     0     0     0     0
2325    0     0     0     0     0     0     0
2335    0     0     0     0     0     0     0
2345    0     0     0     0     0     0     0
2355    0     0     0     0     0     0     0
2365    0     0     0     0     0     0     0
2375    0     0     0     0     0     0     0
2385    0     0     0     0     0     0     0
2395    0     0     0     0     0     0     0
