5    0     0     0     0     0     0     0
15    0     0     0     0     0     0     0
25    3.8807e-05     0     0     0     0     0     0
35    0.000101175     0     0     0     0     0     0
45    0.000131667     0     0     0     0     0     0
55    0.000168395     0     0     0     0     0     0
65    0.000209281     0     0     0     0     0     0
75    0.00025571     0     0     0     0     0     0
85    0.000285509     0     0     0     0     0     0
95    0.000361737     0     0     0     0     0     0
105    0.000383912     0     0     0     0     0     0
115    0.000398465     0     0     0     0     0     0
125    0.00045321     0     0     0     0     0     0
135    0.000514886     0     6.87283e-07     6.87283e-07     6.87283e-07     6.87283e-07     6.87283e-07
145    0.000541219     0     0     0     0     0     0
155    0.000521815     0     6.87283e-07     6.87283e-07     6.87283e-07     6.87283e-07     6.87283e-07
165    0.000576561     0     2.06185e-06     2.06185e-06     2.06185e-06     2.06185e-06     2.06185e-06
175    0.000613982     0     3.43642e-06     3.43642e-06     3.43642e-06     3.43642e-06     3.43642e-06
185    0.000655561     0     6.87283e-06     6.87283e-06     6.87283e-06     6.87283e-06     6.87283e-06
195    0.000686745     8.2474e-06     6.18555e-06     6.18555e-06     6.18555e-06     6.18555e-06     6.18555e-06
205    0.000711692     1.44329e-05     1.64948e-05     1.64948e-05     1.64948e-05     1.64948e-05     1.64948e-05
215    0.000780991     1.3402e-05     0.000728573     0.000728573     0.000728573     0.00102458     0.000522526
225    0.00080178     1.44329e-05     0.000705264     0.000705264     0.000705264     0.000992496     0.000505272
235    0.000757429     2.7835e-05     0.000695618     0.000695618     0.000695618     0.00097601     0.000500241
245    0.000882166     2.57731e-05     0.000659899     0.000660068     0.000659721     0.000924438     0.000475268
255    0.000840587     4.1237e-05     0.000650466     0.000651288     0.000649598     0.00090292     0.00047389
265    0.000943148     4.53607e-05     0.00062317     0.000623982     0.000622309     0.000864029     0.000454298
275    0.00095285     5.87627e-05     0.000602408     0.00060351     0.000601241     0.000829182     0.000443335
285    0.000968096     5.97936e-05     0.000578116     0.000579401     0.000576756     0.000790988     0.0004286
295    0.00100967     7.21648e-05     0.00057442     0.000575807     0.000572955     0.000784386     0.000426856
305    0.00102908     9.48451e-05     0.000563762     0.000565611     0.00056181     0.00076013     0.000425671
315    0.00112817     0.000121649     0.000577089     0.00057934     0.000574712     0.000770735     0.000440641
325    0.00107066     0.000140206     0.000613829     0.000616701     0.000610803     0.000810531     0.000474905
335    0.00116421     0.00017835     0.000631365     0.000634833     0.000627714     0.00082262     0.000495778
345    0.00121133     0.000220618     0.000642067     0.000645988     0.000637946     0.000825647     0.000510768
355    0.00122103     0.000253608     0.000747346     0.000753142     0.00074126     0.000938617     0.000610157
365    0.00123974     0.000316494     0.000870139     0.00087783     0.00086206     0.00108172     0.000718943
375    0.00126053     0.000397937     0.000956954     0.000966455     0.000946985     0.00117785     0.000799436
385    0.00137626     0.000486597     0.00105074     0.00106214     0.00103881     0.00128503     0.000884198
395    0.0014019     0.000514432     0.001192     0.00120622     0.00117713     0.00144389     0.0010134
405    0.00140537     0.00062371     0.00123544     0.00125107     0.00121911     0.00149102     0.00105466
415    0.00148367     0.000718555     0.00129069     0.00130833     0.00127228     0.00154565     0.00111071
425    0.00150654     0.00074639     0.00136843     0.00138844     0.00134759     0.00162904     0.00118487
435    0.00157168     0.000906183     0.00149093     0.00151404     0.00146688     0.00176947     0.00129508
445    0.00168533     0.000878348     0.00150615     0.00153106     0.00148029     0.00177787     0.00131557
455    0.00172414     0.00102165     0.00162832     0.0016562     0.00159942     0.00192404     0.00142139
465    0.00171721     0.00111752     0.00173033     0.00176263     0.00169692     0.0020205     0.00152724
475    0.0019161     0.00115361     0.00183722     0.00187346     0.00179983     0.00213478     0.00162887
485    0.00186412     0.00120721     0.00190504     0.00194391     0.00186503     0.00221996     0.00168498
495    0.00194035     0.00126082     0.0019919     0.0020348     0.00194785     0.00231717     0.00176491
505    0.0020145     0.0013835     0.0021404     0.00219012     0.00208947     0.0024686     0.00191161
515    0.00210181     0.00152783     0.00216764     0.00221875     0.00211537     0.00252035     0.00192228
525    0.00225704     0.00161134     0.00224968     0.00230785     0.00219031     0.00258272     0.00201839
535    0.00234644     0.00172474     0.00248282     0.0025503     0.00241432     0.00284656     0.00223025
545    0.0023991     0.0017567     0.00248278     0.00255461     0.00241012     0.00284124     0.0022338
555    0.0025176     0.00175463     0.00273708     0.00281992     0.00265372     0.00313951     0.00245778
565    0.00257304     0.00193711     0.00277647     0.00286574     0.0026871     0.00317752     0.00249861
575    0.00271164     0.00201237     0.00283978     0.0029367     0.00274325     0.00324474     0.00255946
585    0.00294171     0.00212886     0.00312223     0.00323718     0.00300835     0.00354485     0.00282987
595    0.00310872     0.00233092     0.00331395     0.00344164     0.00318831     0.00378003     0.00299183
605    0.00311773     0.00239175     0.00353132     0.00367748     0.0033886     0.00403014     0.00318718
615    0.00325909     0.0026835     0.00369727     0.00386181     0.00353764     0.00420854     0.00334493
625    0.00349887     0.00276391     0.0038369     0.00401921     0.00366139     0.00436528     0.00347302
635    0.00373933     0.00290721     0.00409865     0.00430571     0.00390106     0.00467135     0.00370469
645    0.00379408     0.00311442     0.00429658     0.0045336     0.00407246     0.00486506     0.00390604
655    0.00402345     0.00337319     0.00450807     0.00477769     0.00425602     0.00510538     0.00409806
665    0.0041572     0.00358762     0.00483746     0.00515217     0.00454703     0.00547455     0.00440073
675    0.00452933     0.00368865     0.00507132     0.00543262     0.00474236     0.00571426     0.00463111
685    0.00455982     0.00404226     0.00530483     0.00571928     0.00493254     0.0059448     0.00486697
695    0.00464506     0.00447318     0.00562522     0.0061022     0.00520286     0.00629452     0.00516802
705    0.00479474     0.00458555     0.00585737     0.00639717     0.00538681     0.00654056     0.00539145
715    0.00497145     0.00496803     0.00620404     0.00684997     0.00565245     0.00686724     0.00575218
725    0.00507817     0.00524225     0.00649138     0.007233     0.00586963     0.00714514     0.00604666
735    0.00502204     0.00559277     0.00668614     0.00752523     0.00599536     0.00730297     0.00626723
745    0.0050754     0.00564844     0.00693498     0.00788264     0.00616854     0.00752618     0.00653412
755    0.00504144     0.00602988     0.00701156     0.00804448     0.00619001     0.00756905     0.00663418
765    0.00492225     0.00628967     0.00713744     0.00827704     0.00624616     0.00763617     0.00680027
775    0.00468941     0.00637421     0.00718609     0.00841901     0.0062358     0.00761081     0.00689946
785    0.00458685     0.00665153     0.0071241     0.00840686     0.00614362     0.00746711     0.00689311
795    0.00427154     0.0065907     0.00690435     0.00818901     0.00592661     0.00716353     0.00673012
805    0.0039798     0.00663503     0.0069365     0.00825388     0.00593366     0.00682003     0.00711005
815    0.00369567     0.00631648     0.00633862     0.00754633     0.00541468     0.00628476     0.00641905
825    0.00348778     0.0061072     0.0060827     0.00721296     0.00520678     0.006065     0.00609982
835    0.0032286     0.00584328     0.00564341     0.00664744     0.00485186     0.0055655     0.00569534
845    0.00295973     0.00543813     0.00516284     0.00603356     0.00446324     0.00501921     0.00525839
855    0.00274837     0.00509999     0.00454702     0.00526558     0.00395716     0.00434829     0.00467903
865    0.00237485     0.00463504     0.00425985     0.00487969     0.00373896     0.00401339     0.00442298
875    0.00221338     0.00412989     0.00366038     0.00414471     0.00324287     0.00338859     0.00383982
885    0.00205331     0.00373092     0.00322906     0.00360051     0.00289897     0.0029375     0.00342121
895    0.00186135     0.00332989     0.00290856     0.00320548     0.00263828     0.00260024     0.003111
905    0.00165969     0.00305669     0.0024669     0.00268751     0.00226108     0.0021711     0.00266061
915    0.00147674     0.00283607     0.00224296     0.00241669     0.00207652     0.0019294     0.0024479
925    0.00138596     0.00244845     0.00196941     0.0020991     0.00184169     0.00165173     0.00217626
935    0.00125014     0.00231546     0.0016595     0.00174885     0.00156855     0.00134304     0.001865
945    0.00113095     0.0019835     0.00150469     0.0015655     0.0014399     0.00121179     0.00169454
955    0.00103254     0.00177731     0.00135029     0.00139156     0.00130393     0.00105311     0.00154224
965    0.000868999     0.00157835     0.00120664     0.00123135     0.00117655     0.000939591     0.00137837
975    0.000855833     0.00142474     0.000990496     0.00100183     0.000973998     0.000731726     0.00115632
985    0.000771289     0.00125464     0.000821821     0.000823696     0.000815084     0.000582993     0.000974417
995    0.000733175     0.00117835     0.000791283     0.000793745     0.000783809     0.000547505     0.00094664
1005    0.000666649     0.00110103     0.000651252     0.000659615     0.000638331     0.000404735     0.000807873
1015    0.000607052     0.000948451     0.000627417     0.000640704     0.000609793     0.000403413     0.000769271
1025    0.000564087     0.000848451     0.000561541     0.000578289     0.000540849     0.000351082     0.000694367
1035    0.000460833     0.000826802     0.000498084     0.000517567     0.000475049     0.000299755     0.000622789
1045    0.000455982     0.000739173     0.000453852     0.000476666     0.000427671     0.000251599     0.000580539
1055    0.000422719     0.000644328     0.000385355     0.000410054     0.000357719     0.000189876     0.000507319
1065    0.000392228     0.000629895     0.000373893     0.000400188     0.000344878     0.000200016     0.000481943
1075    0.000353421     0.000581442     0.000312812     0.000338534     0.000284767     0.00015292     0.000411737
1085    0.000336096     0.000598967     0.000297371     0.000326035     0.000266404     0.000121451     0.000405745
1095    0.000330552     0.000473195     0.000258171     0.000285714     0.000228678     0.000103521     0.000352998
1105    0.000291052     0.000427834     0.000248801     0.00027768     0.000218103     0.000103249     0.000337656
1115    0.000264719     0.000394844     0.000211462     0.000240335     0.000180945     6.64512e-05     0.000299552
1125    0.000223833     0.000390721     0.000183455     0.000211501     0.000153949     4.52862e-05     0.000266994
1135    0.00022314     0.000340205     0.000173054     0.000200919     0.000143878     4.61487e-05     0.000249417
1145    0.000210667     0.00030103     0.000136574     0.000163981     0.000107996     2.09196e-06     0.000217084
1155    0.000231456     0.000324741     0.000161724     0.000188834     0.000133539     6.11414e-05     0.00022165
1165    0.000178789     0.000282473     0.000111095     0.000136125     8.51838e-05     3.26554e-06     0.000175001
1175    0.000194728     0.000292783     0.000137283     0.000166779     0.000106803     2.62548e-05     0.000202776
1185    0.000182254     0.00024536     0.000106008     0.000133547     7.76146e-05     -4.50341e-06     0.000170854
1195    0.000144833     0.000203092     0.000100388     0.000127855     7.2126e-05     -5.69909e-06     0.000162307
1205    0.000140675     0.000226804     9.03018e-05     0.000114207     6.5748e-05     6.85824e-06     0.000138744
1215    0.000137903     0.000187628     6.62189e-05     9.12567e-05     4.05555e-05     -3.61341e-05     0.000125354
1225    0.000119193     0.000177319     8.66158e-05     0.000112229     6.04177e-05     4.37845e-06     0.000133872
1235    0.000109491     0.000187628     6.4182e-05     8.65575e-05     4.13198e-05     -1.15813e-05     0.00010748
1245    0.000103947     0.000183505     5.68872e-05     7.99002e-05     3.33994e-05     -2.40621e-05     0.000102905
1255    0.000100482     0.000162886     4.29617e-05     6.67822e-05     1.86824e-05     -4.93872e-05     9.5176e-05
1265    0.000102561     0.000135051     5.93094e-05     8.16542e-05     3.65631e-05     -7.65916e-06     9.69617e-05
1275    8.45438e-05     0.000138144     4.63885e-05     7.11005e-05     2.12569e-05     -3.88167e-05     9.40336e-05
1285    8.03859e-05     0.000124742     4.35751e-05     6.61202e-05     2.06696e-05     -2.90387e-05     8.39602e-05
1295    7.6228e-05     0.000129897     2.81353e-05     4.6715e-05     9.27284e-06     -3.60418e-05     6.36295e-05
1305    7.41491e-05     0.000101031     2.73975e-05     4.99604e-05     4.50995e-06     -5.34459e-05     7.18303e-05
1315    7.4842e-05     8.86596e-05     3.78498e-05     5.71868e-05     1.82495e-05     -1.61944e-05     6.73803e-05
1325    6.86052e-05     0.000112371     4.66843e-05     6.73672e-05     2.57337e-05     -3.11603e-06     7.37409e-05
1335    6.92982e-05     8.14431e-05     4.03737e-05     6.07977e-05     1.97033e-05     -1.0746e-05     6.79908e-05
1345    5.75175e-05     8.65977e-05     4.21328e-05     6.22824e-05     2.17501e-05     -4.15631e-06     6.69938e-05
1355    6.58333e-05     7.73194e-05     3.51569e-05     5.44529e-05     1.56476e-05     -1.18241e-05     6.02293e-05
1365    4.92017e-05     8.45359e-05     1.59491e-05     3.15177e-05     2.16205e-07     -3.21432e-05     4.14817e-05
1375    4.36579e-05     8.2474e-05     3.19598e-05     4.80382e-05     1.57212e-05     -1.37661e-06     4.95451e-05
1385    4.64298e-05     6.70101e-05     2.13809e-05     3.79796e-05     4.62428e-06     -2.26301e-05     4.44594e-05
1395    4.29649e-05     7.83503e-05     3.00427e-05     4.86024e-05     1.13158e-05     -1.14306e-05     5.16472e-05
1405    4.50438e-05     5.05153e-05     1.57792e-05     3.09026e-05     5.24283e-07     -2.53988e-05     3.70836e-05
1415    3.6728e-05     0     6.29229e-06     1.94121e-05     -6.93677e-06     -3.59347e-05     2.8006e-05
1425    2.97982e-05     0     1.8409e-05     3.36281e-05     3.06898e-06     -1.83118e-05     3.71626e-05
1435    3.46491e-05     0     2.62263e-05     4.28443e-05     9.48122e-06     -6.36133e-06     4.27762e-05
1445    2.77193e-05     0     2.8103e-05     4.38441e-05     1.22492e-05     2.08508e-06     4.12238e-05
1455    2.42544e-05     0     1.87203e-05     3.21842e-05     5.16379e-06     -8.10429e-06     3.21578e-05
1465    2.84123e-05     0     1.16735e-05     1.75912e-05     5.71535e-06     -2.45235e-05     2.96903e-05
1475    3.18772e-05     0     1.17653e-05     1.17653e-05     1.17653e-05     -1.88098e-05     2.68816e-05
1485    2.42544e-05     0     1.13406e-05     1.13406e-05     1.13406e-05     -1.93395e-05     2.64051e-05
1495    2.56403e-05     0     1.65491e-05     1.65491e-05     1.65491e-05     -2.48355e-07     2.47461e-05
1505    2.70263e-05     0     1.40429e-05     1.40429e-05     1.40429e-05     -1.04505e-05     2.59145e-05
1515    2.49474e-05     0     -6.67519e-06     -6.67519e-06     -6.67519e-06     -4.73596e-05     1.28949e-05
1525    2.07895e-05     0     1.10692e-05     1.10692e-05     1.10692e-05     -1.11697e-05     2.16884e-05
1535    2.14824e-05     0     1.30485e-05     1.30485e-05     1.30485e-05     -4.71019e-06     2.14735e-05
1545    1.10877e-05     0     6.37451e-07     6.37451e-07     6.37451e-07     -2.88473e-05     1.45235e-05
1555    1.73245e-05     0     1.02589e-06     1.02589e-06     1.02589e-06     -3.66049e-05     1.86337e-05
1565    2.07895e-05     0     -6.83267e-06     -6.83267e-06     -6.83267e-06     -3.61118e-05     6.76551e-06
1575    1.73245e-05     0     8.73813e-06     8.73813e-06     8.73813e-06     -1.27166e-05     1.8632e-05
1585    1.73245e-05     0     4.34401e-06     4.34401e-06     4.34401e-06     -2.37641e-05     1.72062e-05
1595    2.49474e-05     0     7.06234e-06     7.06234e-06     7.06234e-06     -1.39147e-06     1.09071e-05
1605    1.24737e-05     0     6.56093e-06     6.56093e-06     6.56093e-06     -1.31992e-05     1.54849e-05
1615    1.10877e-05     0     -5.36706e-06     -5.36706e-06     -5.36706e-06     -3.46142e-05     7.74375e-06
1625    1.59386e-05     0     9.85076e-06     9.85076e-06     9.85076e-06     -2.50489e-06     1.53443e-05
1635    1.38596e-05     0     6.32859e-06     6.32859e-06     6.32859e-06     -1.71234e-06     9.8796e-06
1645    9.70175e-06     0     7.02364e-06     7.02364e-06     7.02364e-06     -2.03122e-06     1.09938e-05
1655    7.6228e-06     0     -1.07222e-06     -1.07222e-06     -1.07222e-06     -2.50493e-05     9.35932e-06
1665    9.00877e-06     0     6.68132e-06     6.68132e-06     6.68132e-06     -2.12724e-06     1.04866e-05
1675    1.24737e-05     0     7.37167e-06     7.37167e-06     7.37167e-06     -2.49936e-06     1.16055e-05
1685    1.03947e-05     0     5.26168e-06     5.26168e-06     5.26168e-06     -1.8903e-06     8.30438e-06
1695    9.70175e-06     0     2.96609e-06     2.96609e-06     2.96609e-06     -1.44826e-05     1.03312e-05
1705    1.03947e-05     0     -1.26058e-06     -1.26058e-06     -1.26058e-06     -1.30485e-05     3.68664e-06
1715    9.00877e-06     0     4.91217e-06     4.91217e-06     4.91217e-06     -2.00836e-06     7.79235e-06
1725    1.03947e-05     0     2.63694e-06     2.63694e-06     2.63694e-06     -5.71713e-06     6.08556e-06
1735    1.10877e-05     0     7.37847e-06     7.37847e-06     7.37847e-06     -3.25772e-06     1.17356e-05
1745    5.54386e-06     0     4.92427e-06     4.92427e-06     4.92427e-06     -2.25877e-06     7.84131e-06
1755    2.07895e-06     0     4.22535e-06     4.22535e-06     4.22535e-06     -1.98682e-06     6.73246e-06
1765    6.92982e-06     0     6.33251e-06     6.33251e-06     6.33251e-06     -3.1246e-06     1.01163e-05
1775    7.6228e-06     0     1.24508e-06     1.24508e-06     1.24508e-06     -1.52768e-05     7.8119e-06
1785    3.46491e-06     0     5.99738e-06     5.99738e-06     5.99738e-06     -3.1207e-06     9.59197e-06
1795    5.54386e-06     0     2.24285e-07     2.24285e-07     2.24285e-07     -1.5024e-05     6.19066e-06
1805    3.46491e-06     0     5.71412e-07     5.71412e-07     5.71412e-07     -1.54223e-05     6.78112e-06
1815    3.46491e-06     0     7.06712e-06     7.06712e-06     7.06712e-06     -4.07372e-06     1.13498e-05
1825    5.54386e-06     0     6.7279e-06     6.7279e-06     6.7279e-06     -3.95156e-06     1.08038e-05
1835    4.85087e-06     0     3.54756e-06     3.54756e-06     3.54756e-06     -2.12726e-06     5.69738e-06
1845    4.85087e-06     0     -6.18741e-06     -6.18741e-06     -6.18741e-06     -2.75707e-05     1.84768e-06
1855    2.07895e-06     0     1.77956e-06     1.77956e-06     1.77956e-06     -1.12525e-06     2.86094e-06
1865    6.23684e-06     0     1.0187e-06     1.0187e-06     1.0187e-06     -1.66863e-05     7.55816e-06
1875    7.6228e-06     0     2.49908e-06     2.49908e-06     2.49908e-06     -1.64096e-06     4.01911e-06
1885    4.85087e-06     0     -7.45935e-07     -7.45935e-07     -7.45935e-07     -1.57866e-05     4.73598e-06
1895    6.92982e-07     0     -2.3454e-07     -2.3454e-07     -2.3454e-07     -1.07791e-05     3.56913e-06
1905    3.46491e-06     0     1.43578e-06     1.43578e-06     1.43578e-06     -1.0059e-06     2.31032e-06
1915    1.38596e-06     0     2.15824e-06     2.15824e-06     2.15824e-06     -1.53598e-06     3.47181e-06
1925    2.07895e-06     0     2.16527e-06     2.16527e-06     2.16527e-06     -1.56339e-06     3.47974e-06
1935    4.15789e-06     0     3.61241e-07     3.61241e-07     3.61241e-07     -2.65033e-07     5.80716e-07
1945    4.15789e-06     0     -2.77618e-06     -2.77618e-06     -2.77618e-06     -1.49183e-05     1.42947e-06
1955    4.85087e-06     0     1.08755e-06     1.08755e-06     1.08755e-06     -8.28354e-07     1.74843e-06
1965    2.77193e-06     0     0     0     0     0     0
1975    3.46491e-06     0     0     0     0     0     0
1985    2.77193e-06     0     -4.54774e-06     -4.54774e-06     -4.54774e-06     -1.38595e-05     -1.42299e-06
1995    3.46491e-06     0     0     0     0     0     0
2005    2.07895e-06     0     0     0     0     0     0
2015    2.07895e-06     0     0     0     0     0     0
2025    6.92982e-07     0     0     0     0     0     0
2035    2.07895e-06     0     0     0     0     0     0
2045    1.38596e-06     0     0     0     0     0     0
2055    2.07895e-06     0     0     0     0     0     0
2065    2.77193e-06     0     0     0     0     0     0
2075    2.07895e-06     0     0     0     0     0     0
2085    0     0     0     0     0     0     0
2095    2.07895e-06     0     0     0     0     0     0
2105    2.07895e-06     0     0     0     0     0     0
2115    0     0     0     0     0     0     0
2125    2.07895e-06     0     0     0     0     0     0
2135    0     0     0     0     0     0     0
2145    0     0     0     0     0     0     0
2155    6.92982e-07     0     0     0     0     0     0
2165    0     0     0     0     0     0     0
2175    6.92982e-07     0     0     0     0     0     0
2185    1.38596e-06     0     0     0     0     0     0
2195    3.46491e-06     0     0     0     0     0     0
2205    0     0     0     0     0     0     0
2215    6.92982e-07     0     0     0     0     0     0
2225    0     0     0     0     0     0     0
2235    6.92982e-07     0     0     0     0     0     0
2245    6.92982e-07     0     0     0     0     0     0
2255    0     0     0     0     0     0     0
2265    6.92982e-07     0     0     0     0     0     0
2275    1.38596e-06     0     0     0     0     0     0
2285    0     0     0     0     0     0     0
2295    0     0     0     0     0     0     0
2305    1.38596e-06     0     0     0     0     0     0
2315    6.92982e-07     0     0     0     0     0     0
2325    6.92982e-07     0     0     0     0     0     0
2335    6.92982e-07     0     0     0     0     0     0
2345    6.92982e-07     0     0     0     0     0     0
2355    6.92982e-07     0     0     0     0     0     0
2365    1.38596e-06     0     0     0     0     0     0
2375    0     0     0     0     0     0     0
2385    0     0     0     0     0     0     0
2395    0     0     0     0     0     0     0
