5    2.21583e-06     0     0     0     0     0     0
15    1.46245e-05     0     0     0     0     0     0
25    4.21008e-05     0     0     0     0     0     0
35    6.95771e-05     0     0     0     0     0     0
45    0.000102815     0     0     0     0     0     0
55    0.000118325     0     0     0     0     0     0
65    0.000144472     0     0     0     0     0     0
75    0.000180369     0     0     0     0     0     0
85    0.00019455     0     0     0     0     0     0
95    0.000229117     0     0     0     0     0     0
105    0.00025615     0     0     0     0     0     0
115    0.000289387     0     0     0     0     0     0
125    0.000314205     0     0     0     0     0     0
135    0.000346556     0     0     0     0     0     0
145    0.000373146     0     0     0     0     0     0
155    0.000383339     0     0     0     0     0     0
165    0.000412144     0     0     0     0     0     0
175    0.000434746     0     0     0     0     0     0
185    0.000475517     0     0     0     0     0     0
195    0.0005123     0     0     0     0     0     0
205    0.000518504     0     0     0     0     0     0
215    0.000539776     0     0.0006288     0.0006288     0.0006288     0.000890245     0.000446731
225    0.000571241     0     0.000633073     0.000633073     0.000633073     0.000897382     0.000448884
235    0.000571241     0     0.000547451     0.000547451     0.000547451     0.000776182     0.000387763
245    0.000586309     0     0.000539066     0.000539066     0.000539066     0.000765093     0.000381253
255    0.000624864     0     0.000473451     0.000473451     0.000473451     0.000671476     0.000334914
265    0.000644363     0     0.000500501     0.000500501     0.000500501     0.000709098     0.000354223
275    0.000668738     0     0.000461697     0.000461697     0.000461697     0.000654931     0.000326185
285    0.000665635     0     0.000422829     0.000422829     0.000422829     0.000599731     0.000298534
295    0.000702418     0     0.000409242     0.000409242     0.000409242     0.000580744     0.000288666
305    0.000719702     0     0.000363948     0.000363948     0.000363948     0.000516819     0.000256454
315    0.000747178     0     0.00039838     0.00039838     0.00039838     0.000565282     0.000280809
325    0.000732997     0     0.000370666     0.000370666     0.000370666     0.000525522     0.000261303
335    0.000822516     0     0.000365873     0.000365873     0.000365873     0.000517252     0.000258558
345    0.000830493     0     0.000386738     0.000386738     0.000386738     0.000542726     0.000275142
355    0.000840686     0     0.000369719     0.000369719     0.000369719     0.000517866     0.000263472
365    0.000840686     0     0.000371243     0.000371243     0.000371243     0.000522385     0.000263217
375    0.000870821     0     0.000429967     0.000429967     0.000429967     0.000607025     0.0003037
385    0.000903616     0     0.000431297     0.000431297     0.000431297     0.000611523     0.00030319
395    0.000912479     0     0.000434025     0.000434025     0.000434025     0.000617437     0.00030399
405    0.000931978     0     0.000433615     0.000433615     0.000433615     0.000618838     0.000302595
415    0.000986488     0.000397663     0.000852094     0.000870976     0.000832528     0.00104815     0.000713693
425    0.0010051     0.00043994     0.000920844     0.000942321     0.000898646     0.00113046     0.000773208
435    0.00100687     0.000492785     0.000950386     0.000974767     0.000925218     0.00115146     0.000809
445    0.00105208     0.000506657     0.000990111     0.00101577     0.000963685     0.00120473     0.000839575
455    0.00102859     0.000545631     0.00100151     0.00102973     0.000972519     0.00120599     0.00085843
465    0.0010924     0.000599798     0.00105302     0.0010846     0.00102063     0.00125667     0.000910494
475    0.00107335     0.000628202     0.001091     0.00112504     0.00105619     0.00129925     0.000945198
485    0.0011478     0.000640092     0.00117023     0.0012053     0.00113439     0.00141075     0.00100215
495    0.00111766     0.000650001     0.00114657     0.00118357     0.00110892     0.00137337     0.000988303
505    0.00114869     0.000766922     0.00125526     0.00129903     0.00121072     0.00147938     0.00109902
515    0.00120142     0.000749747     0.00127161     0.0013166     0.00122609     0.00151331     0.00110345
525    0.00125903     0.000770225     0.00127438     0.0013206     0.00122762     0.00150964     0.001111
535    0.00126745     0.000788721     0.00133047     0.00138022     0.00128044     0.00158386     0.00115452
545    0.00132728     0.000819107     0.00136676     0.00141876     0.00131451     0.0016233     0.00118858
555    0.00129848     0.000902339     0.00146003     0.0015199     0.00140021     0.00172241     0.00127793
565    0.0013942     0.000904981     0.00151685     0.0015778     0.00145604     0.00180669     0.00131603
575    0.00136008     0.000930743     0.00152998     0.001595     0.00146545     0.00181522     0.00133254
585    0.00145536     0.000920174     0.00150228     0.0015683     0.00143698     0.00178045     0.00130986
595    0.00150012     0.00101199     0.00163106     0.00170574     0.0015575     0.00192842     0.00142554
605    0.00154443     0.0010219     0.0016285     0.00170691     0.00155171     0.00192176     0.00142617
615    0.00156659     0.00107343     0.00169292     0.00177682     0.00161098     0.001994     0.00148543
625    0.00157235     0.00112627     0.00179152     0.0018843     0.00170161     0.00211609     0.001568
635    0.00166409     0.00111174     0.00181642     0.00190862     0.00172718     0.00216194     0.00157875
645    0.00168846     0.00125178     0.00185115     0.00196241     0.00174469     0.00214666     0.00164814
655    0.00168447     0.00123791     0.00187967     0.00198971     0.00177439     0.00219745     0.00166155
665    0.00181521     0.00126697     0.00193329     0.00205464     0.00181872     0.00226484     0.001706
675    0.001809     0.00132642     0.0019183     0.00204609     0.00179776     0.00221444     0.00171553
685    0.00181742     0.00130727     0.00193741     0.00207177     0.00181223     0.00225378     0.00172096
695    0.00187282     0.0013938     0.00208351     0.00222969     0.00194783     0.00243197     0.00184549
705    0.00193841     0.00143872     0.00207055     0.00222999     0.00192421     0.00239171     0.00185152
715    0.00197652     0.00148034     0.00225526     0.00242514     0.0021004     0.00265099     0.00198565
725    0.00200001     0.00157084     0.00229868     0.0024871     0.00212861     0.00267247     0.0020444
735    0.00202261     0.00159396     0.00232646     0.00252758     0.00214691     0.0027049     0.00206945
745    0.00205319     0.00168445     0.00238699     0.00260572     0.00219313     0.00275204     0.00213946
755    0.00211257     0.00173334     0.00249758     0.00273931     0.00228705     0.00289704     0.00222718
765    0.00212808     0.00175117     0.00249788     0.00274545     0.00228305     0.00289031     0.00223259
775    0.00210105     0.00182317     0.00265016     0.00293213     0.00241104     0.00308741     0.00235508
785    0.00211257     0.00196189     0.00274788     0.00305131     0.00249057     0.00316628     0.00246612
795    0.00217683     0.00200879     0.00286305     0.00320762     0.00257942     0.00332084     0.00255535
805    0.00220165     0.00203059     0.00279731     0.00314679     0.00250991     0.00321064     0.00251996
815    0.00212498     0.00218649     0.00302843     0.00343848     0.00269995     0.00348539     0.00272245
825    0.00218038     0.00217724     0.00289738     0.00331443     0.00256537     0.00328964     0.00263496
835    0.00212808     0.00234767     0.00317034     0.00365163     0.00279588     0.00362299     0.00286852
845    0.00207934     0.00235427     0.0030531     0.00355368     0.00266823     0.00344043     0.00279544
855    0.00199336     0.00251545     0.00330465     0.00386548     0.00288092     0.00374421     0.00301265
865    0.00200311     0.00256235     0.00324916     0.00384976     0.00280342     0.00363585     0.00299322
875    0.00192245     0.00262973     0.00332988     0.0039635     0.00286474     0.00372703     0.00306766
885    0.00192822     0.00254782     0.00314683     0.00379598     0.00268048     0.00348852     0.00292164
895    0.001809     0.00269182     0.00327678     0.00396981     0.00278117     0.00361393     0.00305537
905    0.00171461     0.0027592     0.00324448     0.00399297     0.00272113     0.00352649     0.00305981
915    0.00168137     0.00279685     0.00326006     0.00401894     0.00272951     0.00353074     0.00308312
925    0.00159008     0.00279157     0.00319978     0.00398214     0.00266169     0.00344087     0.00304279
935    0.00155019     0.00278694     0.00310359     0.00388465     0.0025664     0.0032921     0.00298118
945    0.00146378     0.00287282     0.00315916     0.00396089     0.00260906     0.00333063     0.00304803
955    0.00138622     0.00281535     0.00300992     0.00379501     0.00247147     0.00293397     0.00312749
965    0.00133748     0.00274203     0.00288018     0.00361951     0.00236868     0.00282585     0.00296466
975    0.00127011     0.00266408     0.00273633     0.00344412     0.00224474     0.00270775     0.00278092
985    0.00117306     0.00255376     0.0025699     0.00321642     0.00211439     0.00256348     0.00257992
995    0.0011088     0.00246855     0.0024334     0.00302939     0.00200735     0.00241135     0.00244746
1005    0.00103657     0.00247119     0.00238902     0.00295709     0.00197718     0.00233704     0.00242203
1015    0.000955466     0.00231926     0.00219834     0.00268336     0.00183654     0.00212122     0.00224717
1025    0.000923558     0.00225453     0.00208925     0.0025437     0.00174698     0.00198289     0.00215637
1035    0.000857083     0.00208674     0.00188591     0.00224531     0.001603     0.00175546     0.00196793
1045    0.000819414     0.00195727     0.00175014     0.00208374     0.00148689     0.00161429     0.00183524
1055    0.000748951     0.00186281     0.00159165     0.00184128     0.00138186     0.00141199     0.00170374
1065    0.000686021     0.0018344     0.00154324     0.00178906     0.00133665     0.00134837     0.00166433
1075    0.000640818     0.00166926     0.00140154     0.00157037     0.00124985     0.00122036     0.00151363
1085    0.000588968     0.00156885     0.00127664     0.00142881     0.00113838     0.00107676     0.00139976
1095    0.000541992     0.00142947     0.0011401     0.00124344     0.00103952     0.000940041     0.00126278
1105    0.000531799     0.00137134     0.00109519     0.00118058     0.00100861     0.000902084     0.00121305
1115    0.000505652     0.00123527     0.00098596     0.00103982     0.000925941     0.000809661     0.00109306
1125    0.000462222     0.00118704     0.00090122     0.000937221     0.00085582     0.000696764     0.00102483
1135    0.000423667     0.00106682     0.000802945     0.000822376     0.000772925     0.000611979     0.000917843
1145    0.000388213     0.000994158     0.000718033     0.000719108     0.000704263     0.000515923     0.000839038
1155    0.000409485     0.00093867     0.000694842     0.000697783     0.000679218     0.000514346     0.00080238
1165    0.000360737     0.000931404     0.000633477     0.000642661     0.000609437     0.000410317     0.000765759
1175    0.000330159     0.000786078     0.000531927     0.000541332     0.000509847     0.000339406     0.000645492
1185    0.0003275     0.000792023     0.000559566     0.000585566     0.000519409     0.000381321     0.000664144
1195    0.000298251     0.000706149     0.000489625     0.000512806     0.000453822     0.000321635     0.000587677
1205    0.000281854     0.000682369     0.000444336     0.000480828     0.000394975     0.000257537     0.000552811
1215    0.000240196     0.000583283     0.000381142     0.000413265     0.000337975     0.000220701     0.000473835
1225    0.000216708     0.0006031     0.000401154     0.000443959     0.000346726     0.000238874     0.000494385
1235    0.000225572     0.000545631     0.000374231     0.00041607     0.000321812     0.000234907     0.000453854
1245    0.000221583     0.000511281     0.000301158     0.000347294     0.000245112     0.000128274     0.000399413
1255    0.000208288     0.000434655     0.000234882     0.000277369     0.000183972     6.86276e-05     0.000328874
1265    0.000193664     0.000430031     0.000277832     0.000323735     0.000223644     0.000149675     0.00034989
1275    0.000186573     0.000402287     0.000259277     0.000306897     0.000203968     0.000137442     0.000327409
1285    0.000151563     0.00038247     0.000253821     0.000301046     0.000199324     0.000142937     0.000315487
1295    0.000157324     0.000340194     0.000191266     0.000238415     0.000137748     6.13505e-05     0.000263111
1305    0.000157767     0.000319055     0.0001916     0.000236623     0.000140626     7.90286e-05     0.00025348
1315    0.000156438     0.00031311     0.000158205     0.000207846     0.000102873     1.97483e-05     0.00023388
1325    0.000122757     0.000323019     0.000207427     0.000258639     0.000150344     0.000102903     0.000264235
1335    0.000128961     0.000279421     0.000174764     0.000224454     0.000120161     7.89342e-05     0.000226527
1345    0.000117882     0.000251017     0.000141236     0.000185992     9.20699e-05     3.94534e-05     0.000195882
1355    0.000118325     0.000234502     0.000115159     0.000160753     6.55694e-05     3.20571e-06     0.000174915
1365    0.000109019     0.000247053     0.000139583     0.000188476     8.65077e-05     3.75874e-05     0.00019371
1375    0.000101485     0.00021997     6.27614e-05     0.000109129     1.27541e-05     -8.83177e-05     0.000142436
1385    0.000101042     0.000186941     0.000100222     0.000140864     5.65224e-05     1.57809e-05     0.000144458
1395    8.15426e-05     0.000180336     8.02082e-05     0.000121115     3.64038e-05     -1.8429e-05     0.000131577
1405    8.59742e-05     0.000178354     0.000108503     0.000150756     6.34374e-05     3.88279e-05     0.000144558
1415    6.91339e-05     0.000161179     9.40278e-05     0.000133422     5.21375e-05     2.6204e-05     0.0001289
1425    8.33152e-05     0.00017373     6.66374e-05     0.000111216     1.94474e-05     -4.27271e-05     0.000122549
1435    7.31224e-05     0.000141362     6.55482e-05     0.000102185     2.67964e-05     -1.2876e-05     0.000105375
1445    7.53382e-05     0.000120884     6.84025e-05     0.000101801     3.32547e-05     1.33822e-05     9.61489e-05
1455    7.09066e-05     0.000126169     7.11973e-05     0.000106056     3.4513e-05     1.28736e-05     0.000100424
1465    5.53958e-05     0.000141362     6.73808e-05     0.000109257     2.35472e-05     -1.21505e-05     0.000106957
1475    6.24864e-05     0.0001156     5.18351e-05     8.60793e-05     1.59898e-05     -1.75973e-05     8.61506e-05
1485    6.02706e-05     9.84249e-05     2.17514e-05     5.9795e-05     -1.78566e-05     -6.27034e-05     6.3235e-05
1495    6.20432e-05     0     -3.66648e-06     -3.66648e-06     -3.66648e-06     -7.77002e-06     -1.66817e-06
1505    4.83051e-05     0     -3.66753e-06     -3.66753e-06     -3.66753e-06     -7.79817e-06     -1.6629e-06
1515    5.53958e-05     0     -2.90421e-05     -2.90421e-05     -2.90421e-05     -6.22839e-05     -1.30512e-05
1525    4.52029e-05     0     -3.70285e-06     -3.70285e-06     -3.70285e-06     -7.9799e-06     -1.65572e-06
1535    4.87483e-05     0     -3.67901e-05     -3.67901e-05     -3.67901e-05     -7.9825e-05     -1.63352e-05
1545    3.76691e-05     0     -1.6638e-05     -1.6638e-05     -1.6638e-05     -3.64724e-05     -7.30923e-06
1555    3.98849e-05     0     -2.95472e-05     -2.95472e-05     -2.95472e-05     -6.49937e-05     -1.29343e-05
1565    4.43166e-05     0     -3.72786e-05     -3.72786e-05     -3.72786e-05     -8.27271e-05     -1.61703e-05
1575    3.27943e-05     0     -1.67783e-05     -1.67783e-05     -1.67783e-05     -3.74206e-05     -7.24014e-06
1585    3.32375e-05     0     0     0     0     0     0
1595    3.50101e-05     0     -3.82447e-06     -3.82447e-06     -3.82447e-06     -8.68043e-06     -1.62082e-06
1605    3.1908e-05     0     -1.69474e-05     -1.69474e-05     -1.69474e-05     -3.86008e-05     -7.15625e-06
1615    3.14648e-05     0     -3.84221e-06     -3.84221e-06     -3.84221e-06     -8.84433e-06     -1.60473e-06
1625    2.74763e-05     0     -1.70682e-05     -1.70682e-05     -1.70682e-05     -3.94302e-05     -7.10285e-06
1635    2.52605e-05     0     0     0     0     0     0
1645    2.88058e-05     0     -3.43052e-05     -3.43052e-05     -3.43052e-05     -8.05304e-05     -1.40411e-05
1655    2.17151e-05     0     -1.71929e-05     -1.71929e-05     -1.71929e-05     -4.07239e-05     -6.97195e-06
1665    2.17151e-05     0     0     0     0     0     0
1675    2.08288e-05     0     0     0     0     0     0
1685    2.17151e-05     0     0     0     0     0     0
1695    1.99425e-05     0     0     0     0     0     0
1705    2.03856e-05     0     -5.1983e-05     -5.1983e-05     -5.1983e-05     -0.000127403     -2.0351e-05
1715    1.24086e-05     0     0     0     0     0     0
1725    1.90561e-05     0     0     0     0     0     0
1735    1.55108e-05     0     0     0     0     0     0
1745    2.03856e-05     0     0     0     0     0     0
1755    1.46245e-05     0     -1.73362e-05     -1.73362e-05     -1.73362e-05     -4.40569e-05     -6.53828e-06
1765    1.5954e-05     0     -3.92748e-06     -3.92748e-06     -3.92748e-06     -1.00954e-05     -1.46395e-06
1775    1.10792e-05     0     0     0     0     0     0
1785    1.46245e-05     0     -1.73901e-05     -1.73901e-05     -1.73901e-05     -4.53872e-05     -6.38095e-06
1795    1.01928e-05     0     0     0     0     0     0
1805    1.24086e-05     0     -1.73632e-05     -1.73632e-05     -1.73632e-05     -4.60241e-05     -6.27102e-06
1815    1.24086e-05     0     0     0     0     0     0
1825    1.01928e-05     0     -1.73765e-05     -1.73765e-05     -1.73765e-05     -4.65958e-05     -6.2017e-06
1835    1.24086e-05     0     0     0     0     0     0
1845    9.74965e-06     0     -1.72816e-05     -1.72816e-05     -1.72816e-05     -4.72488e-05     -6.04566e-06
1855    8.42015e-06     0     0     0     0     0     0
1865    9.30649e-06     0     0     0     0     0     0
1875    7.09066e-06     0     0     0     0     0     0
1885    4.87483e-06     0     -1.72783e-05     -1.72783e-05     -1.72783e-05     -4.87327e-05     -5.85428e-06
1895    8.86332e-06     0     -3.88425e-06     -3.88425e-06     -3.88425e-06     -1.1041e-05     -1.30558e-06
1905    7.97699e-06     0     0     0     0     0     0
1915    8.42015e-06     0     0     0     0     0     0
1925    6.20432e-06     0     0     0     0     0     0
1935    7.09066e-06     0     -3.86118e-06     -3.86118e-06     -3.86118e-06     -1.13217e-05     -1.25701e-06
1945    7.97699e-06     0     0     0     0     0     0
1955    6.64749e-06     0     0     0     0     0     0
1965    6.64749e-06     0     0     0     0     0     0
1975    4.87483e-06     0     -1.69957e-05     -1.69957e-05     -1.69957e-05     -5.13989e-05     -5.36007e-06
1985    3.54533e-06     0     0     0     0     0     0
1995    7.53382e-06     0     0     0     0     0     0
2005    7.53382e-06     0     0     0     0     0     0
2015    3.98849e-06     0     0     0     0     0     0
2025    6.64749e-06     0     0     0     0     0     0
2035    4.43166e-06     0     0     0     0     0     0
2045    7.97699e-06     0     0     0     0     0     0
2055    3.54533e-06     0     0     0     0     0     0
2065    4.87483e-06     0     0     0     0     0     0
2075    6.20432e-06     0     0     0     0     0     0
2085    3.10216e-06     0     0     0     0     0     0
2095    3.54533e-06     0     0     0     0     0     0
2105    3.54533e-06     0     0     0     0     0     0
2115    3.10216e-06     0     0     0     0     0     0
2125    2.659e-06     0     0     0     0     0     0
2135    3.54533e-06     0     0     0     0     0     0
2145    3.10216e-06     0     0     0     0     0     0
2155    3.10216e-06     0     0     0     0     0     0
2165    1.77266e-06     0     0     0     0     0     0
2175    3.10216e-06     0     0     0     0     0     0
2185    2.21583e-06     0     0     0     0     0     0
2195    1.77266e-06     0     0     0     0     0     0
2205    2.659e-06     0     0     0     0     0     0
2215    1.77266e-06     0     0     0     0     0     0
2225    2.21583e-06     0     0     0     0     0     0
2235    2.659e-06     0     0     0     0     0     0
2245    1.77266e-06     0     0     0     0     0     0
2255    2.659e-06     0     0     0     0     0     0
2265    4.43166e-07     0     0     0     0     0     0
2275    2.21583e-06     0     0     0     0     0     0
2285    2.21583e-06     0     0     0     0     0     0
2295    4.43166e-07     0     0     0     0     0     0
2305    1.77266e-06     0     0     0     0     0     0
2315    1.3295e-06     0     0     0     0     0     0
2325    3.98849e-06     0     0     0     0     0     0
2335    1.77266e-06     0     0     0     0     0     0
2345    8.86332e-07     0     0     0     0     0     0
2355    1.77266e-06     0     0     0     0     0     0
2365    1.3295e-06     0     0     0     0     0     0
2375    1.3295e-06     0     0     0     0     0     0
2385    1.77266e-06     0     0     0     0     0     0
2395    0     0     0     0     0     0     0
