5    0     0     0     0     0     0     0
15    0     0     0     0     0     0     0
25    8.03576e-05     0     0     0     0     0     0
35    0.000215697     0     0     0     0     0     0
45    0.000306628     0     0     0     0     0     0
55    0.000441967     0     0     0     0     0     0
65    0.000486375     0     0     0     0     0     0
75    0.000543471     0     0     0     0     0     0
85    0.00061537     0     0     0     0     0     0
95    0.000723218     0     0     0     0     0     0
105    0.000826837     0     0     0     0     0     0
115    0.000945259     0     0     0     0     0     0
125    0.0010383     0     0     0     0     0     0
135    0.00104253     0     0     0     0     0     0
145    0.00117999     0     0     0     0     0     0
155    0.00126669     0     2.09685e-06     2.09685e-06     2.09685e-06     2.09685e-06     2.09685e-06
165    0.00129207     0     2.09685e-06     2.09685e-06     2.09685e-06     2.09685e-06     2.09685e-06
175    0.0014845     0     4.19371e-06     4.19371e-06     4.19371e-06     4.19371e-06     4.19371e-06
185    0.00155217     0     1.4678e-05     1.4678e-05     1.4678e-05     1.4678e-05     1.4678e-05
195    0.00149296     0     2.09685e-05     2.09685e-05     2.09685e-05     2.09685e-05     2.09685e-05
205    0.00160504     0     4.19371e-05     4.19371e-05     4.19371e-05     4.19371e-05     4.19371e-05
215    0.00169597     0     0.0010803     0.0010803     0.0010803     0.00150872     0.000781995
225    0.00196453     0     0.00111322     0.00111322     0.00111322     0.00154832     0.000810137
235    0.00199837     0     0.00105467     0.00105467     0.00105467     0.00147391     0.000762409
245    0.00206392     0     0.00109655     0.00109655     0.00109655     0.0015202     0.000800803
255    0.00217177     0     0.00104048     0.00104048     0.00104048     0.00143519     0.000764258
265    0.00222041     0     0.00103577     0.00103577     0.00103577     0.00141678     0.000768629
275    0.00221406     0     0.000987692     0.000987692     0.000987692     0.00135099     0.000732863
285    0.00251012     0     0.00100904     0.00100904     0.00100904     0.00136015     0.000762384
295    0.00255875     0     0.00102539     0.00102539     0.00102539     0.00137082     0.000782605
305    0.00259259     0     0.00105469     0.00105469     0.00105469     0.00138847     0.000819928
315    0.00277022     0     0.00108034     0.00108034     0.00108034     0.00140815     0.000849321
325    0.00316567     0     0.00118736     0.00118736     0.00118736     0.00151872     0.00095337
335    0.00315298     0.000305092     0.00126934     0.00126934     0.00126934     0.0015984     0.00103606
345    0.00326083     0.000688816     0.00142949     0.00142949     0.00142949     0.00175149     0.0011992
355    0.00341943     0.000764303     0.00173069     0.0017366     0.0017245     0.00207387     0.00148455
365    0.00349555     0.00107569     0.00202987     0.00204043     0.00201883     0.00240731     0.00176013
375    0.00385505     0.00132416     0.00238289     0.00239678     0.00236842     0.00279522     0.00208883
385    0.0039629     0.00156949     0.00262893     0.00264539     0.00261178     0.00307377     0.00231271
395    0.00424626     0.00175821     0.00296978     0.00298998     0.00294875     0.00345647     0.00262469
405    0.00463748     0.00228662     0.0033691     0.00339456     0.00334263     0.00387762     0.00300941
415    0.00476436     0.00248163     0.00374417     0.00377566     0.0037115     0.00426755     0.00337472
425    0.00523382     0.0029314     0.0039754     0.00401114     0.00393817     0.00452363     0.00358926
435    0.00540722     0.00349441     0.00447811     0.00452179     0.00443286     0.00507853     0.00405594
445    0.00572019     0.0035007     0.00498761     0.00504163     0.00493174     0.00560263     0.00455624
455    0.00630595     0.0040983     0.00562488     0.0056903     0.00555725     0.00631766     0.00514013
465    0.00669717     0.00452606     0.00619819     0.00627824     0.00611568     0.00691324     0.00569772
475    0.00723007     0.00508592     0.00686792     0.00696456     0.00676879     0.00763822     0.00632859
485    0.00803364     0.00574957     0.00756607     0.0076827     0.00744685     0.00841506     0.00697281
495    0.00866382     0.00665856     0.00833413     0.00847524     0.00819074     0.0092579     0.00768949
505    0.00960696     0.00767763     0.00937242     0.00954903     0.0091935     0.0103694     0.00867744
515    0.0107045     0.00815571     0.0100602     0.0102692     0.00984948     0.0111643     0.00929212
525    0.0119246     0.00915906     0.0115945     0.0118673     0.0113212     0.0127742     0.0107752
535    0.0125823     0.0100712     0.0131381     0.0134881     0.0127904     0.0144735     0.0122108
545    0.0142444     0.0116847     0.0145535     0.0149926     0.0141207     0.0159813     0.0135618
555    0.0159531     0.0132951     0.0162433     0.0168012     0.0156992     0.0178411     0.0151344
565    0.0179536     0.0148174     0.0187394     0.0194883     0.0180182     0.0204846     0.0175303
575    0.0192583     0.0172204     0.0209654     0.0219361     0.0200429     0.0228214     0.0196807
585    0.0217621     0.0197052     0.0235572     0.0248501     0.0223504     0.0255025     0.0222115
595    0.0235109     0.0228347     0.0260554     0.0277229     0.0245272     0.0280657     0.024666
605    0.0257927     0.0257724     0.0293682     0.0316026     0.0273662     0.0314009     0.0279658
615    0.0271482     0.0292731     0.0326084     0.0355089     0.0300663     0.0345377     0.0312788
625    0.0275859     0.0325253     0.0356427     0.0393023     0.0325057     0.0373625     0.0344583
635    0.0276176     0.0350636     0.0369067     0.0411605     0.0333255     0.0382625     0.035974
645    0.0264694     0.0361676     0.0375833     0.0422449     0.0336957     0.038474     0.0369714
655    0.0248918     0.0364161     0.0355309     0.0400514     0.0317587     0.0352866     0.0358867
665    0.0223394     0.0340351     0.0333518     0.0374922     0.029862     0.033203     0.0334537
675    0.0202522     0.0313238     0.0294707     0.0328542     0.0265601     0.0289081     0.029856
685    0.017298     0.0272193     0.0247986     0.0273383     0.0225589     0.0239516     0.0253781
695    0.0148598     0.0233065     0.0209648     0.0228331     0.019274     0.0199194     0.0216788
705    0.0127494     0.0197681     0.0172966     0.018589     0.0160953     0.0161538     0.018076
715    0.010844     0.0163303     0.0142659     0.0151709     0.0134062     0.0131123     0.0150519
725    0.00941029     0.0140657     0.0115399     0.0121359     0.0109609     0.0104225     0.0123001
735    0.00776719     0.0117287     0.00944207     0.0098441     0.00904411     0.00839027     0.0101564
745    0.00717509     0.0101309     0.00782767     0.0080966     0.00755644     0.00682531     0.00850732
755    0.00590205     0.00842935     0.00648584     0.00666331     0.00630378     0.00552036     0.0071394
765    0.00519787     0.00751093     0.00549351     0.00561175     0.00536995     0.00458773     0.00610589
775    0.00444081     0.00618362     0.00461237     0.00468346     0.00453592     0.00378269     0.00517228
785    0.00394598     0.00542875     0.00379213     0.0038326     0.00374686     0.0030503     0.00429167
795    0.00346172     0.00462042     0.00309024     0.00310887     0.00306743     0.00240009     0.00355414
805    0.00304724     0.00415177     0.00275424     0.00275978     0.00274572     0.0021107     0.00318611
815    0.00285058     0.00340634     0.00236479     0.00236788     0.0023598     0.00178305     0.00275433
825    0.00245302     0.00280244     0.0018735     0.00188322     0.00186137     0.00132007     0.00224373
835    0.00215697     0.00269236     0.00183643     0.00185236     0.00181822     0.00131696     0.0021828
845    0.00189263     0.00248792     0.00149866     0.00151802     0.00147747     0.0010311     0.00180967
855    0.00171077     0.00206016     0.00134134     0.0013642     0.00131685     0.000864593     0.00165807
865    0.00151199     0.00206645     0.00118881     0.00121356     0.00116268     0.000757889     0.00147404
875    0.00146758     0.00169216     0.000902875     0.00092627     0.00087845     0.000526529     0.00115136
885    0.0011821     0.00155062     0.000868385     0.000894075     0.000841741     0.000498982     0.00111184
895    0.00114615     0.00146256     0.000777811     0.000804182     0.000750619     0.000435659     0.00100248
905    0.00100447     0.00120464     0.000642544     0.000666604     0.000617816     0.000359165     0.000828112
915    0.000875475     0.00118577     0.000648096     0.000675823     0.000619721     0.000339305     0.000849919
925    0.000951603     0.000997054     0.000491583     0.000516439     0.000466215     0.000210977     0.000674299
935    0.000826837     0.000997054     0.000417795     0.000443207     0.000391937     0.000125983     0.000607288
945    0.000771856     0.000902695     0.000433709     0.000459529     0.000407483     0.000184874     0.000594984
955    0.000674581     0.000767448     0.000399794     0.000426756     0.000372448     0.000143336     0.000565444
965    0.000556159     0.000408886     0.000402345     0.000428938     0.000375407     0.000186783     0.000540979
975    0.00051598     0     0.000293127     0.000317038     0.000268939     8.18487e-05     0.00042852
985    0.000505407     0     0.000268828     0.000281396     0.000256116     6.28792e-05     0.00040042
995    0.000454655     0     0.000198705     0.000198705     0.000198705     1.82741e-05     0.000313693
1005    0.000410247     0     0.000170376     0.000170376     0.000170376     -4.0007e-05     0.000304046
1015    0.00038487     0     0.000193119     0.000193119     0.000193119     1.54407e-05     0.000305644
1025    0.00035738     0     0.000184444     0.000184444     0.000184444     1.71175e-05     0.000290049
1035    0.000323545     0     0.000179489     0.000179489     0.000179489     1.68759e-05     0.000281738
1045    0.000298169     0     0.000109127     0.000109127     0.000109127     -3.79663e-05     0.000201266
1055    0.000315086     0     0.000140241     0.000140241     0.000140241     -3.22177e-05     0.000247834
1065    0.000260105     0     0.000138697     0.000138697     0.000138697     -3.78408e-08     0.00022491
1075    0.000241073     0     0.000138001     0.000138001     0.000138001     -2.69667e-06     0.000225054
1085    0.000228385     0     0.000118304     0.000118304     0.000118304     -3.74402e-05     0.000214235
1095    0.000213582     0     7.51112e-05     7.51112e-05     7.51112e-05     -4.40861e-05     0.000148193
1105    0.000205123     0     0.000110582     0.000110582     0.000110582     -1.43165e-05     0.000186844
1115    0.000173403     0     7.10069e-05     7.10069e-05     7.10069e-05     -4.78558e-05     0.000143208
1125    0.000196665     0     3.17837e-05     3.17837e-05     3.17837e-05     -6.84497e-05     9.23902e-05
1135    0.000160715     0     5.83488e-05     5.83488e-05     5.83488e-05     -4.36015e-05     0.000119685
1145    0.000169174     0     2.86994e-05     2.86994e-05     2.86994e-05     -8.38404e-05     9.6073e-05
1155    0.000116307     0     6.2744e-05     6.2744e-05     6.2744e-05     -8.77502e-06     0.000105355
1165    0.000175518     0     3.61211e-05     3.61211e-05     3.61211e-05     -5.62363e-05     9.08562e-05
1175    0.000164944     0     4.57439e-05     4.57439e-05     4.57439e-05     -3.87401e-05     9.55777e-05
1185    0.000141683     0     3.24136e-05     3.24136e-05     3.24136e-05     -6.00307e-05     8.6671e-05
1195    0.00012688     0     4.39556e-05     4.39556e-05     4.39556e-05     -5.21149e-05     0.000100023
1205    0.000114192     0     2.76064e-05     2.76064e-05     2.76064e-05     -3.46761e-05     6.37675e-05
1215    0.000105734     0     8.88373e-06     8.88373e-06     8.88373e-06     -7.89436e-05     5.96209e-05
1225    0.000107848     0     3.54671e-05     3.54671e-05     3.54671e-05     -3.03696e-05     7.32965e-05
1235    9.7275e-05     0     3.06137e-05     3.06137e-05     3.06137e-05     -3.8268e-05     6.99731e-05
1245    7.82429e-05     0     1.75132e-05     1.75132e-05     1.75132e-05     -5.2596e-05     5.73632e-05
1255    8.03576e-05     0     1.90623e-05     1.90623e-05     1.90623e-05     -7.4983e-05     7.22382e-05
1265    8.03576e-05     0     2.16204e-05     2.16204e-05     2.16204e-05     -3.08062e-05     5.10966e-05
1275    8.03576e-05     0     -4.80459e-06     -4.80459e-06     -4.80459e-06     -6.78547e-05     3.04519e-05
1285    5.07522e-05     0     1.9015e-06     1.9015e-06     1.9015e-06     -5.25286e-05     3.21604e-05
1295    6.34402e-05     0     1.04103e-05     1.04103e-05     1.04103e-05     -5.18062e-05     4.48277e-05
1305    5.92108e-05     0     -8.06623e-07     -8.06623e-07     -8.06623e-07     -7.37763e-05     3.92971e-05
1315    6.97842e-05     0     2.13907e-05     2.13907e-05     2.13907e-05     -2.88541e-05     4.88475e-05
1325    7.18989e-05     0     2.80397e-05     2.80397e-05     2.80397e-05     -1.48984e-05     5.13672e-05
1335    5.07522e-05     0     1.60029e-05     1.60029e-05     1.60029e-05     -2.30866e-05     3.71222e-05
1345    2.53761e-05     0     2.16519e-05     2.16519e-05     2.16519e-05     -1.46338e-05     4.11381e-05
1355    6.97842e-05     0     6.55825e-06     6.55825e-06     6.55825e-06     -2.27236e-05     2.21801e-05
1365    2.53761e-05     0     6.48953e-06     6.48953e-06     6.48953e-06     -4.10329e-05     3.17218e-05
1375    3.17201e-05     0     2.28903e-05     2.28903e-05     2.28903e-05     -7.48535e-06     3.89146e-05
1385    3.80641e-05     0     3.02844e-06     3.02844e-06     3.02844e-06     -3.07247e-05     2.07239e-05
1395    3.59494e-05     0     1.66911e-05     1.66911e-05     1.66911e-05     -1.8506e-05     3.50216e-05
1405    3.59494e-05     0     1.2282e-05     1.2282e-05     1.2282e-05     -3.19463e-05     3.51674e-05
1415    3.38348e-05     0     3.06566e-06     3.06566e-06     3.06566e-06     -4.25131e-05     2.65098e-05
1425    2.96054e-05     0     1.05137e-05     1.05137e-05     1.05137e-05     -2.38018e-05     2.80346e-05
1435    3.38348e-05     0     1.91015e-05     1.91015e-05     1.91015e-05     -1.10156e-05     3.43992e-05
1445    4.01788e-05     0     1.66693e-05     1.66693e-05     1.66693e-05     -9.87469e-07     2.55843e-05
1455    3.38348e-05     0     9.60679e-06     9.60679e-06     9.60679e-06     -1.1381e-05     2.01151e-05
1465    1.2688e-05     0     2.7393e-07     2.7393e-07     2.7393e-07     -2.87367e-05     1.47098e-05
1475    1.69174e-05     0     -2.65019e-06     -2.65019e-06     -2.65019e-06     -2.14783e-05     6.66599e-06
1485    8.45869e-06     0     -1.64679e-06     -1.64679e-06     -1.64679e-06     -2.19655e-05     8.32644e-06
1495    1.48027e-05     0     1.43669e-05     1.43669e-05     1.43669e-05     -2.37144e-06     2.25279e-05
1505    2.53761e-05     0     7.35597e-06     7.35597e-06     7.35597e-06     -1.27517e-05     1.71005e-05
1515    1.2688e-05     0     -1.09303e-05     -1.09303e-05     -1.09303e-05     -5.22573e-05     8.94588e-06
1525    2.11467e-05     0     1.03628e-05     1.03628e-05     1.03628e-05     -1.40894e-05     2.20422e-05
1535    2.32614e-05     0     1.05625e-05     1.05625e-05     1.05625e-05     -6.59114e-06     1.8696e-05
1545    1.2688e-05     0     -2.16137e-06     -2.16137e-06     -2.16137e-06     -3.21483e-05     1.1965e-05
1555    1.48027e-05     0     -1.06052e-05     -1.06052e-05     -1.06052e-05     -3.85169e-05     2.45112e-06
1565    1.05734e-05     0     -5.57003e-06     -5.57003e-06     -5.57003e-06     -4.05118e-05     1.06505e-05
1575    1.05734e-05     0     5.11938e-06     5.11938e-06     5.11938e-06     -1.44619e-05     1.41454e-05
1585    1.90321e-05     0     -2.9553e-06     -2.9553e-06     -2.9553e-06     -2.503e-05     7.14411e-06
1595    4.22935e-06     0     9.11899e-06     9.11899e-06     9.11899e-06     -3.19472e-06     1.47252e-05
1605    1.05734e-05     0     4.08136e-06     4.08136e-06     4.08136e-06     -1.48419e-05     1.26313e-05
1615    1.69174e-05     0     -6.96091e-06     -6.96091e-06     -6.96091e-06     -3.77366e-05     6.83787e-06
1625    4.22935e-06     0     7.06991e-06     7.06991e-06     7.06991e-06     -2.93321e-06     1.15186e-05
1635    1.2688e-05     0     2.0229e-06     2.0229e-06     2.0229e-06     -8.56682e-07     3.29697e-06
1645    1.2688e-05     0     1.41263e-05     1.41263e-05     1.41263e-05     -6.36749e-06     2.31175e-05
1655    1.05734e-05     0     -8.0575e-06     -8.0575e-06     -8.0575e-06     -2.47823e-05     -7.81983e-07
1665    2.11467e-06     0     8.09567e-06     8.09567e-06     8.09567e-06     -3.88548e-06     1.32733e-05
1675    2.11467e-06     0     3.03086e-06     3.03086e-06     3.03086e-06     -1.53405e-06     4.98671e-06
1685    6.34402e-06     0     6.05828e-06     6.05828e-06     6.05828e-06     -3.1724e-06     9.98832e-06
1695    1.05734e-05     0     -9.88305e-07     -9.88305e-07     -9.88305e-07     -1.4459e-05     4.69494e-06
1705    8.45869e-06     0     -2.01418e-06     -2.01418e-06     -2.01418e-06     -1.40478e-05     3.03681e-06
1715    2.11467e-05     0     8.10073e-06     8.10073e-06     8.10073e-06     -4.68589e-06     1.34118e-05
1725    6.34402e-06     0     3.3995e-06     3.3995e-06     3.3995e-06     -7.13845e-06     7.75251e-06
1735    2.11467e-06     0     5.06952e-06     5.06952e-06     5.06952e-06     -3.09055e-06     8.41328e-06
1745    6.34402e-06     0     4.06579e-06     4.06579e-06     4.06579e-06     -2.53337e-06     6.74795e-06
1755    2.11467e-06     0     1.01749e-06     1.01749e-06     1.01749e-06     -6.46162e-07     1.68977e-06
1765    1.05734e-05     0     0     0     0     0     0
1775    6.34402e-06     0     -5.00251e-06     -5.00251e-06     -5.00251e-06     -1.29074e-05     -1.85739e-06
1785    2.11467e-06     0     0     0     0     0     0
1795    1.05734e-05     0     -4.98262e-06     -4.98262e-06     -4.98262e-06     -1.30547e-05     -1.82106e-06
1805    2.11467e-06     0     -4.98307e-06     -4.98307e-06     -4.98307e-06     -1.31568e-05     -1.8069e-06
1815    6.34402e-06     0     0     0     0     0     0
1825    4.22935e-06     0     0     0     0     0     0
1835    1.69174e-05     0     0     0     0     0     0
1845    4.22935e-06     0     -9.87924e-06     -9.87924e-06     -9.87924e-06     -2.69571e-05     -3.46304e-06
1855    6.34402e-06     0     0     0     0     0     0
1865    6.34402e-06     0     -4.92638e-06     -4.92638e-06     -4.92638e-06     -1.36803e-05     -1.69606e-06
1875    4.22935e-06     0     0     0     0     0     0
1885    2.11467e-06     0     -4.91429e-06     -4.91429e-06     -4.91429e-06     -1.38067e-05     -1.6717e-06
1895    0     0     -3.25806e-06     -3.25806e-06     -3.25806e-06     -9.26101e-06     -1.09511e-06
1905    2.11467e-06     0     0     0     0     0     0
1915    0     0     0     0     0     0     0
1925    0     0     0     0     0     0     0
1935    2.11467e-06     0     0     0     0     0     0
1945    4.22935e-06     0     -4.81537e-06     -4.81537e-06     -4.81537e-06     -1.42296e-05     -1.55526e-06
1955    0     0     0     0     0     0     0
1965    4.22935e-06     0     0     0     0     0     0
1975    2.11467e-06     0     0     0     0     0     0
1985    2.11467e-06     0     -4.76699e-06     -4.76699e-06     -4.76699e-06     -1.45277e-05     -1.4916e-06
1995    0     0     0     0     0     0     0
2005    4.22935e-06     0     0     0     0     0     0
2015    2.11467e-06     0     0     0     0     0     0
2025    2.11467e-06     0     0     0     0     0     0
2035    4.22935e-06     0     0     0     0     0     0
2045    0     0     0     0     0     0     0
2055    2.11467e-06     0     0     0     0     0     0
2065    2.11467e-06     0     0     0     0     0     0
2075    0     0     0     0     0     0     0
2085    0     0     0     0     0     0     0
2095    4.22935e-06     0     0     0     0     0     0
2105    4.22935e-06     0     0     0     0     0     0
2115    2.11467e-06     0     0     0     0     0     0
2125    6.34402e-06     0     0     0     0     0     0
2135    2.11467e-06     0     0     0     0     0     0
2145    4.22935e-06     0     0     0     0     0     0
2155    0     0     0     0     0     0     0
2165    4.22935e-06     0     0     0     0     0     0
2175    0     0     0     0     0     0     0
2185    0     0     0     0     0     0     0
2195    0     0     0     0     0     0     0
2205    0     0     0     0     0     0     0
2215    0     0     0     0     0     0     0
2225    4.22935e-06     0     0     0     0     0     0
2235    0     0     0     0     0     0     0
2245    0     0     0     0     0     0     0
2255    0     0     0     0     0     0     0
2265    0     0     0     0     0     0     0
2275    0     0     0     0     0     0     0
2285    0     0     0     0     0     0     0
2295    0     0     0     0     0     0     0
2305    0     0     0     0     0     0     0
2315    0     0     0     0     0     0     0
2325    0     0     0     0     0     0     0
2335    0     0     0     0     0     0     0
2345    0     0     0     0     0     0     0
2355    0     0     0     0     0     0     0
2365    0     0     0     0     0     0     0
2375    0     0     0     0     0     0     0
2385    0     0     0     0     0     0     0
2395    0     0     0     0     0     0     0
