5    0     0     0     0     0     0     0
15    0     0     0     0     0     0     0
25    0     0     0     0     0     0     0
35    0     0     0     0     0     0     0
45    0.000265569     0     0     0     0     0     0
55    0.00165981     0     0     0     0     0     0
65    0.0020139     0     0     0     0     0     0
75    0.00247864     0     0     0     0     0     0
85    0.002877     0     0     0     0     0     0
95    0.00300978     0     0     0     0     0     0
105    0.00422697     0     0     0     0     0     0
115    0.00407206     0     0     0     0     0     0
125    0.00493516     0     0     0     0     0     0
135    0.00528925     0     0     0     0     0     0
145    0.00694906     0     0     0     0     0     0
155    0.0068384     0     0     0     0     0     0
165    0.00732528     2.17982e-05     2.17982e-05     2.17982e-05     2.17982e-05     2.17982e-05     2.17982e-05
175    0.00836542     6.53946e-05     6.53946e-05     6.53946e-05     6.53946e-05     6.53946e-05     6.53946e-05
185    0.0103351     0.000152587     0.000152587     0.000152587     0.000152587     0.000152587     0.000152587
195    0.00989245     0.000261578     0.000261578     0.000261578     0.000261578     0.000261578     0.000261578
205    0.0109547     0.000348771     0.000348771     0.000348771     0.000348771     0.000348771     0.000348771
215    0.0130793     0.000501359     0.00411085     0.00411085     0.00411085     0.00606169     0.00277124
225    0.0134334     0.000457762     0.00422018     0.00422018     0.00422018     0.00625655     0.00282115
235    0.0153366     0.000762937     0.00455633     0.00455633     0.00455633     0.00661402     0.00314255
245    0.0165317     0.000871928     0.00469214     0.00469214     0.00469214     0.00676724     0.00326581
255    0.0185456     0.00180925     0.00569342     0.00569342     0.00569342     0.00780541     0.00424092
265    0.0208472     0.00163486     0.00559815     0.00559815     0.00559815     0.00775583     0.00411368
275    0.0224406     0.00202723     0.00591361     0.00591361     0.00591361     0.00803236     0.00445555
285    0.0259151     0.00292096     0.00695204     0.00695204     0.00695204     0.00915484     0.00543632
295    0.0307396     0.00449043     0.00853654     0.00853654     0.00853654     0.0107491     0.0070132
305    0.0352322     0.00538416     0.00962754     0.00962754     0.00962754     0.011951     0.00802743
315    0.0414066     0.00712801     0.0116815     0.0116815     0.0116815     0.0141803     0.00996071
325    0.0495286     0.0114005     0.0164525     0.0164525     0.0164525     0.0192258     0.0145412
335    0.0560793     0.0148882     0.0205625     0.0205625     0.0205625     0.0236765     0.0184143
345    0.0713717     0.0209699     0.0282495     0.0282495     0.0282495     0.0322759     0.0254776
355    0.0908467     0.036512     0.0463492     0.0464549     0.0462434     0.0518381     0.0425799
365    0.119329     0.0571767     0.0710931     0.071334     0.0708522     0.078939     0.0657252
375    0.163723     0.0918358     0.112921     0.113453     0.112389     0.124929     0.104736
385    0.240783     0.153721     0.185103     0.186413     0.183793     0.203148     0.172845
395    0.369008     0.264783     0.310194     0.313767     0.30662     0.336409     0.292404
405    0.608618     0.504105     0.566568     0.578353     0.554784     0.602778     0.542025
415    0.959346     0.942968     1.00568     1.04426     0.967106     1.04218     0.980973
425    1.119     1.33122     1.34369     1.41418     1.2732     1.35484     1.33488
435    0.822511     1.06765     1.02308     1.06595     0.980211     0.997046     1.0407
445    0.486058     0.6306     0.576708     0.590526     0.56289     0.545157     0.598055
455    0.288828     0.369567     0.3253     0.329669     0.32093     0.299366     0.342852
465    0.184725     0.230451     0.196588     0.198164     0.195011     0.176727     0.210032
475    0.120745     0.159301     0.132484     0.133151     0.131817     0.116735     0.143146
485    0.0869739     0.115727     0.0938769     0.0941823     0.0935715     0.0810297     0.102575
495    0.0627407     0.0863427     0.0688594     0.0690001     0.0687186     0.0585676     0.0758282
505    0.0480459     0.065787     0.0516373     0.051654     0.0516205     0.0433011     0.0572835
515    0.0391493     0.0532094     0.0410248     0.0410248     0.0410248     0.0338329     0.0458949
525    0.0298101     0.0428335     0.0325992     0.0325992     0.0325992     0.0265483     0.0366961
535    0.0250077     0.0343322     0.02557     0.02557     0.02557     0.0203885     0.0290801
545    0.0205595     0.0289916     0.0212848     0.0212848     0.0212848     0.0167247     0.0243752
555    0.0177046     0.0235857     0.0169925     0.0169925     0.0169925     0.0130811     0.0196415
565    0.0154915     0.0207301     0.0146094     0.0146094     0.0146094     0.0109846     0.0170678
575    0.0126809     0.0192042     0.0135052     0.0135052     0.0135052     0.0101329     0.0157947
585    0.0113088     0.0162615     0.0112879     0.0112879     0.0112879     0.0083419     0.013288
595    0.00876378     0.0137765     0.00932552     0.00932552     0.00932552     0.00667492     0.0111221
605    0.00765724     0.0122724     0.00823453     0.00823453     0.00823453     0.00582363     0.0098676
615    0.006263     0.0112915     0.00751007     0.00751007     0.00751007     0.00525493     0.0090394
625    0.00632939     0.0084577     0.00530314     0.00530314     0.00530314     0.00341368     0.00658278
635    0.0054663     0.00817433     0.0050551     0.0050551     0.0050551     0.00318665     0.00632118
645    0.00484663     0.00754218     0.0048449     0.0048449     0.0048449     0.00322366     0.00594237
655    0.00391714     0.00658306     0.00407618     0.00407618     0.00407618     0.00256014     0.00510019
665    0.00400567     0.00623429     0.00379876     0.00379876     0.00379876     0.00232151     0.0047958
675    0.00329748     0.00523157     0.00323214     0.00323214     0.00323214     0.0020174     0.00405184
685    0.00283274     0.00435964     0.00255629     0.00255629     0.00255629     0.00146161     0.00329569
695    0.00312044     0.00451223     0.00262013     0.00262013     0.00262013     0.00146965     0.00339706
705    0.00269995     0.00370569     0.00215692     0.00215692     0.00215692     0.00121247     0.00279421
715    0.00254504     0.00407626     0.00224447     0.00224447     0.00224447     0.00112199     0.0030006
725    0.00221308     0.00313894     0.00168547     0.00168547     0.00168547     0.00079218     0.00228677
735    0.00165981     0.00292096     0.00154544     0.00154544     0.00154544     0.000699857     0.00211485
745    0.00190324     0.00300815     0.00168497     0.00168497     0.00168497     0.000866773     0.00223476
755    0.00154915     0.0024414     0.00122394     0.00122394     0.00122394     0.000468618     0.00173095
765    0.00139424     0.00228881     0.00115441     0.00115441     0.00115441     0.000449848     0.00162741
775    0.00137211     0.00222342     0.00102634     0.00102634     0.00102634     0.000278595     0.00152724
785    0.00128358     0.00220162     0.00110399     0.00110399     0.00110399     0.000415947     0.00156438
795    0.00110654     0.00189644     0.000810821     0.000810821     0.000810821     0.000129229     0.00126679
805    0.000265569     0.000130789     -0.000277233     -0.000277233     -0.000277233     -0.000534814     -0.000105265
815    0     0     -0.00042778     -0.00042778     -0.00042778     -0.000699221     -0.000246891
825    0     0     -0.00028271     -0.00028271     -0.00028271     -0.000462668     -0.000162913
835    0     0     -0.000403002     -0.000403002     -0.000403002     -0.000660742     -0.000231713
845    0     0     -0.000256231     -0.000256231     -0.000256231     -0.000420901     -0.000146987
855    0     0     -0.000391875     -0.000391875     -0.000391875     -0.000644901     -0.000224316
865    0     0     -0.000271003     -0.000271003     -0.000271003     -0.000446946     -0.00015473
875    0     0     -0.000354276     -0.000354276     -0.000354276     -0.000585132     -0.000201899
885    0     0     -0.000283632     -0.000283632     -0.000283632     -0.00046914     -0.000161355
895    0     0     -0.000310495     -0.000310495     -0.000310495     -0.000514722     -0.000176178
905    0     0     -0.000183145     -0.000183145     -0.000183145     -0.00030434     -0.000103626
915    0     0     -0.000258235     -0.000258235     -0.000258235     -0.000430019     -0.000145756
925    0     0     -0.000284985     -0.000284985     -0.000284985     -0.00047568     -0.000160421
935    0     0     -0.000180428     -0.000180428     -0.000180428     -0.000301866     -0.000101288
945    0     0     -0.000288178     -0.000288178     -0.000288178     -0.000483225     -0.000161357
955    0     0     -0.000154066     -0.000154066     -0.000154066     -0.000258945     -8.60317e-05
965    0     0     -0.000213323     -0.000213323     -0.000213323     -0.000359509     -0.000118756
975    0     0     -0.000132618     -0.000132618     -0.000132618     -0.000223984     -7.36464e-05
985    0     0     -0.000132209     -0.000132209     -0.000132209     -0.000223972     -7.31648e-05
995    0     0     -0.00012512     -0.00012512     -0.00012512     -0.000212567     -6.90193e-05
1005    0     0     0     0     0     0     0
1015    0     0     0     0     0     0     0
1025    0     0     0     0     0     0     0
1035    0     0     0     0     0     0     0
1045    0     0     0     0     0     0     0
1055    0     0     0     0     0     0     0
1065    0     0     0     0     0     0     0
1075    0     0     0     0     0     0     0
1085    0     0     0     0     0     0     0
1095    0     0     0     0     0     0     0
1105    0     0     0     0     0     0     0
1115    0     0     0     0     0     0     0
1125    0     0     0     0     0     0     0
1135    0     0     0     0     0     0     0
1145    0     0     0     0     0     0     0
1155    0     0     0     0     0     0     0
1165    0     0     0     0     0     0     0
1175    0     0     0     0     0     0     0
1185    0     0     0     0     0     0     0
1195    0     0     0     0     0     0     0
1205    0     0     0     0     0     0     0
1215    0     0     0     0     0     0     0
1225    0     0     0     0     0     0     0
1235    0     0     0     0     0     0     0
1245    0     0     0     0     0     0     0
1255    0     0     0     0     0     0     0
1265    0     0     0     0     0     0     0
1275    0     0     0     0     0     0     0
1285    0     0     0     0     0     0     0
1295    0     0     0     0     0     0     0
1305    0     0     0     0     0     0     0
1315    0     0     0     0     0     0     0
1325    0     0     0     0     0     0     0
1335    0     0     0     0     0     0     0
1345    0     0     0     0     0     0     0
1355    0     0     0     0     0     0     0
1365    0     0     0     0     0     0     0
1375    0     0     0     0     0     0     0
1385    0     0     0     0     0     0     0
1395    0     0     0     0     0     0     0
1405    0     0     0     0     0     0     0
1415    0     0     0     0     0     0     0
1425    0     0     0     0     0     0     0
1435    0     0     0     0     0     0     0
1445    0     0     0     0     0     0     0
1455    0     0     0     0     0     0     0
1465    0     0     0     0     0     0     0
1475    0     0     0     0     0     0     0
1485    0     0     0     0     0     0     0
1495    0     0     0     0     0     0     0
1505    0     0     0     0     0     0     0
1515    0     0     0     0     0     0     0
1525    0     0     0     0     0     0     0
1535    0     0     0     0     0     0     0
1545    0     0     0     0     0     0     0
1555    0     0     0     0     0     0     0
1565    0     0     0     0     0     0     0
1575    0     0     0     0     0     0     0
1585    0     0     0     0     0     0     0
1595    0     0     0     0     0     0     0
1605    0     0     0     0     0     0     0
1615    0     0     0     0     0     0     0
1625    0     0     0     0     0     0     0
1635    0     0     0     0     0     0     0
1645    0     0     0     0     0     0     0
1655    0     0     0     0     0     0     0
1665    0     0     0     0     0     0     0
1675    0     0     0     0     0     0     0
1685    0     0     0     0     0     0     0
1695    0     0     0     0     0     0     0
1705    0     0     0     0     0     0     0
1715    0     0     0     0     0     0     0
1725    0     0     0     0     0     0     0
1735    0     0     0     0     0     0     0
1745    0     0     0     0     0     0     0
1755    0     0     0     0     0     0     0
1765    0     0     0     0     0     0     0
1775    0     0     0     0     0     0     0
1785    0     0     0     0     0     0     0
1795    0     0     0     0     0     0     0
1805    0     0     0     0     0     0     0
1815    0     0     0     0     0     0     0
1825    0     0     0     0     0     0     0
1835    0     0     0     0     0     0     0
1845    0     0     0     0     0     0     0
1855    0     0     0     0     0     0     0
1865    0     0     0     0     0     0     0
1875    0     0     0     0     0     0     0
1885    0     0     0     0     0     0     0
1895    0     0     0     0     0     0     0
1905    0     0     0     0     0     0     0
1915    0     0     0     0     0     0     0
1925    0     0     0     0     0     0     0
1935    0     0     0     0     0     0     0
1945    0     0     0     0     0     0     0
1955    0     0     0     0     0     0     0
1965    0     0     0     0     0     0     0
1975    0     0     0     0     0     0     0
1985    0     0     0     0     0     0     0
1995    0     0     0     0     0     0     0
2005    0     0     0     0     0     0     0
2015    0     0     0     0     0     0     0
2025    0     0     0     0     0     0     0
2035    0     0     0     0     0     0     0
2045    0     0     0     0     0     0     0
2055    0     0     0     0     0     0     0
2065    0     0     0     0     0     0     0
2075    0     0     0     0     0     0     0
2085    0     0     0     0     0     0     0
2095    0     0     0     0     0     0     0
2105    0     0     0     0     0     0     0
2115    0     0     0     0     0     0     0
2125    0     0     0     0     0     0     0
2135    0     0     0     0     0     0     0
2145    0     0     0     0     0     0     0
2155    0     0     0     0     0     0     0
2165    0     0     0     0     0     0     0
2175    0     0     0     0     0     0     0
2185    0     0     0     0     0     0     0
2195    0     0     0     0     0     0     0
2205    0     0     0     0     0     0     0
2215    0     0     0     0     0     0     0
2225    0     0     0     0     0     0     0
2235    0     0     0     0     0     0     0
2245    0     0     0     0     0     0     0
2255    0     0     0     0     0     0     0
2265    0     0     0     0     0     0     0
2275    0     0     0     0     0     0     0
2285    0     0     0     0     0     0     0
2295    0     0     0     0     0     0     0
2305    0     0     0     0     0     0     0
2315    0     0     0     0     0     0     0
2325    0     0     0     0     0     0     0
2335    0     0     0     0     0     0     0
2345    0     0     0     0     0     0     0
2355    0     0     0     0     0     0     0
2365    0     0     0     0     0     0     0
2375    0     0     0     0     0     0     0
2385    0     0     0     0     0     0     0
2395    0     0     0     0     0     0     0
