5    0     0     0     0     0     0     0
15    2.50471e-05     0     0     0     0     0     0
25    7.15632e-05     0     0     0     0     0     0
35    7.87195e-05     0     0     0     0     0     0
45    0.000168173     0     0     0     0     0     0
55    0.000264784     0     0     0     0     0     0
65    0.000329191     0     0     0     0     0     0
75    0.000336347     0     0     0     0     0     0
85    0.000400754     0     0     0     0     0     0
95    0.000404332     0     0     0     0     0     0
105    0.000508099     0     0     0     0     0     0
115    0.000579662     0     0     0     0     0     0
125    0.000565349     0     0     0     0     0     0
135    0.000658381     0     0     0     0     0     0
145    0.000790773     0     0     0     0     0     0
155    0.000801508     0     1.09865e-06     1.09865e-06     1.09865e-06     1.09865e-06     1.09865e-06
165    0.000837289     0     1.09865e-06     1.09865e-06     1.09865e-06     1.09865e-06     1.09865e-06
175    0.000948212     0     6.5919e-06     6.5919e-06     6.5919e-06     6.5919e-06     6.5919e-06
185    0.000973259     0     1.09865e-05     1.09865e-05     1.09865e-05     1.09865e-05     1.09865e-05
195    0.000944634     8.23987e-06     1.09865e-05     1.09865e-05     1.09865e-05     1.09865e-05     1.09865e-05
205    0.00102693     9.88785e-06     1.64797e-05     1.64797e-05     1.64797e-05     1.64797e-05     1.64797e-05
215    0.00103051     2.63676e-05     0.000863021     0.000863021     0.000863021     0.00121208     0.000620051
225    0.00109492     1.81277e-05     0.00086874     0.00086874     0.00086874     0.0012166     0.000626533
235    0.00116648     3.13115e-05     0.000830541     0.000830541     0.000830541     0.00116699     0.000596103
245    0.00125951     3.95514e-05     0.000791802     0.000791956     0.000791639     0.00110762     0.000571383
255    0.0012452     3.95514e-05     0.000784549     0.000785418     0.000783631     0.00109195     0.000569546
265    0.001213     5.93271e-05     0.000761766     0.000762711     0.000760766     0.00105733     0.000554542
275    0.00149209     5.43832e-05     0.000734533     0.000735816     0.000733175     0.00101248     0.000539565
285    0.00140622     8.89907e-05     0.000737651     0.000739628     0.00073556     0.00100173     0.000552167
295    0.00143126     0.000100526     0.000733285     0.00073561     0.000730828     0.000989099     0.000553498
305    0.0015243     0.000131838     0.000705159     0.0007078     0.000702372     0.000943647     0.000537449
315    0.00145631     0.000145022     0.000719817     0.000722597     0.000716883     0.000961959     0.000549198
325    0.00156366     0.000230716     0.000780802     0.000784908     0.000776476     0.0010216     0.000610731
335    0.00152072     0.000238956     0.000821506     0.000826711     0.000816026     0.0010564     0.000654991
345    0.00165311     0.000321355     0.000875567     0.000881398     0.000869438     0.00111668     0.000703136
355    0.00177477     0.000400458     0.000986541     0.000994885     0.000977779     0.00122607     0.000814742
365    0.00183917     0.000459785     0.00109463     0.00110492     0.00108382     0.00134932     0.000912624
375    0.00177119     0.000594919     0.00131198     0.00132576     0.00129753     0.00160119     0.00110575
385    0.00192505     0.000609751     0.00133157     0.00134625     0.0013162     0.00162402     0.00112369
395    0.00206818     0.000828931     0.00149094     0.00150951     0.00147151     0.00179181     0.00127762
405    0.00203597     0.000939346     0.00166257     0.00168558     0.00163851     0.00197198     0.00144371
415    0.00212543     0.00104646     0.00181011     0.00183661     0.00178245     0.00213744     0.00157905
425    0.00218626     0.00112392     0.00195592     0.00198571     0.00192489     0.00230849     0.00170759
435    0.00226497     0.00121291     0.00204339     0.00207748     0.00200791     0.00238562     0.00180276
445    0.00238305     0.00144363     0.00214429     0.00218097     0.00210621     0.00251142     0.00188678
455    0.00249398     0.00143374     0.00227751     0.00232012     0.00223334     0.00263526     0.00202717
465    0.00259059     0.00161996     0.00241926     0.00246738     0.00236948     0.00277964     0.00216703
475    0.00270867     0.0016282     0.00250766     0.00255946     0.00245421     0.00287917     0.00224754
485    0.00264784     0.00180783     0.00276593     0.00282372     0.00270643     0.00320386     0.0024599
495    0.00296987     0.00188199     0.00288727     0.00295308     0.0028197     0.00330928     0.00259277
505    0.00303428     0.00215061     0.00288479     0.0029537     0.00281423     0.00330218     0.00259383
515    0.00338852     0.00224619     0.00312997     0.00320749     0.00305068     0.00359045     0.00280962
525    0.00352091     0.00235496     0.00329603     0.00338356     0.00320669     0.00375594     0.00297663
535    0.0034565     0.00248515     0.00350885     0.00360507     0.00341116     0.00401336     0.00315853
545    0.00380001     0.00259886     0.0037138     0.00382237     0.00360396     0.00423736     0.00335015
555    0.0038179     0.00279991     0.00389559     0.00401628     0.00377414     0.00443669     0.00352006
565    0.00398607     0.00282793     0.00422072     0.00435614     0.00408518     0.00483524     0.00379496
575    0.00436178     0.00303557     0.00431586     0.00446351     0.00416882     0.00492842     0.00389185
585    0.00456215     0.00335857     0.00439458     0.00455392     0.00423672     0.00501091     0.00396823
595    0.00467665     0.00333715     0.00488831     0.00507787     0.00470178     0.00556506     0.00442059
605    0.00475895     0.00374585     0.00512288     0.00533844     0.00491239     0.0058176     0.00464358
615    0.00530999     0.00382825     0.00544679     0.00569204     0.00520885     0.00617762     0.00494312
625    0.00536724     0.00418421     0.00592945     0.00621327     0.00565622     0.00673083     0.00537757
635    0.00592543     0.0044347     0.00613052     0.00644137     0.00583388     0.0069795     0.00554651
645    0.00597553     0.00478078     0.00633943     0.0066962     0.00600207     0.00713258     0.00579454
655    0.00644784     0.00516146     0.00702072     0.0074492     0.00662017     0.0078989     0.00641792
665    0.00681282     0.00561795     0.00738652     0.00787701     0.00693394     0.00830623     0.00675604
675    0.0069631     0.00597885     0.00781959     0.00839322     0.00729722     0.00872186     0.00720181
685    0.0072243     0.00637272     0.00798285     0.00861374     0.00741615     0.00891069     0.00734803
695    0.00769304     0.00689513     0.0087982     0.00955359     0.00812932     0.00980238     0.00811226
705    0.00778965     0.0072445     0.0090925     0.00995132     0.0083438     0.0100637     0.00843013
715    0.00834427     0.00754113     0.00997177     0.01101     0.00908521     0.0110379     0.00924541
725    0.00846235     0.00831403     0.0104057     0.0116012     0.00940356     0.0114323     0.00970733
735    0.00818683     0.00872932     0.0105861     0.0119152     0.009492     0.0115626     0.00992289
745    0.00819756     0.00926656     0.010969     0.0124741     0.00975185     0.0118854     0.0103477
755    0.00826197     0.00984665     0.0112893     0.0129624     0.00995852     0.0121567     0.0107021
765    0.00811169     0.00991916     0.0112746     0.0130833     0.00985993     0.0120379     0.0107585
775    0.00794351     0.0105289     0.0118251     0.0138543     0.0102611     0.0125246     0.011353
785    0.00752487     0.0104399     0.0115542     0.0136368     0.00996254     0.0121061     0.0111826
795    0.00682355     0.0107547     0.0111666     0.0132454     0.00958455     0.0115833     0.0108865
805    0.00685218     0.0103262     0.0107033     0.0127373     0.00915489     0.010526     0.0109675
815    0.00640848     0.0103888     0.01049     0.012488     0.00896143     0.0103998     0.0106247
825    0.0060614     0.0100971     0.00983002     0.0116562     0.0084148     0.00980307     0.00985645
835    0.00546027     0.00946102     0.00895942     0.0105541     0.00770212     0.0088323     0.00904414
845    0.00523843     0.00905562     0.00837786     0.00978957     0.0072436     0.00814926     0.00852993
855    0.00469455     0.00817396     0.0074006     0.00857212     0.00643932     0.00707812     0.00761481
865    0.00411131     0.00767627     0.00670747     0.00768234     0.00588828     0.00632529     0.00696043
875    0.0034243     0.0069561     0.00625629     0.00708412     0.00554268     0.00579171     0.00656303
885    0.00323108     0.00624418     0.00544896     0.00607451     0.00489308     0.00496557     0.00576753
895    0.00301997     0.00566409     0.00470733     0.00518971     0.00426836     0.00420169     0.00503935
905    0.00299492     0.0050461     0.00427047     0.00465086     0.00391558     0.00377057     0.00459782
915    0.0024904     0.00455171     0.0036799     0.00396526     0.00340654     0.00316267     0.00401798
925    0.00234369     0.0041908     0.00326123     0.00347668     0.00304909     0.0027307     0.0036067
935    0.002129     0.00370794     0.00290695     0.00305922     0.00275194     0.00241441     0.00322679
945    0.00187496     0.00345086     0.0024123     0.00251197     0.00230619     0.00190946     0.00273821
955    0.0019     0.00293175     0.00221195     0.00227867     0.00213712     0.00176129     0.00250304
965    0.001671     0.00264665     0.0018891     0.00192871     0.00184089     0.00143452     0.00218144
975    0.00157081     0.0023978     0.00180122     0.00182132     0.00177199     0.00137287     0.00207572
985    0.00134181     0.00213578     0.00155189     0.00155531     0.00153961     0.00114878     0.00180946
995    0.00126309     0.00198087     0.00135241     0.00135649     0.00134002     0.000974138     0.00159346
1005    0.00119511     0.00180453     0.00124963     0.0012642     0.00122706     0.000883847     0.001482
1015    0.00101262     0.00172873     0.00112948     0.00115245     0.00109909     0.000780632     0.0013504
1025    0.000966103     0.00152438     0.000980788     0.00101008     0.000944736     0.000632059     0.00120086
1035    0.000812242     0.00135464     0.000846129     0.000879754     0.000806353     0.000492377     0.00106858
1045    0.000765726     0.00133321     0.00084261     0.000881808     0.000797627     0.000536361     0.00103445
1055    0.000737101     0.00112557     0.000609404     0.000651464     0.000562351     0.000246708     0.000835703
1065    0.000701319     0.00108107     0.00059286     0.000638731     0.000542239     0.000249315     0.000806378
1075    0.000690585     0.000942642     0.000581824     0.000627826     0.00053165     0.000308661     0.000750815
1085    0.000576084     0.000980545     0.000490595     0.000537643     0.000439788     0.000206149     0.000665795
1095    0.00058324     0.000833875     0.000456086     0.000504787     0.000403927     0.00018126     0.000624635
1105    0.000522411     0.000807508     0.000458338     0.000508459     0.000405059     0.000224173     0.000601266
1115    0.000511677     0.000716869     0.000450763     0.000501571     0.000397059     0.000250552     0.000572397
1125    0.000390019     0.000613047     0.000367629     0.000419556     0.000312998     0.000131547     0.000510358
1135    0.000461583     0.000644358     0.000345912     0.000396986     0.000292431     0.000133485     0.000473717
1145    0.000443692     0.000589975     0.000292626     0.000344183     0.000238864     6.53369e-05     0.000428708
1155    0.000422223     0.000552072     0.000305617     0.00035563     0.000253618     0.00012523     0.000413095
1165    0.000375707     0.000479561     0.000200006     0.000248969     0.000149319     -2.37943e-05     0.000332669
1175    0.000339925     0.000477913     0.000222116     0.000273761     0.000168749     1.42678e-05     0.000344739
1185    0.000257627     0.00039881     0.000230015     0.000277876     0.000180666     7.27472e-05     0.000322274
1195    0.000300565     0.000435065     0.000208681     0.000255209     0.000160797     5.77384e-05     0.000296777
1205    0.000293409     0.000388922     0.000171767     0.000220048     0.000122178     -4.5926e-06     0.000274203
1215    0.000257627     0.000332891     0.000169871     0.000216659     0.000121913     1.5216e-05     0.000259226
1225    0.000221846     0.000324651     0.000148834     0.0001902     0.000106522     2.29583e-05     0.000221139
1235    0.000229002     0.000296635     0.000188602     0.000236053     0.000140119     7.03623e-05     0.000256159
1245    0.000236159     0.000308171     0.000100339     0.000143153     5.6641e-05     -5.48552e-05     0.000188536
1255    0.000150283     0.000304875     6.18601e-05     0.000100114     2.28692e-05     -9.24068e-05     0.000149067
1265    0.000171752     0.000280156     0.000123971     0.000163262     8.39746e-05     2.29574e-05     0.000180761
1275    0.000207533     0.000303227     0.00014628     0.000193202     9.8562e-05     3.40938e-05     0.000209015
1285    0.000150283     0.000204349     0.000140806     0.000184329     9.65855e-05     4.90725e-05     0.000191813
1295    0.000161017     0.00023566     8.64055e-05     0.000127593     4.45917e-05     -3.46871e-05     0.000153373
1305    0.000146705     0.000219181     0.000109915     0.000153856     6.53406e-05     2.26335e-06     0.000169095
1315    0.000125236     0.000186221     6.42323e-05     0.000106014     2.18783e-05     -6.88687e-05     0.000136979
1325    0.000161017     0.000136782     0.000115186     0.000157184     7.26437e-05     3.25565e-05     0.00016009
1335    0.000114501     0.000184573     9.29796e-05     0.00013001     5.55015e-05     1.81629e-05     0.000133392
1345    9.66103e-05     0.000166445     6.48301e-05     9.89948e-05     3.02708e-05     -1.97132e-05     0.000110218
1355    0.00013597     0.000169741     4.56969e-05     8.0572e-05     1.04367e-05     -5.57209e-05     9.98297e-05
1365    9.66103e-05     0.000161502     6.54449e-05     0.000100902     2.9614e-05     -1.63548e-05     0.000108848
1375    0.000110923     0.000164798     -1.37588e-05     1.90515e-05     -4.68968e-05     -0.000157885     6.22537e-05
1385    0.000118079     0.000126894     4.49135e-05     7.36355e-05     1.59183e-05     -2.36994e-05     8.08532e-05
1395    0.000107345     0.000135134     2.60878e-05     5.54826e-05     -3.57179e-06     -6.07639e-05     7.1321e-05
1405    0.000100188     0.000100526     5.8584e-05     8.74597e-05     2.94575e-05     8.51755e-06     8.44896e-05
1415    7.15632e-05     0     5.31344e-05     8.21418e-05     2.38846e-05     -7.99552e-07     8.08745e-05
1425    5.72506e-05     0     1.84992e-05     5.14346e-05     -1.46982e-05     -8.26616e-05     7.02162e-05
1435    7.51413e-05     0     3.16718e-05     6.0796e-05     2.32533e-06     -4.0139e-05     6.81353e-05
1445    4.65161e-05     0     4.49039e-05     7.23541e-05     1.7257e-05     -4.77287e-06     6.9955e-05
1455    5.36724e-05     0     3.42841e-05     5.64934e-05     1.19221e-05     -6.28133e-06     5.46102e-05
1465    6.08287e-05     0     2.62976e-05     3.6433e-05     1.6093e-05     -3.63805e-05     5.74857e-05
1475    3.93598e-05     0     2.7883e-05     2.7883e-05     2.7883e-05     -3.74649e-05     6.01785e-05
1485    7.15632e-05     0     1.43993e-08     1.43993e-08     1.43993e-08     -8.59095e-05     4.22146e-05
1495    4.29379e-05     0     3.72315e-05     3.72315e-05     3.72315e-05     -9.46559e-06     6.00155e-05
1505    5.72506e-05     0     3.60126e-05     3.60126e-05     3.60126e-05     -1.02108e-05     5.84014e-05
1515    3.22034e-05     0     2.95166e-07     2.95166e-07     2.95166e-07     -7.22704e-05     3.52113e-05
1525    5.00942e-05     0     3.69789e-05     3.69789e-05     3.69789e-05     -1.18245e-05     6.02987e-05
1535    6.7985e-05     0     -9.07868e-06     -9.07868e-06     -9.07868e-06     -9.30878e-05     3.08158e-05
1545    4.29379e-05     0     1.73879e-06     1.73879e-06     1.73879e-06     -4.32862e-05     2.29291e-05
1555    5.72506e-05     0     -9.35932e-06     -9.35932e-06     -9.35932e-06     -7.60441e-05     2.18677e-05
1565    3.57816e-05     0     -1.40112e-05     -1.40112e-05     -1.40112e-05     -9.67046e-05     2.44006e-05
1575    5.72506e-05     0     1.59206e-06     1.59206e-06     1.59206e-06     -4.52225e-05     2.31934e-05
1585    2.50471e-05     0     3.22143e-05     3.22143e-05     3.22143e-05     -5.81158e-06     4.96226e-05
1595    4.29379e-05     0     1.60576e-05     1.60576e-05     1.60576e-05     -1.36958e-05     2.958e-05
1605    3.93598e-05     0     3.24457e-07     3.24457e-07     3.24457e-07     -4.70474e-05     2.17295e-05
1615    2.86253e-05     0     1.04053e-05     1.04053e-05     1.04053e-05     -1.31627e-05     2.09666e-05
1625    1.07345e-05     0     3.56656e-06     3.56656e-06     3.56656e-06     -4.94414e-05     2.7162e-05
1635    2.1469e-05     0     1.51725e-05     1.51725e-05     1.51725e-05     -4.11787e-06     2.36897e-05
1645    2.1469e-05     0     -2.61137e-05     -2.61137e-05     -2.61137e-05     -9.24053e-05     2.94286e-06
1655    3.57816e-05     0     1.81962e-06     1.81962e-06     1.81962e-06     -5.12436e-05     2.48891e-05
1665    3.93598e-05     0     1.40507e-05     1.40507e-05     1.40507e-05     -4.48992e-06     2.20576e-05
1675    1.78908e-05     0     1.9641e-05     1.9641e-05     1.9641e-05     -6.68265e-06     3.09247e-05
1685    2.86253e-05     0     1.57005e-05     1.57005e-05     1.57005e-05     -5.63148e-06     2.47782e-05
1695    1.78908e-05     0     1.12198e-05     1.12198e-05     1.12198e-05     -4.19937e-06     1.77329e-05
1705    1.07345e-05     0     -4.29728e-05     -4.29728e-05     -4.29728e-05     -0.000145183     -1.08007e-07
1715    1.78908e-05     0     1.62686e-05     1.62686e-05     1.62686e-05     -6.66048e-06     2.58066e-05
1725    2.1469e-05     0     1.12327e-05     1.12327e-05     1.12327e-05     -4.77201e-06     1.78364e-05
1735    2.50471e-05     0     9.54848e-06     9.54848e-06     9.54848e-06     -4.22439e-06     1.51882e-05
1745    1.07345e-05     0     9.00228e-06     9.00228e-06     9.00228e-06     -4.09354e-06     1.43249e-05
1755    1.07345e-05     0     -1.10143e-05     -1.10143e-05     -1.10143e-05     -5.17341e-05     5.43167e-06
1765    3.57816e-06     0     8.66316e-06     8.66316e-06     8.66316e-06     -1.73526e-05     1.90698e-05
1775    1.78908e-05     0     5.62909e-06     5.62909e-06     5.62909e-06     -2.87944e-06     9.00358e-06
1785    2.1469e-05     0     -6.48691e-06     -6.48691e-06     -6.48691e-06     -5.57847e-05     1.29127e-05
1795    2.1469e-05     0     1.29946e-05     1.29946e-05     1.29946e-05     -6.94439e-06     2.07906e-05
1805    1.43126e-05     0     -9.78e-06     -9.78e-06     -9.78e-06     -5.489e-05     7.69052e-06
1815    1.07345e-05     0     1.07337e-05     1.07337e-05     1.07337e-05     -6.14179e-06     1.72309e-05
1825    1.07345e-05     0     -8.61446e-06     -8.61446e-06     -8.61446e-06     -5.64087e-05     9.65078e-06
1835    1.43126e-05     0     1.13418e-05     1.13418e-05     1.13418e-05     -6.80103e-06     1.8215e-05
1845    2.1469e-05     0     -8.4268e-06     -8.4268e-06     -8.4268e-06     -5.728e-05     9.90281e-06
1855    7.15632e-06     0     7.95604e-06     7.95604e-06     7.95604e-06     -5.02579e-06     1.27976e-05
1865    1.43126e-05     0     7.97347e-06     7.97347e-06     7.97347e-06     -5.16663e-06     1.28279e-05
1875    7.15632e-06     0     1.02783e-05     1.02783e-05     1.02783e-05     -6.75686e-06     1.65261e-05
1885    1.07345e-05     0     -1.06204e-05     -1.06204e-05     -1.06204e-05     -5.79089e-05     6.56548e-06
1895    7.15632e-06     0     3.26986e-06     3.26986e-06     3.26986e-06     -1.69918e-05     1.05773e-05
1905    3.57816e-06     0     6.31133e-06     6.31133e-06     6.31133e-06     -4.42002e-06     1.01557e-05
1915    1.07345e-05     0     3.45003e-06     3.45003e-06     3.45003e-06     -2.45532e-06     5.54983e-06
1925    7.15632e-06     0     5.18961e-06     5.18961e-06     5.18961e-06     -3.74653e-06     8.34198e-06
1935    7.15632e-06     0     -9.89112e-08     -9.89112e-08     -9.89112e-08     -1.512e-05     5.15129e-06
1945    3.57816e-06     0     5.21816e-06     5.21816e-06     5.21816e-06     -3.90534e-06     8.37898e-06
1955    3.57816e-06     0     3.47699e-06     3.47699e-06     3.47699e-06     -2.64832e-06     5.58987e-06
1965    3.57816e-06     0     0     0     0     0     0
1975    3.57816e-06     0     -1.81893e-05     -1.81893e-05     -1.81893e-05     -5.50083e-05     -5.73648e-06
1985    1.07345e-05     0     0     0     0     0     0
1995    3.57816e-06     0     0     0     0     0     0
2005    3.57816e-06     0     0     0     0     0     0
2015    1.43126e-05     0     0     0     0     0     0
2025    3.57816e-06     0     0     0     0     0     0
2035    7.15632e-06     0     0     0     0     0     0
2045    0     0     0     0     0     0     0
2055    1.07345e-05     0     0     0     0     0     0
2065    3.57816e-06     0     0     0     0     0     0
2075    1.43126e-05     0     0     0     0     0     0
2085    3.57816e-06     0     0     0     0     0     0
2095    0     0     0     0     0     0     0
2105    0     0     0     0     0     0     0
2115    3.57816e-06     0     0     0     0     0     0
2125    3.57816e-06     0     0     0     0     0     0
2135    0     0     0     0     0     0     0
2145    1.07345e-05     0     0     0     0     0     0
2155    1.07345e-05     0     0     0     0     0     0
2165    0     0     0     0     0     0     0
2175    7.15632e-06     0     0     0     0     0     0
2185    0     0     0     0     0     0     0
2195    0     0     0     0     0     0     0
2205    0     0     0     0     0     0     0
2215    0     0     0     0     0     0     0
2225    7.15632e-06     0     0     0     0     0     0
2235    7.15632e-06     0     0     0     0     0     0
2245    3.57816e-06     0     0     0     0     0     0
2255    3.57816e-06     0     0     0     0     0     0
2265    7.15632e-06     0     0     0     0     0     0
2275    0     0     0     0     0     0     0
2285    3.57816e-06     0     0     0     0     0     0
2295    0     0     0     0     0     0     0
2305    0     0     0     0     0     0     0
2315    0     0     0     0     0     0     0
2325    0     0     0     0     0     0     0
2335    3.57816e-06     0     0     0     0     0     0
2345    0     0     0     0     0     0     0
2355    0     0     0     0     0     0     0
2365    0     0     0     0     0     0     0
2375    3.57816e-06     0     0     0     0     0     0
2385    0     0     0     0     0     0     0
2395    3.57816e-06     0     0     0     0     0     0
