5    0.000720000011    0    0 0    0    0    0
15    0.00202000001    0    0 0    0    0    0
25    0.00288000004    0    0 0    0    0    0
35    0.00404000003    0    0 0    0    0    0
45    0.00466000009    0    0 0    0    0    0
55    0.00577999977    0    0 0    0    0    0
65    0.00526000001    0    0 0    0    0    0
75    0.00549999997    0    0 0    0    0    0
85    0.00487999991    0    0 0    0    0    0
95    0.00596000021    0    0 0    0    0    0
105    0.00514000002    0    0 0    0    0    0
115    0.00606000004    0    0 0    0    0    0
125    0.00585999992    0    0 0    0    0    0
135    0.0060800002    0    0 0    0    0    0
145    0.0066399998    0    0 0    0    0    0
155    0.00638000015    3.33347771e-06    3.33347771e-06 0    0    0    0
165    0.00588000007    1.6667389e-05    1.6667389e-05 1.6667389e-05    1.6667389e-05    4.09387303e-06    4.09387303e-06
175    0.00579999993    1.00004336e-05    1.00004336e-05 1.00004336e-05    1.00004336e-05    0    0
185    0.0060800002    4.00017343e-05    4.00017343e-05 4.00017343e-05    4.00017343e-05    2.48983088e-05    2.48983088e-05
195    0.00584000023    4.33352106e-05    4.33352106e-05 4.33352106e-05    4.33352106e-05    2.67124869e-05    2.67124869e-05
205    0.00639999984    9.33373813e-05    9.33373813e-05 9.33373813e-05    9.33373813e-05    7.49759129e-05    7.49759129e-05
215    0.00588000007    0.000116671719    0.000116671719 0.000164721801    8.3616178e-05    9.63291895e-05    9.63291895e-05
225    0.00555999996    0.000100004334    0.000100004334 0.000140144082    7.23843477e-05    7.7395227e-05    7.7395227e-05
235    0.00662000012    0.000140006072    0.000140006072 0.000194958673    0.000102139464    0.000114769253    0.000114769253
245    0.00614000019    0.000150006497    0.000150006497 0.000207831356    0.00011012196    0.000121728313    0.000121728313
255    0.00650000013    0.000233343439    0.000233343439 0.000319248036    0.000173932131    0.000201502495    0.000201502495
265    0.00645999983    0.000196675188    0.000196675188 0.000262787478    0.000150824402    0.000160678959    0.000160678959
275    0.00671999995    0.00038334995    0.00038334995 0.00050695776    0.00029756772    0.000342398154    0.000342398154
285    0.00668000011    0.00038334995    0.00038334995 0.000498105655    0.00030355723    0.000336545549    0.000336545549
295    0.0074    0.000526689517    0.000526689517 0.000681215082    0.00041911169    0.000472838205    0.000472838205
305    0.00763999997    0.000603359484    0.000603359484 0.000753443048    0.000498774694    0.000541005691    0.000541005691
315    0.00755999982    0.000826702511    0.000826702511 0.00101976085    0.000691884488    0.000753945962    0.000753945962
325    0.00772000011    0.000820035522    0.000820035522 0.000987858046    0.000702615012    0.00073451054    0.00073451054
335    0.00837999955    0.00117671769    0.00117671769 0.00138376316    0.00103141984    0.0010752026    0.0010752026
345    0.0092000002    0.00125338766    0.00125338766 0.00144652964    0.0011174964    0.00113176729    0.00113176729
355    0.00963999983    0.00167007232    0.00167007232 0.00190245581    0.00150685676    0.00152266631    0.00152266631
365    0.0105600003    0.00231010001    0.00231010001 0.00260970462    0.00210001902    0.0021291778    0.0021291778
375    0.0108000003    0.00292012654    0.00292012654 0.00327371131    0.00267248275    0.00269496301    0.00269496301
385    0.0132200001    0.00373016158    0.00373016158 0.00412352663    0.00345499371    0.00344540644    0.00344540644
395    0.0138999997    0.00454019662    0.00454019662 0.00499331485    0.00422349339    0.00417347159    0.00417347159
405    0.0154400002    0.00622360315    0.00622360315 0.00679841544    0.00582213746    0.00574113941    0.00574113941
415    0.0175400004    0.00792700984    0.00792700984 0.00862114877    0.00744247949    0.00727686659    0.00727686659
425    0.0210999995    0.0103971176    0.0103971176 0.0112794749    0.00978162792    0.00949627161    0.00949627161
435    0.0246600006    0.014513962    0.014513962 0.0156926271    0.0136921275    0.013225602    0.013225602
445    0.031440001    0.0201108716    0.0201108716 0.0216398947    0.0190459918    0.0182038788    0.0182038788
455    0.0361399986    0.0281612203    0.0281612203 0.0301383827    0.0267859939    0.0252425205    0.0252425205
465    0.0466599986    0.0410851128    0.0410851128 0.0435542241    0.0393650159    0.036527779    0.036527779
475    0.0591799989    0.0593459047    0.0593459047 0.0621625446    0.0573813505    0.052454818    0.052454818
485    0.0717400014    0.0842903182    0.0842903182 0.0869941115    0.0824058577    0.0757688358    0.0757688358
495    0.081220001    0.107561328    0.107561328 0.109132767    0.10646648    0.102907509    0.102907509
505    0.077200003    0.111904852    0.111904852 0.111327872    0.112348408    0.116514891    0.116514891
515    0.0647799969    0.0967408568    0.0967408568 0.0945445299    0.0982694402    0.105226234    0.105226234
525    0.0487000011    0.0735531896    0.0735531896 0.0705450028    0.0756450966    0.0804177672    0.0804177672
535    0.0348200016    0.0540156737    0.0540156737 0.0508602671    0.0562120937    0.0585540384    0.0585540384
545    0.0242999997    0.0396850519    0.0396850519 0.0367365964    0.0417393856    0.0425902195    0.0425902195
555    0.0170000009    0.0296779536    0.0296779536 0.026997542    0.031545952    0.031575013    0.031575013
565    0.0121999998    0.0240210406    0.0240210406 0.0215221681    0.0257612336    0.0253017154    0.0253017154
575    0.00949999969    0.0187274776    0.0187274776 0.0165217351    0.0202633925    0.0196225159    0.0196225159
585    0.00791999977    0.0149106458    0.0149106458 0.0129820136    0.0162540395    0.0155562349    0.0155562349
595    0.0056400001    0.0124672065    0.0124672065 0.0106701888    0.0137185818    0.0129459426    0.0129459426
605    0.00442000013    0.0103804497    0.0103804497 0.00871669315    0.0115380222    0.0107441982    0.0107441982
615    0.00341999996    0.00877038017    0.00877038017 0.00726595987    0.00981666148    0.00905264262    0.00905264262
625    0.0030400001    0.00762366364    0.00762366364 0.00623060809    0.00859270897    0.00784672424    0.00784672424
635    0.00236000004    0.00705363881    0.00705363881 0.00560752535    0.00805936847    0.00723269396    0.00723269396
645    0.00224000006    0.00599692669    0.00599692669 0.00476875948    0.00685057044    0.00614280347    0.00614280347
655    0.00197999994    0.00570691377    0.00570691377 0.00442497293    0.00659787282    0.00582714565    0.00582714565
665    0.00165999995    0.00495354785    0.00495354785 0.00371933938    0.005811112    0.00505384011    0.00505384011
675    0.00107999996    0.00429685274    0.00429685274 0.00320672058    0.00505379401    0.00438135723    0.00438135723
685    0.000899999985    0.00386683433    0.00386683433 0.00285250763    0.00457120826    0.00393865444    0.00393865444
695    0.00079999998    0.00354682025    0.00354682025 0.00253228005    0.00425085286    0.00360834645    0.00360834645
705    0.000880000007    0.00330014294    0.00330014294 0.00229837303    0.00399474427    0.00335323112    0.00335323112
715    0.000620000006    0.00285345688    0.00285345688 0.00196692487    0.00346802943    0.00289961579    0.00289961579
725    0.000579999993    0.00277678692    0.00277678692 0.00188448071    0.00339487521    0.00281710853    0.00281710853
735    0.000419999997    0.00258677872    0.00258677872 0.00173857913    0.00317379483    0.00262221973    0.00262221973
745    0.000419999997    0.0024501062    0.0024501062 0.00161121832    0.00303034741    0.00248141191    0.00248141191
755    0.000380000012    0.002260098    0.002260098 0.00130381365    0.00292098965    0.00228789542    0.00228789542
765    0.000260000001    0.00207675667    0.00207675667 0.00114336307    0.00272142049    0.00210155128    0.00210155128
775    0.000300000014    0.00205008895    0.00205008895 0.00120076968    0.00263609807    0.0020722691    0.0020722691
785    0.000479999988    0.00162007019    0.00162007019 0.00090023235    0.00211618142    0.00164006639    0.00164006639
795    0.000239999994    0.00164007104    0.00164007104 0.000793832063    0.00222263858    0.00165808678    0.00165808678
805    0.000220000002    0.00148673111    0.00148673111 0.000677020289    0.00204364071    0.0015030487    0.0015030487
815    3.9999999e-05    0.00152339938    0.00152339938 0.000781272713    0.00203317753    0.00153819087    0.00153819087
825    0.000159999996    0.0013600589    0.0013600589 0.000527057098    0.00193224021    0.00137354364    0.00137354364
835    7.9999998e-05    0.001430062    0.001430062 0.000691969879    0.00193582335    0.00144234684    0.00144234684
845    0.000119999997    0.0012100524    0.0012100524 0.000543257047    0.00166619674    0.00122132758    0.00122132758
855    0.000119999997    0.00115338329    0.00115338329 0.00021059037    0.00179812976    0.00116373063    0.00116373063
865    0.000280000007    0.00111004815    0.00111004815 0.000376257754    0.00161038397    0.00111956405    0.00111956405
875    0.000119999997    0.000990042929    0.000990042929 0    0.00166432117    0.000998829259    0.000998829259
885    9.99999975e-05    0.00097004202    0.00097004202 0.000171118809    0.00151345518    0.000978154596    0.000978154596
895    3.9999999e-05    0.0009567081    0.0009567081 0.00023115029    0.00144864607    0.000964211824    0.000964211824
905    7.9999998e-05    0.000883371627    0.000883371627 0.000285853079    0.0012877374    0.000890337047    0.000890337047
915    1.99999995e-05    0.000836702937    0.000836702937 0.000229217098    0.00124744198    0.000843176444    0.000843176444
925    7.9999998e-05    0.000800034672    0.000800034672 0    0.00140152802    0.000806059979    0.000806059979
935    1.99999995e-05    0.000700030359    0.000700030359 0    0.00146805355    0.000705660786    0.000705660786
945    3.9999999e-05    0.000796701177    0.000796701177 6.67700879e-05    0.00128739967    0.000801933813    0.000801933813
955    0    0.0006600286    0.0006600286 0    0.00128587498    0.000664942258    0.000664942258
965    0    0.00064669468    0.00064669468 6.91748282e-05    0.00103260204    0.000651293842    0.000651293842
975    5.99999985e-05    0.000623360334    0.000623360334 0    0.00106291019    0.00062767294    0.00062767294
985    1.99999995e-05    0.000593359058    0.000593359058 0    0.0012869325    0.000597409788    0.000597409788
995    0    0.000566691218    0.000566691218 0    0.00131211139    0.000570500619    0.000570500619
1005    0    0.000593359058    0.000593359058 0.000593359058    0.000593359058    0.00059693557    0.00059693557
1015    1.99999995e-05    0.000526689517    0.000526689517 0.000526689517    0.000526689517    0.000530068879    0.000530068879
1025    0    0.000573358207    0.000573358207 0.000573358207    0.000573358207    0.00057653361    0.00057653361
1035    1.99999995e-05    0.000486687757    0.000486687757 0.000486687757    0.000486687757    0.000489700004    0.000489700004
1045    1.99999995e-05    0.000520022528    0.000520022528 0.000520022528    0.000520022528    0.000522860617    0.000522860617
1055    3.9999999e-05    0.000503355172    0.000503355172 0.000503355172    0.000503355172    0.000506040815    0.000506040815
1065    0    0.000483354292    0.000483354292 0.000483354292    0.000483354292    0.000485899072    0.000485899072
1075    0    0.000440019066    0.000440019066 0.000440019066    0.000440019066    0.00044243742    0.00044243742
1085    1.99999995e-05    0.000426685147    0.000426685147 0.000426685147    0.000426685147    0.000428980216    0.000428980216
1095    3.9999999e-05    0.000420018187    0.000420018187 0.000420018187    0.000420018187    0.00042219687    0.00042219687
1105    0    0.000430018641    0.000430018641 0.000430018641    0.000430018641    0.000432085246    0.000432085246
1115    0    0.000306679955    0.000306679955 0.000306679955    0.000306679955    0.000308668095    0.000308668095
1125    1.99999995e-05    0.000393350376    0.000393350376 0.000393350376    0.000393350376    0.000395224662    0.000395224662
1135    0    0.00039001691    0.00039001691 0.00039001691    0.00039001691    0.000391801266    0.000391801266
1145    1.99999995e-05    0.000366682565    0.000366682565 0.000366682565    0.000366682565    0.000368386478    0.000368386478
1155    0    0.000303346489    0.000303346489 0.000303346489    0.000303346489    0.000304983056    0.000304983056
1165    0    0.00032334734    0.00032334734 0.00032334734    0.00032334734    0.000324904657    0.000324904657
1175    1.99999995e-05    0.000303346489    0.000303346489 0.000303346489    0.000303346489    0.000304836925    0.000304836925
1185    1.99999995e-05    0.000340014725    0.000340014725 0    0    0.000341431063    0.000341431063
1195    0    0.000253344304    0.000253344304 0    0    0.000254714891    0.000254714891
1205    0    0.000303346489    0.000303346489 0    0    0.000304647576    0.000304647576
1215    0    0.000293346035    0.000293346035 0    0    0.000294592901    0.000294592901
1225    0    0.000276678649    0.000276678649 0    0    0.000277875661    0.000277875661
1235    1.99999995e-05    0.000256677798    0.000256677798 0    0    0.000257828448    0.000257828448
1245    0    0.000293346035    0.000293346035 0    0    0.000294441707    0.000294441707
1255    1.99999995e-05    0.0003300143    0.0003300143 0    0    0.000331057468    0.000331057468
1265    0    0.000260011264    0.000260011264 0    0    0.000261025561    0.000261025561
1275    0    0.000226676493    0.000226676493 0    0    0.000227656739    0.000227656739
1285    0    0.000220009533    0.000220009533 0    0    0.000220952483    0.000220952483
1295    0    0.000256677798    0.000256677798 0    0    0.000257576699    0.000257576699
1305    0    0.000200008668    0.000200008668 0    0    0.000200883966    0.000200883966
1315    0    0.000180007803    0.000180007803 0    0    0.000180853851    0.000180853851
1325    0    0.000196675188    0.000196675188 0    0    0.000197486283    0.000197486283
1335    0    0.000196675188    0.000196675188 0    0    0.000197456131    0.000197456131
1345    0    0.000196675188    0.000196675188 0    0    0.000197427406    0.000197427406
1355    0    0.000133339112    0.000133339112 0    0    0.000134076545    0.000134076545
1365    0    0.000176674323    0.000176674323 0    0    0.000177376947    0.000177376947
1375    0    0.000170007363    0.000170007363 0    0    0.00017068634    0.00017068634
1385    0    0.000153339977    0.000153339977 0    0    0.000153998408    0.000153998408
1395    0    0.000186674763    0.000186674763 0    0    0.000187303725    0.000187303725
1405    0    0.000156673457    0.000156673457 0    0    0.000157286602    0.000157286602
1415    0    0.000150006497    0.000150006497 0    0    0.000150600099    0.000150600099
1425    0    0.000136672592    0.000136672592 0    0    0.000137248862    0.000137248862
1435    0    0.000143339552    0.000143339552 0    0    0.000143895348    0.000143895348
1445    0    0.000140006072    0.000140006072 0    0    0.000140544187    0.000140544187
1455    0    0.000110004767    0.000110004767 0    0    0.000110531306    0.000110531306
1465    0    0.000106671287    0.000106671287 0    0    0.000107181637    0.000107181637
1475    0    0.000110004767    0.000110004767 0    0    0.000110498266    0.000110498266
1485    1.99999995e-05    0.000110004767    0.000110004767 0    0    0.000110482739    0.000110482739
1495    0    0.000110004767    0.000110004767 0    0    0.000110467838    0.000110467838
1505    0    9.33373813e-05    9.33373813e-05 0    0    9.37894438e-05    9.37894438e-05
1515    0    0.000103337814    0.000103337814 0    0    0.000103774124    0.000103774124
1525    0    0.000136672592    0.000136672592 0    0    0.000137089024    0.000137089024
1535    0    8.66704213e-05    8.66704213e-05 0    0    8.70841031e-05    8.70841031e-05
1545    0    7.66699886e-05    7.66699886e-05 0    0    7.70734187e-05    7.70734187e-05
1555    0    7.66699886e-05    7.66699886e-05 0    0    7.70616389e-05    7.70616389e-05
1565    0    9.6670854e-05    9.6670854e-05 0    0    9.70471665e-05    9.70471665e-05
1575    0    8.00034686e-05    8.00034686e-05 0    0    8.03721778e-05    8.03721778e-05
1585    0    9.00039013e-05    9.00039013e-05 0    0    9.03600812e-05    9.03600812e-05
1595    0    0.000103337814    0.000103337814 0    0    0.000103681188    0.000103681188
1605    0    5.66691233e-05    5.66691233e-05 0    0    5.70120174e-05    5.70120174e-05
1615    0    5.33356433e-05    5.33356433e-05 0    0    5.36697698e-05    5.36697698e-05
1625    0    7.66699886e-05    7.66699886e-05 0    0    7.6990349e-05    7.6990349e-05
1635    0    7.33365086e-05    7.33365086e-05 0    0    7.36487491e-05    7.36487491e-05
1645    0    8.00034686e-05    8.00034686e-05 0    0    8.03058938e-05    8.03058938e-05
1655    0    9.33373813e-05    9.33373813e-05 0    0    9.3628958e-05    9.3628958e-05
1665    0    8.00034686e-05    8.00034686e-05 0    0    8.02897921e-05    8.02897921e-05
1675    0    5.0002167e-05    5.0002167e-05 0    0    5.02868243e-05    5.02868243e-05
1685    0    4.00017343e-05    4.00017343e-05 0    0    4.02809965e-05    4.02809965e-05
1695    0    6.00025996e-05    6.00025996e-05 0    0    6.0270726e-05    6.0270726e-05
1705    0    4.33352106e-05    4.33352106e-05 0    0    4.35997499e-05    4.35997499e-05
1715    0    4.66686906e-05    4.66686906e-05 0    0    4.69258775e-05    4.69258775e-05
1725    0    6.6669556e-05    6.6669556e-05 0    0    6.69162837e-05    6.69162837e-05
1735    0    6.3336076e-05    6.3336076e-05 0    0    6.35772085e-05    6.35772085e-05
1745    0    6.3336076e-05    6.3336076e-05 0    0    6.35711476e-05    6.35711476e-05
1755    0    8.00034686e-05    8.00034686e-05 0    0    8.02293434e-05    8.02293434e-05
1765    0    4.00017343e-05    4.00017343e-05 0    0    4.02299011e-05    4.02299011e-05
1775    0    1.6667389e-05    1.6667389e-05 0    0    1.68947008e-05    1.68947008e-05
1785    0    3.3334778e-05    3.3334778e-05 0    0    3.35534241e-05    3.35534241e-05
1795    0    4.66686906e-05    4.66686906e-05 0    0    4.68795006e-05    4.68795006e-05
1805    0    3.3334778e-05    3.3334778e-05 0    0    3.35432305e-05    3.35432305e-05
1815    0    2.66678217e-05    2.66678217e-05 0    0    2.68727363e-05    2.68727363e-05
1825    0    4.00017343e-05    4.00017343e-05 0    0    4.01992693e-05    4.01992693e-05
1835    0    3.66682543e-05    3.66682543e-05 0    0    3.68618712e-05    3.68618712e-05
1845    0    6.00025996e-05    6.00025996e-05 0    0    6.01871143e-05    6.01871143e-05
1855    0    3.66682543e-05    3.66682543e-05 0    0    3.68531073e-05    3.68531073e-05
1865    0    1.33339108e-05    1.33339108e-05 0    0    1.35192295e-05    1.35192295e-05
1875    0    3.00012998e-05    3.00012998e-05 0    0    3.01792261e-05    3.01792261e-05
1885    0    3.00012998e-05    3.00012998e-05 0    0    3.01752716e-05    3.01752716e-05
1895    0    2.33343453e-05    2.33343453e-05 0    0    2.35058051e-05    2.35058051e-05
1905    0    2.33343453e-05    2.33343453e-05 0    0    2.35020725e-05    2.35020725e-05
1915    0    2.00008672e-05    2.00008672e-05 0    0    2.0165633e-05    2.0165633e-05
1925    0    3.00012998e-05    3.00012998e-05 0    0    3.01605469e-05    3.01605469e-05
1935    0    1.6667389e-05    1.6667389e-05 0    0    1.68258648e-05    1.68258648e-05
1945    0    6.66695541e-06    6.66695541e-06 0    0    6.82409154e-06    6.82409154e-06
1955    0    3.00012998e-05    3.00012998e-05 0    0    3.0150537e-05    3.0150537e-05
1965    0    4.33352106e-05    4.33352106e-05 0    0    4.34786343e-05    4.34786343e-05
1975    0    1.33339108e-05    1.33339108e-05 0    0    1.34802476e-05    1.34802476e-05
1985    0    3.00012998e-05    3.00012998e-05 0    0    3.01413238e-05    3.01413238e-05
1995    0    2.66678217e-05    2.66678217e-05 0    0    2.6805601e-05    2.6805601e-05
2005    0    3.3334778e-05    3.3334778e-05 0    0    3.34683973e-05    3.34683973e-05
2015    0    6.66695541e-06    6.66695541e-06 0    0    6.8031336e-06    6.8031336e-06
2025    0    1.33339108e-05    1.33339108e-05 0    0    1.34660741e-05    1.34660741e-05
2035    0    1.33339108e-05    1.33339108e-05 0    0    1.34634565e-05    1.34634565e-05
2045    0    3.00012998e-05    3.00012998e-05 0    0    3.01249693e-05    3.01249693e-05
2055    0    2.33343453e-05    2.33343453e-05 0    0    2.34568597e-05    2.34568597e-05
2065    0    1.33339108e-05    1.33339108e-05 0    0    1.34560014e-05    1.34560014e-05
2075    0    1.6667389e-05    1.6667389e-05 0    0    1.67864546e-05    1.67864546e-05
2085    0    3.3334778e-05    3.3334778e-05 0    0    3.34482174e-05    3.34482174e-05
2095    0    3.3334778e-05    3.3334778e-05 0    0    3.34459728e-05    3.34459728e-05
2105    0    6.66695541e-06    6.66695541e-06 0    0    6.78128208e-06    6.78128208e-06
2115    0    1.6667389e-05    1.6667389e-05 0    0    1.6777587e-05    1.6777587e-05
2125    0    1.33339108e-05    1.33339108e-05 0    0    1.34426919e-05    1.34426919e-05
2135    0    2.66678217e-05    2.66678217e-05 0    0    2.67719115e-05    2.67719115e-05
2145    0    1.6667389e-05    1.6667389e-05 0    0    1.67714898e-05    1.67714898e-05
2155    0    1.33339108e-05    1.33339108e-05 0    0    1.34367419e-05    1.34367419e-05
2165    0    6.66695541e-06    6.66695541e-06 0    0    6.76922809e-06    6.76922809e-06
2175    0    3.33347771e-06    3.33347771e-06 0    0    3.43457123e-06    3.43457123e-06
2185    0    1.33339108e-05    1.33339108e-05 0    0    1.34312095e-05    1.34312095e-05
2195    0    1.00004336e-05    1.00004336e-05 0    0    1.00966381e-05    1.00966381e-05
2205    0    3.33347771e-06    3.33347771e-06 0    0    3.42929525e-06    3.42929525e-06
2215    0    6.66695541e-06    6.66695541e-06 0    0    6.76043101e-06    6.76043101e-06
2225    0    1.00004336e-05    1.00004336e-05 0    0    1.00916041e-05    1.00916041e-05
2235    0    1.33339108e-05    1.33339108e-05 0    0    1.34228167e-05    1.34228167e-05
2245    0    3.33347771e-06    3.33347771e-06 0    0    3.42281305e-06    3.42281305e-06
2255    0    6.66695541e-06    6.66695541e-06 0    0    6.75409683e-06    6.75409683e-06
2265    0    3.33347771e-06    3.33347771e-06 0    0    3.41978921e-06    3.41978921e-06
2275    0    6.66695541e-06    6.66695541e-06 0    0    6.75114052e-06    6.75114052e-06
2285    0    0    0 0    0    8.40860963e-08    8.40860963e-08
2295    0    3.33347771e-06    3.33347771e-06 0    0    3.41550185e-06    3.41550185e-06
2305    0    3.33347771e-06    3.33347771e-06 0    0    3.41413556e-06    3.41413556e-06
2315    0    3.33347771e-06    3.33347771e-06 0    0    3.41279906e-06    3.41279906e-06
2325    0    0    0 0    0    7.867893e-08    7.867893e-08
2335    0    1.00004336e-05    1.00004336e-05 0    0    1.00758389e-05    1.00758389e-05
2345    0    6.66695541e-06    6.66695541e-06 0    0    6.74177454e-06    6.74177454e-06
2355    0    3.33347771e-06    3.33347771e-06 0    0    3.40773704e-06    3.40773704e-06
2365    0    3.33347771e-06    3.33347771e-06 0    0    3.40653833e-06    3.40653833e-06
2375    0    1.00004336e-05    1.00004336e-05 0    0    1.00709913e-05    1.00709913e-05
2385    0    0    0 0    0    7.1404294e-08    7.1404294e-08
2395    0    3.33347771e-06    3.33347771e-06 0    0    3.40309293e-06    3.40309293e-06
