5    0.00184000004    0    0 0    0    0    0
15    0.0057000001    0    0 0    0    0    0
25    0.00937999971    0    0 0    0    0    0
35    0.0108200004    0    0 0    0    0    0
45    0.0127999997    0    0 0    0    0    0
55    0.0143200001    0    0 0    0    0    0
65    0.0148200002    0    0 0    0    0    0
75    0.0152200004    0    0 0    0    0    0
85    0.0158799998    0    0 0    0    0    0
95    0.0163000003    0    0 0    0    0    0
105    0.0165199991    0    0 0    0    0    0
115    0.0164199993    0    0 0    0    0    0
125    0.0161600001    0    0 0    0    0    0
135    0.0155999996    0    0 0    0    0    0
145    0.0159200002    0    0 0    0    0    0
155    0.0154999997    0    0 0    0    0    0
165    0.01492    1.11204608e-05    1.11204608e-05 1.11204608e-05    1.11204608e-05    0    0
175    0.0133600002    7.41364056e-06    7.41364056e-06 7.41364056e-06    7.41364056e-06    0    0
185    0.0129800001    1.85341014e-05    1.85341014e-05 1.85341014e-05    1.85341014e-05    0    0
195    0.0141799999    1.48272811e-05    1.48272811e-05 1.48272811e-05    1.48272811e-05    0    0
205    0.0136399996    1.85341014e-05    1.85341014e-05 1.85341014e-05    1.85341014e-05    0    0
215    0.0131400004    4.07750231e-05    4.07750231e-05 5.72444442e-05    2.93119847e-05    0    0
225    0.0130000003    4.81886636e-05    4.81886636e-05 6.78901124e-05    3.44729669e-05    0    0
235    0.0122199999    3.70682028e-05    3.70682028e-05 5.20753129e-05    2.66061325e-05    0    0
245    0.0125399996    4.07750231e-05    4.07750231e-05 5.71988312e-05    2.93003231e-05    0    0
255    0.0125000002    4.81886636e-05    4.81886636e-05 6.73579489e-05    3.47799287e-05    0    0
265    0.0130399996    0.000103790968    0.000103790968 0.000144313424    7.53853747e-05    0    0
275    0.0120400004    0.000103790968    0.000103790968 0.000144644175    7.51290427e-05    0    0
285    0.0118399998    0.000103790968    0.000103790968 0.000142603269    7.65161676e-05    0    0
295    0.0111199999    0.000103790968    0.000103790968 0.000142427569    7.66367302e-05    0    0
305    0.0107199997    0.000140859163    0.000140859163 0.000191029656    0.000105577499    0    0
315    0.0109599996    0.00017422055    0.00017422055 0.000235938074    0.0001307239    0    0
325    0.0108399997    0.000185341007    0.000185341007 0.000247352669    0.000141556055    0    0
335    0.0111999996    0.00022982285    0.00022982285 0.000304662884    0.000176758927    0    0
345    0.0104200002    0.000315079727    0.000315079727 0.00041225829    0.00024557393    4.18150648e-06    4.18150648e-06
355    0.0100999996    0.000274304679    0.000274304679 0.00034948549    0.000220386239    0    0
365    0.00975999981    0.000352147908    0.000352147908 0.000443869038    0.000286602095    9.70819292e-06    9.70819292e-06
375    0.00951999985    0.000415163871    0.000415163871 0.00052390265    0.000337626348    5.51361882e-05    5.51361882e-05
385    0.00863999967    0.000474472996    0.000474472996 0.000590296579    0.000392141053    9.57561133e-05    9.57561133e-05
395    0.00954    0.000556023035    0.000556023035 0.000683418766    0.000465698598    0.00015725859    0.00015725859
405    0.00889999978    0.000552316196    0.000552316196 0.000672253605    0.000467476959    0.00013274714    0.00013274714
415    0.00887999963    0.000611625321    0.000611625321 0.000743987039    0.00051818887    0.000169426712    0.000169426712
425    0.00837999955    0.000630159455    0.000630159455 0.000763727818    0.000536083709    0.000164065495    0.000164065495
435    0.00925999973    0.000789552694    0.000789552694 0.000946629792    0.000679107907    0.000296993356    0.000296993356
445    0.00911999959    0.000834034523    0.000834034523 0.00100382254    0.000714939029    0.000313963945    0.000313963945
455    0.00860000029    0.000915584562    0.000915584562 0.00109205639    0.000792100094    0.000365821499    0.000365821499
465    0.00848000031    0.00109351194    0.00109351194 0.00129356224    0.000953497307    0.000511328049    0.000511328049
475    0.00786000025    0.00111204607    0.00111204607 0.00131291198    0.000971406349    0.000496196968    0.000496196968
485    0.00853999984    0.0014456599    0.0014456599 0.00172026316    0.00125377066    0.000791628321    0.000791628321
495    0.00844000001    0.00143453944    0.00143453944 0.0016963646    0.00125182548    0.000741882599    0.000741882599
505    0.00834000017    0.00156427815    0.00156427815 0.00183744472    0.00137384713    0.000829173019    0.000829173019
515    0.00745999999    0.00169401686    0.00169401686 0.00199236488    0.00148645521    0.000913307711    0.000913307711
525    0.00846000016    0.00179780775    0.00179780775 0.00210090051    0.00158731581    0.000968239794    0.000968239794
535    0.00855999999    0.00195349427    0.00195349427 0.00230393861    0.00171015505    0.00107101747    0.00107101747
545    0.00825999957    0.00205728528    0.00205728528 0.00240294519    0.0018171923    0.00111821189    0.00111821189
555    0.0077399998    0.00229081488    0.00229081488 0.00268406887    0.00201789127    0.00128994358    0.00128994358
565    0.00749999983    0.00237236498    0.00237236498 0.00280018966    0.00207594829    0.00130596547    0.00130596547
575    0.00796000008    0.00262072193    0.00262072193 0.00307614892    0.00230547367    0.00148261513    0.00148261513
585    0.00761999981    0.00297286967    0.00297286967 0.00347274868    0.00262707146    0.00175688649    0.00175688649
595    0.0074    0.00296174921    0.00296174921 0.00346723944    0.00261239731    0.00166433677    0.00166433677
605    0.00796000008    0.00328053581    0.00328053581 0.00381645793    0.00291078654    0.00189321395    0.00189321395
615    0.00695999991    0.00371794053    0.00371794053 0.00433982024    0.00328935054    0.00223317067    0.00223317067
625    0.00784000009    0.00369940652    0.00369940652 0.0043240888    0.00326921046    0.00211295811    0.00211295811
635    0.00719999988    0.00419612043    0.00419612043 0.00491163647    0.00370393135    0.00249705953    0.00249705953
645    0.00789999962    0.0042999112    0.0042999112 0.00494992593    0.00385335111    0.00248284801    0.00248284801
655    0.00761999981    0.00498938002    0.00498938002 0.00578510948    0.00444318075    0.00304229185    0.00304229185
665    0.00677999994    0.00486334786    0.00486334786 0.00563589297    0.00433373731    0.00278314436    0.00278314436
675    0.00862000044    0.00538971648    0.00538971648 0.00617369451    0.00485294452    0.00316377124    0.00316377124
685    0.00742000015    0.00626081927    0.00626081927 0.00719388295    0.00562242791    0.00387872383    0.00387872383
695    0.00724000018    0.00654995115    0.00654995115 0.00755684823    0.00586217083    0.00400783634    0.00400783634
705    0.00841999985    0.00740993349    0.00740993349 0.0084578516    0.00669526728    0.00469736708    0.00469736708
715    0.00805999991    0.00769535871    0.00769535871 0.0088996524    0.00687484816    0.00481078541    0.00481078541
725    0.00837999955    0.00844042934    0.00844042934 0.00967303105    0.00760193216    0.00537767168    0.00537767168
735    0.00761999981    0.00840706844    0.00840706844 0.00962893385    0.00757727819    0.00517088734    0.00517088734
745    0.00767999981    0.0095154075    0.0095154075 0.0108309453    0.0086234184    0.00610197382    0.00610197382
755    0.00728000002    0.0100380694    0.0100380694 0.0114461118    0.00908491947    0.00645978376    0.00645978376
765    0.00815999974    0.0110611515    0.0110611515 0.0125618158    0.0100466153    0.00732966512    0.00732966512
775    0.00772000011    0.0120508727    0.0120508727 0.0137346284    0.0109145716    0.00818898529    0.00818898529
785    0.00789999962    0.0128107704    0.0128107704 0.0144790625    0.0116873104    0.00885162782    0.00885162782
795    0.00789999962    0.0136707528    0.0136707528 0.0154713737    0.0124604227    0.00965567585    0.00965567585
805    0.00820000004    0.0147420242    0.0147420242 0.0165071636    0.0135575198    0.0107228402    0.0107228402
815    0.00834000017    0.0158948451    0.0158948451 0.0177898984    0.0146259135    0.0119357668    0.0119357668
825    0.00798000023    0.017507311    0.017507311 0.0193441957    0.0162784606    0.013681083    0.013681083
835    0.00722000003    0.0181300584    0.0181300584 0.0200567059    0.0168453865    0.0145281022    0.0145281022
845    0.00781999994    0.018934438    0.018934438 0.0206616912    0.0177854486    0.0156467669    0.0156467669
855    0.00798000023    0.0203615632    0.0203615632 0.0221866872    0.019149119    0.017477056    0.017477056
865    0.00760000013    0.0214550756    0.0214550756 0.0230986234    0.0203671809    0.0190648623    0.0190648623
875    0.00769999996    0.0217849817    0.0217849817 0.0233139955    0.0207754355    0.0199726336    0.0199726336
885    0.00692000007    0.0226301365    0.0226301365 0.0239382759    0.0217679981    0.0214541666    0.0214541666
895    0.00681999978    0.0233010724    0.0233010724 0.024425121    0.0225628968    0.0228022262    0.0228022262
905    0.00630000001    0.0238793362    0.0238793362 0.0233466364    0.0246928148    0.0240718592    0.0240718592
915    0.00600000005    0.0242463108    0.0242463108 0.0238674693    0.02482583    0.0251179319    0.0251179319
925    0.0066399998    0.0244983751    0.0244983751 0.0243152138    0.0247795861    0.0260102246    0.0260102246
935    0.00656000013    0.0243204478    0.0243204478 0.0242469609    0.0243783072    0.0264134593    0.0264134593
945    0.00615999987    0.0227376353    0.0227376353 0.0223770272    0.0229713358    0.0253423173    0.0253423173
955    0.00502000004    0.0234901197    0.0234901197 0.0228256695    0.0239192396    0.0265023448    0.0265023448
965    0.00528000016    0.0230971966    0.0230971966 0.0220722463    0.0237562973    0.0264314804    0.0264314804
975    0.0046000001    0.0219036005    0.0219036005 0.0206686389    0.0226949453    0.0254739504    0.0254739504
985    0.00480000023    0.020939827    0.020939827 0.0194415767    0.021897085    0.0246597528    0.0246597528
995    0.00475999992    0.0205061287    0.0205061287 0.0187277608    0.0216393862    0.0242964625    0.0242964625
1005    0.00375999999    0.0194422714    0.0194422714 0.0174738131    0.0206928067    0.02324236    0.02324236
1015    0.00358000002    0.0187824573    0.0187824573 0.0165941864    0.0201682243    0.0225364789    0.0225364789
1025    0.0035600001    0.0181041099    0.0181041099 0.0155929308    0.019688936    0.0217702128    0.0217702128
1035    0.00300000003    0.0161617361    0.0161617361 0.0134940268    0.0178391077    0.0197164752    0.0197164752
1045    0.00249999994    0.0160431173    0.0160431173 0.0133888023    0.0177057777    0.019452069    0.019452069
1055    0.00270000007    0.0149533125    0.0149533125 0.0115135703    0.0170994066    0.0182078816    0.0182078816
1065    0.00273999991    0.0139042828    0.0139042828 0.0104518691    0.0160498582    0.0169956051    0.0169956051
1075    0.00255999994    0.0130702481    0.0130702481 0.0100806132    0.0149198957    0.0159933455    0.0159933455
1085    0.00196000002    0.0122806951    0.0122806951 0.0089534428    0.0143301813    0.0150355725    0.0150355725
1095    0.00218000007    0.0119433748    0.0119433748 0.00844339188    0.014089725    0.0145302881    0.0145302881
1105    0.00170000002    0.0109684812    0.0109684812 0.00791273452    0.0128336316    0.0133968564    0.0133968564
1115    0.00162    0.0103012528    0.0103012528 0.00755186053    0.011971741    0.0125758182    0.0125758182
1125    0.00141999999    0.00995281246    0.00995281246 0.00648387708    0.0120500168    0.0120791448    0.0120791448
1135    0.00127999997    0.00945980474    0.00945980474 0.00615438074    0.011448605    0.0114470143    0.0114470143
1145    0.00120000006    0.00888524763    0.00888524763 0.00517316815    0.0111076357    0.0107422536    0.0107422536
1155    0.00109999999    0.00831069052    0.00831069052 0.00527011603    0.0101223215    0.0100458786    0.0100458786
1165    0.00101999997    0.00768794492    0.00768794492 0.00352488225    0.0101558212    0.00930984784    0.00930984784
1175    0.000980000012    0.00735062454    0.00735062454 0.00350996316    0.00961616915    0.00886532944    0.00886532944
1185    0.000720000011    0.00713933585    0.00713933585 0.00403529964    0.00896041933    0.00855361391    0.00855361391
1195    0.00092000002    0.00666486286    0.00666486286 0.00360272801    0.00845197774    0.00798761286    0.00798761286
1205    0.000820000016    0.00628676685    0.00628676685 0.00252907234    0.00846905913    0.00752413319    0.00752413319
1215    0.000479999988    0.00603470346    0.00603470346 0.0026720108    0.00797747821    0.00719220424    0.00719220424
1225    0.000780000002    0.00579746673    0.00579746673 0.00271265535    0.00756967114    0.00688091759    0.00688091759
1235    0.00046000001    0.00550462818    0.00550462818 0.00294394931    0.00696803071    0.00651988527    0.00651988527
1245    0.000600000028    0.005171014    0.005171014 0.000837309286    0.00763398781    0.00612343894    0.00612343894
1255    0.000560000015    0.00481515937    0.00481515937 0.000164683341    0.00744435051    0.00570961274    0.00570961274
1265    0.000500000024    0.00458904356    0.00458904356 0.00195498602    0.00607009605    0.00542904204    0.00542904204
1275    0.000419999997    0.00448154565    0.00448154565 0.00187696924    0.0059379153    0.00527034467    0.00527034467
1285    0.000600000028    0.00419241376    0.00419241376 0.00202336675    0.00539846998    0.00493490463    0.00493490463
1295    0.000360000005    0.00430361833    0.00430361833 0.00059713237    0.00635339087    0.00500062574    0.00500062574
1305    0.00046000001    0.00413310435    0.00413310435 0.00113241398    0.00578261493    0.00478961319    0.00478961319
1315    0.00039999999    0.00389216118    0.00389216118 0    0.00630745431    0.00451153656    0.00451153656
1325    0.000239999994    0.00358078838    0.00358078838 0.00149027223    0.0047168918    0.00416616863    0.00416616863
1335    0.000280000007    0.0033620859    0.0033620859 0.00121567724    0.00452169962    0.00391534111    0.00391534111
1345    0.000280000007    0.0035177723    0.0035177723 0.000366384018    0.00520961825    0.00403875113    0.00403875113
1355    0.000360000005    0.00313226297    0.00313226297 0    0.00543222437    0.00362658221    0.00362658221
1365    0.000180000003    0.00303959264    0.00303959264 0.000314992969    0.00448555639    0.00350729073    0.00350729073
1375    0.000180000003    0.00271709915    0.00271709915 0    0.012355472    0.00316146086    0.00316146086
1385    0.000159999996    0.00276528788    0.00276528788 0    0.00422505382    0.00318556163    0.00318556163
1395    0.000140000004    0.00270968559    0.00270968559 0    0.0048786574    0.00310807559    0.00310807559
1405    0.000159999996    0.00246132864    0.00246132864 0.000687345164    0.0033794092    0.00284050265    0.00284050265
1415    5.99999985e-05    0.00229452178    0.00229452178 0.000417002535    0.00325994799    0.00265526073    0.00265526073
1425    0.000140000004    0.0021499556    0.0021499556 0    0.00504987082    0.00249332911    0.00249332911
1435    0.000180000003    0.00211659423    0.00211659423 0    0.00360881398    0.00244300556    0.00244300556
1445    7.9999998e-05    0.00216107606    0.00216107606 0.000227859811    0.00313616777    0.00247106375    0.00247106375
1455    0.000180000003    0.00200538966    0.00200538966 0.000104675717    0.00295795989    0.00230122195    0.00230122195
1465    5.99999985e-05    0.00211659423    0.00211659423 0    0.00383848674    0.00239743898    0.00239743898
1475    0.000180000003    0.00187935785    0.00187935785 0    0.00336385332    0.00214831415    0.00214831415
1485    0.000140000004    0.00197202829    0.00197202829 0    0.00773699116    0.00222773268    0.00222773268
1495    0.000119999997    0.00170513731    0.00170513731 0    0.00255924161    0.00195064931    0.00195064931
1505    9.99999975e-05    0.00170143042    0.00170143042 0    0.00258508418    0.00193571683    0.00193571683
1515    0.000119999997    0.00161617354    0.00161617354 0    0.00669248868    0.00184039376    0.00184039376
1525    5.99999985e-05    0.00157910539    0.00157910539 0    0.00244656345    0.00179353403    0.00179353403
1535    5.99999985e-05    0.00149755541    0.00149755541 0    0.0162545498    0.00170303008    0.00170303008
1545    5.99999985e-05    0.00150126219    0.00150126219 0    0.00327378465    0.00169774226    0.00169774226
1555    0    0.00152720988    0.00152720988 0    0.0116259241    0.00171503075    0.00171503075
1565    3.9999999e-05    0.00140488485    0.00140488485 0.0367499292    0    0.00158545794    0.00158545794
1575    5.99999985e-05    0.00127885293    0.00127885293 0    0.00324706454    0.00145262247    0.00145262247
1585    5.99999985e-05    0.00126773247    0.00126773247 0    0.00187256665    0.00143434631    0.00143434631
1595    5.99999985e-05    0.00124549156    0.00124549156 0    0.00201831572    0.00140539126    0.00140539126
1605    5.99999985e-05    0.00111575285    0.00111575285 0    0.00323801953    0.00126998301    0.00126998301
1615    1.99999995e-05    0.00114170066    0.00114170066 0    0.00186896161    0.00128957571    0.00128957571
1625    5.99999985e-05    0.00102308241    0.00102308241 0    0.0046049254    0.00116584706    0.00116584706
1635    1.99999995e-05    0.00108239148    0.00108239148 0    0.0016233396    0.00121917797    0.00121917797
1645    1.99999995e-05    0.00105273689    0.00105273689 0.00593594508    0    0.00118439342    0.00118439342
1655    0    0.0009192914    0.0009192914 0    0.0137620773    0.00104674639    0.00104674639
1665    1.99999995e-05    0.000937825476    0.000937825476 0    0.00141579087    0.00106033229    0.00106033229
1675    1.99999995e-05    0.00088222319    0.00088222319 0    0.00133584696    0.00100048922    0.00100048922
1685    3.9999999e-05    0.0009192914    0.0009192914 0    0.00139568897    0.00103292835    0.00103292835
1695    0    0.00080437999    0.00080437999 0    0.0012236191    0.00091457594    0.00091457594
1705    1.99999995e-05    0.00084515498    0.00084515498 0.00291361706    0    0.000951089256    0.000951089256
1715    1.99999995e-05    0.000726536731    0.000726536731 0    0.00110973301    0.00082942372    0.00082942372
1725    0    0.000763604941    0.000763604941 0    0.00116801716    0.0008626036    0.0008626036
1735    0    0.00076731178    0.00076731178 0    0.00117617333    0.00086279941    0.00086279941
1745    0    0.000708002655    0.000708002655 0    0.00108596554    0.000800540322    0.000800540322
1755    0    0.000596798025    0.000596798025 0.00976429228    0    0.000686866639    0.000686866639
1765    3.9999999e-05    0.000756191323    0.000756191323 0    0.00179199828    0.000842170324    0.000842170324
1775    0    0.000563436653    0.000563436653 0    0.000869578158    0.000647741661    0.000647741661
1785    5.99999985e-05    0.000611625321    0.000611625321 0.0032494287    0    0.000692814589    0.000692814589
1795    3.9999999e-05    0.00049671391    0.00049671391 0    0.000767503632    0.000575962709    0.000575962709
1805    1.99999995e-05    0.000544902578    0.000544902578 0.00285960129    0    0.000621262297    0.000621262297
1815    1.99999995e-05    0.000433697947    0.000433697947 0    0.000672681839    0.000508308469    0.000508308469
1825    3.9999999e-05    0.000548609358    0.000548609358 0.00470553152    0    0.000620102277    0.000620102277
1835    0    0.000504127529    0.000504127529 0    0.000782823074    0.000573632366    0.000573632366
1845    0    0.000511541206    0.000511541206 0.00315341959    0    0.000578811218    0.000578811218
1855    0    0.000470766157    0.000470766157 0    0.00073233695    0.000536199892    0.000536199892
1865    1.99999995e-05    0.000444818434    0.000444818434 0    0.000692277623    0.000508401368    0.000508401368
1875    1.99999995e-05    0.000429991138    0.000429991138 0    0.000669299974    0.000491728773    0.000491728773
1885    0    0.000407750224    0.000407750224 0.00191295729    0    0.000467764825    0.000467764825
1895    1.99999995e-05    0.000374388852    0.000374388852 0    0.000954006275    0.000432823203    0.000432823203
1905    0    0.000396629766    0.000396629766 0    0.000618491555    0.000453190296    0.000453190296
1915    0    0.000341027451    0.000341027451 0    0.000531808124    0.00039628378    0.00039628378
1925    1.99999995e-05    0.000355854747    0.000355854747 0    0.000554697472    0.000409410946    0.000409410946
1935    0    0.000318786537    0.000318786537 0.00199617399    0    0.000371038128    0.000371038128
1945    0    0.000322493346    0.000322493346 0    0    0.000373231509    0.000373231509
1955    0    0.000333613803    0.000333613803 0    0    0.000382843893    0.000382843893
1965    0    0.000311372889    0.000311372889 0    0    0.000359362573    0.000359362573
1975    0    0.000278011517    0.000278011517 0.000840768742    8.76785343e-05    0.000324881898    0.000324881898
1985    0    0.000300252432    0.000300252432 0    0    0.000345689245    0.000345689245
1995    1.99999995e-05    0.000274304679    0.000274304679 0    0    0.000318665552    0.000318665552
2005    0    0.000303959241    0.000303959241 0    0    0.000346925983    0.000346925983
2015    0    0.000252063764    0.000252063764 0    0    0.000294206868    0.000294206868
2025    0    0.000263184222    0.000263184222 0    0    0.000304133864    0.000304133864
2035    0    0.000259477412    0.000259477412 0    0    0.000299367501    0.000299367501
2045    0    0.00027059787    0.00027059787 0    0    0.000309368304    0.000309368304
2055    0    0.000240943307    0.000240943307 0    0    0.000278893393    0.000278893393
2065    1.99999995e-05    0.000233529674    0.000233529674 0    0    0.000270548277    0.000270548277
2075    0    0.000240943307    0.000240943307 0    0    0.00027696602    0.00027696602
2085    1.99999995e-05    0.000177927373    0.000177927373 0    0    0.000213442065    0.000213442065
2095    0    0.000211288745    0.000211288745 0    0    0.000245699077    0.000245699077
2105    0    0.000170513726    0.000170513726 0    0    0.000204329248    0.000204329248
2115    0    0.000155686444    0.000155686444 0    0    0.000188765829    0.000188765829
2125    1.99999995e-05    0.000181634183    0.000181634183 0    0    0.000213738778    0.000213738778
2135    0    0.000218702393    0.000218702393 0    0    0.000249785051    0.000249785051
2145    1.99999995e-05    0.000189047831    0.000189047831 0    0    0.000219565816    0.000219565816
2155    0    0.000148272811    0.000148272811 0    0    0.000178321556    0.000178321556
2165    0    0.000126031882    0.000126031882 0    0    0.000155513364    0.000155513364
2175    0    0.000140859163    0.000140859163 0    0    0.000169554158    0.000169554158
2185    0    0.000122325073    0.000122325073 0    0    0.000150470863    0.000150470863
2195    0    0.000111204608    0.000111204608 0    0    0.000138773001    0.000138773001
2205    0    0.000163100092    0.000163100092 0    0    0.000189701139    0.000189701139
2215    0    0.000155686444    0.000155686444 0    0    0.000181723677    0.000181723677
2225    0    0.000189047831    0.000189047831 0    0    0.000214274332    0.000214274332
2235    0    0.000177927373    0.000177927373 0    0    0.000202649127    0.000202649127
2245    0    0.000144565987    0.000144565987 0    0    0.000168943952    0.000168943952
2255    1.99999995e-05    0.000107497784    0.000107497784 0    0    0.000131572    0.000131572
2265    1.99999995e-05    0.000114911425    0.000114911425 0    0    0.000138408519    0.000138408519
2275    0    0.000114911425    0.000114911425 0    0    0.0001378944    0.0001378944
2285    0    7.78432222e-05    7.78432222e-05 0    0    0.000100567107    0.000100567107
2295    0    0.000126031882    0.000126031882 0    0    0.000147957006    0.000147957006
2305    3.9999999e-05    9.63773273e-05    9.63773273e-05 0    0    0.000118022464    0.000118022464
2315    0    7.04295817e-05    7.04295817e-05 0    0    9.17836151e-05    9.17836151e-05
2325    0    9.26705034e-05    9.26705034e-05 0    0    0.00011343306    0.00011343306
2335    0    8.52568628e-05    8.52568628e-05 0    0    0.000105632542    0.000105632542
2345    0    0.000111204608    0.000111204608 0    0    0.000130988483    0.000130988483
2355    0    8.89636867e-05    8.89636867e-05 0    0    0.000108479915    0.000108479915
2365    0    9.63773273e-05    9.63773273e-05 0    0    0.000115444294    0.000115444294
2375    0    6.6722765e-05    6.6722765e-05 0    0    8.55916951e-05    8.55916951e-05
2385    0    8.15500462e-05    8.15500462e-05 0    0    9.99423501e-05    9.99423501e-05
2395    0    5.93091245e-05    5.93091245e-05 0    0    7.74753571e-05    7.74753571e-05
