5    0.00212000008    0    0 0    0    0    0
15    0.0070199999    0    0 0    0    0    0
25    0.0103200004    0    0 0    0    0    0
35    0.0125200003    0    0 0    0    0    0
45    0.0148999998    0    0 0    0    0    0
55    0.0161400009    0    0 0    0    0    0
65    0.01688    0    0 0    0    0    0
75    0.0165999997    0    0 0    0    0    0
85    0.0197199993    0    0 0    0    0    0
95    0.01884    0    0 0    0    0    0
105    0.0180799998    0    0 0    0    0    0
115    0.0185800008    0    0 0    0    0    0
125    0.0186000001    0    0 0    0    0    0
135    0.0179999992    0    0 0    0    0    0
145    0.0169399995    0    0 0    0    0    0
155    0.0162599999    0    0 0    0    0    0
165    0.0169600006    0    0 0    0    0    0
175    0.0161600001    3.36642529e-06    3.36642529e-06 3.36642529e-06    3.36642529e-06    0    0
185    0.0156800002    1.00992756e-05    1.00992756e-05 1.00992756e-05    1.00992756e-05    0    0
195    0.0163000003    6.73285058e-06    6.73285058e-06 6.73285058e-06    6.73285058e-06    0    0
205    0.0142999999    2.01985513e-05    2.01985513e-05 2.01985513e-05    2.01985513e-05    0    0
215    0.0153400004    4.37635281e-05    4.37635281e-05 6.16342222e-05    3.13269593e-05    0    0
225    0.0137999998    3.36642515e-05    3.36642515e-05 4.74091394e-05    2.41012385e-05    0    0
235    0.0143799996    2.01985513e-05    2.01985513e-05 2.84631096e-05    1.44343485e-05    0    0
245    0.0135000004    7.40613541e-05    7.40613541e-05 0.00010419108    5.3041771e-05    0    0
255    0.0138800004    5.04963791e-05    5.04963791e-05 7.07842482e-05    3.62967294e-05    0    0
265    0.0133800004    5.72292302e-05    5.72292302e-05 7.98726323e-05    4.13523194e-05    0    0
275    0.0126    0.000117824886    0.000117824886 0.00016413776    8.5328611e-05    0    0
285    0.0122400001    9.76263327e-05    9.76263327e-05 0.000135663795    7.09176529e-05    0    0
295    0.0133400001    6.73285031e-05    6.73285031e-05 9.33173651e-05    4.90580896e-05    0    0
305    0.0121799996    0.000117824886    0.000117824886 0.000162297671    8.6541324e-05    0    0
315    0.0114399996    0.00016158841    0.00016158841 0.000220723901    0.00011993153    0    0
325    0.0112600001    0.000175054112    0.000175054112 0.000238013206    0.000130594723    0    0
335    0.0109999999    0.000188519814    0.000188519814 0.000252990023    0.000142811361    0    0
345    0.0112399999    0.000198619091    0.000198619091 0.000260792091    0.000154151756    0    0
355    0.0107800001    0.000252481899    0.000252481899 0.000326854148    0.000199135422    0    0
365    0.0105600003    0.000262581161    0.000262581161 0.000334554032    0.000211134291    0    0
375    0.00935999956    0.000316443969    0.000316443969 0.00040701055    0.000251857593    0    0
385    0.00970000029    0.000356841076    0.000356841076 0.000453386718    0.000288217445    0    0
395    0.00960000046    0.000400604622    0.000400604622 0.000505559379    0.000326182024    0    0
405    0.00906000007    0.000488131656    0.000488131656 0.000608875009    0.000402716425    0    0
415    0.00947999954    0.000609322975    0.000609322975 0.000759138027    0.000503564079    2.12074101e-05    2.12074101e-05
425    0.00879999995    0.000632887939    0.000632887939 0.000785803946    0.000525188691    2.02574611e-05    2.02574611e-05
435    0.0091599999    0.000545360905    0.000545360905 0.000672333466    0.000456078124    0    0
445    0.00872000027    0.000629521557    0.000629521557 0.000775344088    0.000527247321    0    0
455    0.00846000016    0.00076417852    0.00076417852 0.00093366846    0.000645586348    6.941623e-05    6.941623e-05
465    0.00870000012    0.000801209244    0.000801209244 0.000970966881    0.000682400947    7.62845157e-05    7.62845157e-05
475    0.00855999999    0.000972896931    0.000972896931 0.00117337459    0.000832538761    0.000214561398    0.000214561398
485    0.00793999992    0.000986362575    0.000986362575 0.00121212157    0.000828603806    0.000194919019    0.000194919019
495    0.0071200002    0.00111092033    0.00111092033 0.00133923802    0.000951586757    0.000283227855    0.000283227855
505    0.00755999982    0.001147951    0.001147951 0.00138150842    0.000985129504    0.000283238798    0.000283238798
515    0.00745999999    0.00131963869    0.00131963869 0.00159593881    0.00112741988    0.000414269365    0.000414269365
525    0.00725999987    0.00120518031    0.00120518031 0.00144547701    0.0010383015    0.00026064011    0.00026064011
535    0.00722000003    0.00144756283    0.00144756283 0.00174387777    0.00124180829    0.000457231363    0.000457231363
545    0.00737999985    0.00148459361    0.00148459361 0.00178173964    0.00127819774    0.000448723935    0.000448723935
555    0.00754000014    0.00175390753    0.00175390753 0.00210420601    0.00151078939    0.000667192682    0.000667192682
565    0.00665999996    0.00177747256    0.00177747256 0.00214927574    0.00151987781    0.000640427519    0.000640427519
575    0.0067400001    0.00210738229    0.00210738229 0.00254374905    0.00180532516    0.000913534604    0.000913534604
585    0.00668000011    0.0019356946    0.0019356946 0.00232897024    0.0016636427    0.000688494707    0.000688494707
595    0.00698000006    0.00211411505    0.00211411505 0.00253947987    0.00182014017    0.000806302065    0.000806302065
605    0.00653999997    0.00225887145    0.00225887145 0.00270667137    0.00194991264    0.000887838192    0.000887838192
615    0.00650000013    0.00254165102    0.00254165102 0.00304681296    0.0021935082    0.00110254425    0.00110254425
625    0.00665999996    0.00262917811    0.00262917811 0.00316480198    0.00226031267    0.00112118619    0.00112118619
635    0.00639999984    0.00288839289    0.00288839289 0.00348545518    0.00247768126    0.00130605232    0.00130605232
645    0.00621999986    0.00295235496    0.00295235496 0.0034896424    0.0025832376    0.00129469379    0.00129469379
655    0.00636    0.00332602812    0.00332602812 0.00394974137    0.00289790612    0.00158574828    0.00158574828
665    0.00656000013    0.0033664254    0.0033664254 0.00399559876    0.00293509965    0.0015442057    0.0015442057
675    0.00644000014    0.00360207516    0.00360207516 0.0042135315    0.00318342261    0.00169204432    0.00169204432
685    0.00651999982    0.00368286925    0.00368286925 0.00434131129    0.00323237525    0.00168357766    0.00168357766
695    0.00606000004    0.00396228256    0.00396228256 0.00469074445    0.00346469204    0.00186801283    0.00186801283
705    0.00651999982    0.00412723748    0.00412723748 0.0048322361    0.00364642963    0.00193636434    0.00193636434
715    0.0055999998    0.00444031507    0.00444031507 0.00530783227    0.0038492626    0.00214823359    0.00214823359
725    0.0059799999    0.00466249883    0.00466249883 0.00550712738    0.00408791658    0.00226796442    0.00226796442
735    0.00657999981    0.00502943946    0.00502943946 0.00594953308    0.00440459698    0.0025287855    0.0025287855
745    0.00614000019    0.00574648799    0.00574648799 0.00673062541    0.00507919164    0.00313414633    0.00313414633
755    0.00540000014    0.00591480918    0.00591480918 0.00697131921    0.00519961957    0.00319720199    0.00319720199
765    0.0057000001    0.00637600943    0.00637600943 0.00750525901    0.00561259361    0.00355009502    0.00355009502
775    0.00534000015    0.00656789588    0.00656789588 0.00779073313    0.00574264582    0.0036388333    0.0036388333
785    0.00567999994    0.00688433973    0.00688433973 0.00808100589    0.00607848028    0.003853834    0.003853834
795    0.0045599998    0.00747009786    0.00747009786 0.00887307152    0.00652706716    0.00433974946    0.00433974946
805    0.00523999985    0.00776634319    0.00776634319 0.00910526514    0.00686790794    0.00454666605    0.00454666605
815    0.00523999985    0.00823090971    0.00823090971 0.00971323531    0.00723836152    0.00492896698    0.00492896698
825    0.0057000001    0.00873250701    0.00873250701 0.0101052364    0.00781416707    0.00535951415    0.00535951415
835    0.00451999996    0.00938222744    0.00938222744 0.0110240616    0.00828748755    0.00595080201    0.00595080201
845    0.00553999981    0.00985689368    0.00985689368 0.0113635864    0.00885461364    0.00638668798    0.00638668798
855    0.00537999999    0.0106614688    0.0106614688 0.0124845663    0.00945047289    0.00716905296    0.00716905296
865    0.00540000014    0.0110149439    0.0110149439 0.0126891974    0.00990675762    0.00752989715    0.00752989715
875    0.0049399999    0.0116781294    0.0116781294 0.013549001    0.0104428837    0.00822387077    0.00822387077
885    0.0055999998    0.0121258637    0.0121258637 0.0139188953    0.0109441886    0.00873550493    0.00873550493
895    0.00535999984    0.0132300518    0.0132300518 0.0151714245    0.011955156    0.00992873777    0.00992873777
905    0.00487999991    0.013842741    0.013842741 0.0155876484    0.0127001181    0.0106722871    0.0106722871
915    0.00454000011    0.0147954393    0.0147954393 0.016729584    0.0135311577    0.0117890537    0.0117890537
925    0.00473999977    0.0153307011    0.0153307011 0.017282933    0.0140594626    0.0125318738    0.0125318738
935    0.00457999995    0.0156841762    0.0156841762 0.0174018014    0.0145687917    0.0131332912    0.0131332912
945    0.00436000014    0.0169028211    0.0169028211 0.0188154243    0.0156632215    0.014625879    0.014625879
955    0.00418000016    0.0175458081    0.0175458081 0.0191705357    0.0164962877    0.0155840721    0.0155840721
965    0.00392000005    0.0180575047    0.0180575047 0.0196727831    0.0170187261    0.0164427646    0.0164427646
975    0.00387999997    0.0181854293    0.0181854293 0.0195433646    0.0173152089    0.016947424    0.016947424
985    0.00386000006    0.0184715763    0.0184715763 0.0196773354    0.0177011453    0.0176270362    0.0176270362
995    0.00445999997    0.0192222893    0.0192222893 0.0202708747    0.0185540523    0.0187770203    0.0187770203
1005    0.00377999991    0.0194444731    0.0194444731 0.0189045276    0.0202943347    0.0194089673    0.0194089673
1015    0.00387999997    0.019993199    0.019993199 0.0195818376    0.0206426922    0.0203594752    0.0203594752
1025    0.00392000005    0.0198652763    0.0198652763 0.0195883997    0.0203039274    0.0206301659    0.0206301659
1035    0.00329999998    0.0194613039    0.0194613039 0.0193361994    0.0196602065    0.0206095446    0.0206095446
1045    0.00300000003    0.0193434805    0.0193434805 0.0192861259    0.0193793643    0.020846542    0.020846542
1055    0.00312000001    0.0195993278    0.0195993278 0.0192219205    0.0198347531    0.0214224104    0.0214224104
1065    0.00353999995    0.0191953573    0.0191953573 0.0185433608    0.0196005013    0.0213125553    0.0213125553
1075    0.00277999998    0.0192492194    0.0192492194 0.0183843765    0.0197842345    0.0216180868    0.0216180868
1085    0.00289999996    0.0186567288    0.0186567288 0.0174730439    0.0193858035    0.0212471765    0.0212471765
1095    0.00206000009    0.0181685966    0.0181685966 0.0167395193    0.0190449525    0.0209410265    0.0209410265
1105    0.00237999996    0.0181685966    0.0181685966 0.0165765751    0.0191403329    0.0210795067    0.0210795067
1115    0.00237999996    0.0174683817    0.0174683817 0.0158018377    0.0184808746    0.0204907712    0.0204907712
1125    0.00230000005    0.0164416209    0.0164416209 0.0143540837    0.0177036785    0.0195462443    0.0195462443
1135    0.00209999993    0.016138643    0.016138643 0.013901067    0.0174849518    0.0192860682    0.0192860682
1145    0.00237999996    0.0153206019    0.0153206019 0.0127510978    0.0168590117    0.0184899606    0.0184899606
1155    0.00214    0.0149570275    0.0149570275 0.0124966549    0.0164228547    0.0181187019    0.0181187019
1165    0.00165999995    0.0141154211    0.0141154211 0.0109410426    0.0159971658    0.0172546823    0.0172546823
1175    0.00167999999    0.0132266851    0.0132266851 0.0101504    0.0150412051    0.0163266417    0.0163266417
1185    0.00132000004    0.0131761888    0.0131761888 0.0102965562    0.0148656014    0.0162119586    0.0162119586
1195    0.00133999996    0.0123480484    0.0123480484 0.00940469652    0.0140659716    0.0153176263    0.0153176263
1205    0.00120000006    0.0114660449    0.0114660449 0.0080988938    0.0134214666    0.0143609447    0.0143609447
1215    0.0013    0.0110183097    0.0110183097 0.00775893312    0.0129013443    0.0138262184    0.0138262184
1225    0.0013    0.0112202959    0.0112202959 0.00788959581    0.0131338546    0.0139281824    0.0139281824
1235    0.00104    0.0101733375    0.0101733375 0.00730622699    0.0118118403    0.0127934804    0.0127934804
1245    0.00138000003    0.0093923267    0.0093923267 0.00546618551    0.0116238166    0.0119196083    0.0119196083
1255    0.00079999998    0.00941925775    0.00941925775 0.00482590823    0.0120161371    0.0118430322    0.0118430322
1265    0.000839999993    0.00862814765    0.00862814765 0.00555067044    0.0103584593    0.0109589864    0.0109589864
1275    0.00106000004    0.00846319273    0.00846319273 0.00533654215    0.0102114193    0.0106945261    0.0106945261
1285    0.000839999993    0.00796496216    0.00796496216 0.00516344886    0.00952281244    0.0101027982    0.0101027982
1295    0.000760000024    0.00765861757    0.00765861757 0.00373577978    0.00982801057    0.00970294792    0.00970294792
1305    0.00106000004    0.00751386117    0.00751386117 0.00402997248    0.00942895096    0.00946543925    0.00946543925
1315    0.000679999997    0.0068069119    0.0068069119 0.0022677388    0.00928790681    0.00867577549    0.00867577549
1325    0.000739999989    0.00655779662    0.00655779662 0.00381238805    0.00804990716    0.00834150147    0.00834150147
1335    0.000579999993    0.00626155082    0.00626155082 0.00340725714    0.00780351833    0.00796405785    0.00796405785
1345    0.000639999984    0.0061605582    0.0061605582 0.00258437707    0.00808070321    0.00778288394    0.00778288394
1355    0.000539999979    0.0056589609    0.0056589609 0.00136386754    0.00795193855    0.00720955105    0.00720955105
1365    0.000539999979    0.00560173159    0.00560173159 0.00213856506    0.00743955607    0.00707850792    0.00707850792
1375    0.000339999999    0.00531558553    0.00531558553 0    0.00975168124    0.00672479393    0.00672479393
1385    0.00046000001    0.00508666877    0.00508666877 0.00159742183    0.0069147693    0.00643092627    0.00643092627
1395    0.000360000005    0.0048005227    0.0048005227 0.000283837173    0.00715262908    0.00608378043    0.00608378043
1405    0.000319999992    0.00459517073    0.00459517073 0.00203649164    0.0059191552    0.00581956189    0.00581956189
1415    0.000500000024    0.00436962023    0.00436962023 0.00165083958    0.00576767605    0.00553842075    0.00553842075
1425    0.000260000001    0.00425516162    0.00425516162 0    0.00721212383    0.0053698984    0.0053698984
1435    0.000280000007    0.00404644338    0.00404644338 0.000192533    0.00600329554    0.00511107501    0.00511107501
1445    0.000300000014    0.00379059487    0.00379059487 0.00118122832    0.00510669826    0.00480837049    0.00480837049
1455    0.000260000001    0.00376029708    0.00376029708 0.00109048386    0.00509836758    0.00473095244    0.00473095244
1465    0.000239999994    0.00334622664    0.00334622664 0    0.00503179245    0.00427695364    0.00427695364
1475    0.000239999994    0.00338662392    0.00338662392 0    0.00521617383    0.00427407026    0.00427407026
1485    0.000199999995    0.00313414191    0.00313414191 0    0.00709301    0.00398413371    0.00398413371
1495    0.000159999996    0.00303314929    0.00303314929 0.000545393676    0.004246403    0.00384587445    0.00384587445
1505    0.000119999997    0.00311730988    0.00311730988 0.000484940014    0.00439298619    0.00389242941    0.00389242941
1515    5.99999985e-05    0.00289512565    0.00289512565 0    0.00617583375    0.00363830756    0.00363830756
1525    0.000159999996    0.00277730078    0.00277730078 0.000311170908    0.00395597238    0.00348900724    0.00348900724
1535    7.9999998e-05    0.00255175028    0.00255175028 0    0.00712362444    0.00323498505    0.00323498505
1545    5.99999985e-05    0.0025820483    0.0025820483 0    0.00462775258    0.00323520415    0.00323520415
1555    9.99999975e-05    0.00235986407    0.00235986407 0    0.0058223512    0.00298756873    0.00298756873
1565    0.000119999997    0.00231946702    0.00231946702 0    0.0311408043    0.00292086648    0.00292086648
1575    0.000140000004    0.00234639854    0.00234639854 0    0.00433110073    0.002921985    0.002921985
1585    0.000119999997    0.00230936776    0.00230936776 0.000283991161    0.00323702185    0.00286119268    0.00286119268
1595    5.99999985e-05    0.00208381726    0.00208381726 0    0.003141311    0.002615412    0.002615412
1605    0.000119999997    0.00199629017    0.00199629017 0    0.00432701409    0.00250706007    0.00250706007
1615    5.99999985e-05    0.00205688574    0.00205688574 0    0.00316195539    0.00254604942    0.00254604942
1625    0.000119999997    0.00182460248    0.00182460248 0    0.0048334077    0.00229680305    0.00229680305
1635    3.9999999e-05    0.00178420544    0.00178420544 5.96942991e-05    0.0025458585    0.0022380047    0.0022380047
1645    0.000140000004    0.00173034263    0.00173034263 0.0454392508    0    0.00216680346    0.00216680346
1655    3.9999999e-05    0.00162598339    0.00162598339 0    0.00442509027    0.00204658089    0.00204658089
1665    7.9999998e-05    0.00164281554    0.00164281554 0    0.00236392859    0.00204684376    0.00204684376
1675    3.9999999e-05    0.00155865494    0.00155865494 0    0.00225088838    0.00194812776    0.00194812776
1685    3.9999999e-05    0.00139033364    0.00139033364 0    0.00201393059    0.00176701474    0.00176701474
1695    1.99999995e-05    0.00130280654    0.00130280654 0    0.00189215364    0.00166637043    0.00166637043
1705    1.99999995e-05    0.00132637157    0.00132637157 0.00567821693    0    0.0016760797    0.0016760797
1715    5.99999985e-05    0.00130953942    0.00130953942 0    0.00191161316    0.00164650346    0.00164650346
1725    1.99999995e-05    0.0013162723    0.0013162723 0    0.00192488614    0.00164077606    0.00164077606
1735    3.9999999e-05    0.00119171455    0.00119171455 0    0.00174738956    0.00150593766    0.00150593766
1745    0    0.00123884447    0.00123884447 0    0.00181931362    0.00154117064    0.00154117064
1755    9.99999975e-05    0.00100656122    0.00100656122 0.0995037779    0    0.00130095636    0.00130095636
1765    0    0.00116478314    0.00116478314 0    0.0022084252    0.00144685851    0.00144685851
1775    5.99999985e-05    0.00113448536    0.00113448536 0    0.00167788262    0.00140702771    0.00140702771
1785    1.99999995e-05    0.000979629811    0.000979629811 0.0184739269    0    0.00124460855    0.00124460855
1795    1.99999995e-05    0.00083487347    0.00083487347 0    0.00123790745    0.00109256222    0.00109256222
1805    3.9999999e-05    0.000942599087    0.000942599087 0.0112017998    0    0.00119023793    0.00119023793
1815    5.99999985e-05    0.001036859    0.001036859 0    0.00154426915    0.00127497595    0.00127497595
1825    0    0.00083823991    0.00083823991 0.0081329532    0    0.00107081933    0.00107081933
1835    5.99999985e-05    0.000814674946    0.000814674946 0    0.00121587235    0.00103986636    0.00103986636
1845    1.99999995e-05    0.000824774208    0.000824774208 0.00591181638    0    0.00104246929    0.00104246929
1855    1.99999995e-05    0.000710315711    0.000710315711 0    0.00106314907    0.000922358537    0.000922358537
1865    0    0.000700216449    0.000700216449 0    0.00104886096    0.000905590423    0.000905590423
1875    0    0.000642987259    0.000642987259 0    0.000963748666    0.000842546229    0.000842546229
1885    1.99999995e-05    0.000690117187    0.000690117187 0.0047311075    0    0.000882818771    0.000882818771
1895    3.9999999e-05    0.000653086521    0.000653086521 0    0.00168800005    0.000840220193    0.000840220193
1905    0    0.000626155117    0.000626155117 0    0.000941392209    0.00080782728    0.00080782728
1915    1.99999995e-05    0.000629521557    0.000629521557 0    0.000946942368    0.000805576565    0.000805576565
1925    1.99999995e-05    0.000646353641    0.000646353641 0    0.000972290814    0.000816835149    0.000816835149
1935    5.99999985e-05    0.000545360905    0.000545360905 0    0.00202705571    0.000711935281    0.000711935281
1945    3.9999999e-05    0.000478032394    0.000478032394 0    0.000719871197    0.000640473329    0.000640473329
1955    0    0.000592490833    0.000592490833 0    0.000893016579    0.000748721708    0.000748721708
1965    1.99999995e-05    0.000420803175    0.000420803175 0    0.00063441461    0.000574557343    0.000574557343
1975    5.99999985e-05    0.000478032394    0.000478032394 0.00146550126    0.000144043835    0.000626631314    0.000626631314
1985    1.99999995e-05    0.000474665954    0.000474665954 0    0    0.000619023398    0.000619023398
1995    0    0.000491498096    0.000491498096 0    0    0.000631516275    0.000631516275
2005    0    0.000474665954    0.000474665954 0    0    0.000610910123    0.000610910123
2015    0    0.000454467401    0.000454467401 0    0    0.000587119895    0.000587119895
2025    3.9999999e-05    0.000343375374    0.000343375374 0    0    0.000473700697    0.000473700697
2035    0    0.000356841076    0.000356841076 0    0    0.00048341928    0.00048341928
2045    0    0.000373673218    0.000373673218 0    0    0.000496585679    0.000496585679
2055    1.99999995e-05    0.000363573927    0.000363573927 0    0    0.000483273732    0.000483273732
2065    3.9999999e-05    0.000366940367    0.000366940367 0    0    0.000483373326    0.000483373326
2075    0    0.000279413303    0.000279413303 0    0    0.000393818162    0.000393818162
2085    0    0.000400604622    0.000400604622 0    0    0.000510490325    0.000510490325
2095    0    0.000316443969    0.000316443969 0    0    0.000424463797    0.000424463797
2105    0    0.000343375374    0.000343375374 0    0    0.000448243925    0.000448243925
2115    0    0.000272680452    0.000272680452 0    0    0.000375703588    0.000375703588
2125    0    0.000269314012    0.000269314012 0    0    0.000369743007    0.000369743007
2135    1.99999995e-05    0.000296245416    0.000296245416 0    0    0.000393788418    0.000393788418
2145    0    0.000235649772    0.000235649772 0    0    0.00033147668    0.00033147668
2155    0    0.000299611856    0.000299611856 0    0    0.000392252317    0.000392252317
2165    0    0.000262581161    0.000262581161 0    0    0.000353366253    0.000353366253
2175    0    0.000232283346    0.000232283346 0    0    0.000321201805    0.000321201805
2185    0    0.000272680452    0.000272680452 0    0    0.00035892296    0.00035892296
2195    1.99999995e-05    0.000239016197    0.000239016197 0    0    0.000323570712    0.000323570712
2205    0    0.000232283346    0.000232283346 0    0    0.000314879464    0.000314879464
2215    0    0.000228916921    0.000228916921 0    0    0.000309574971    0.000309574971
2225    0    0.000171687687    0.000171687687 0    0    0.000251137157    0.000251137157
2235    0    0.000212084793    0.000212084793 0    0    0.000289169431    0.000289169431
2245    0    0.000195252665    0.000195252665 0    0    0.000270739518    0.000270739518
2255    0    0.000188519814    0.000188519814 0    0    0.000262336776    0.000262336776
2265    0    0.000225550495    0.000225550495 0    0    0.00029720497    0.00029720497
2275    0    0.000154855559    0.000154855559 0    0    0.000225736658    0.000225736658
2285    0    0.000175054112    0.000175054112 0    0    0.000244079565    0.000244079565
2295    0    0.000151489134    0.000151489134 0    0    0.000219249298    0.000219249298
2305    0    0.000181786963    0.000181786963 0    0    0.000247656717    0.000247656717
2315    1.99999995e-05    0.000154855559    0.000154855559 0    0    0.000219589463    0.000219589463
2325    0    0.000138023432    0.000138023432 0    0    0.000201537434    0.000201537434
2335    0    0.000168321261    0.000168321261 0    0    0.000230069447    0.000230069447
2345    0    0.000100992758    0.000100992758 0    0    0.000162227676    0.000162227676
2355    1.99999995e-05    0.000181786963    0.000181786963 0    0    0.000240704263    0.000240704263
2365    1.99999995e-05    0.000107725609    0.000107725609 0    0    0.00016628686    0.00016628686
2375    0    0.000127924155    0.000127924155 0    0    0.000184992241    0.000184992241
2385    0    0.000107725609    0.000107725609 0    0    0.000163836536    0.000163836536
2395    0    0.000107725609    0.000107725609 0    0    0.000162660828    0.000162660828
