5    0.000760000024    0    0 0    0    0    0
15    0.00197999994    0    0 0    0    0    0
25    0.00343999988    0    0 0    0    0    0
35    0.00480000023    0    0 0    0    0    0
45    0.0049800002    0    0 0    0    0    0
55    0.00511999987    0    0 0    0    0    0
65    0.00626000017    0    0 0    0    0    0
75    0.00571999978    0    0 0    0    0    0
85    0.00647999998    0    0 0    0    0    0
95    0.00659999996    0    0 0    0    0    0
105    0.00686000008    3.33378898e-06    3.33378898e-06 0    0    0    0
115    0.00659999996    0    0 0    0    0    0
125    0.00665999996    0    0 0    0    0    0
135    0.00638000015    0    0 0    0    0    0
145    0.00638000015    0    0 0    0    0    0
155    0.00632000016    3.33378898e-06    3.33378898e-06 0    0    0    0
165    0.00662000012    0    0 0    0    0    0
175    0.00671999995    2.33365226e-05    2.33365226e-05 2.33365226e-05    2.33365226e-05    6.33320315e-06    6.33320315e-06
185    0.00650000013    3.33378885e-05    3.33378885e-05 3.33378885e-05    3.33378885e-05    1.48047502e-05    1.48047502e-05
195    0.0060200002    5.00068345e-05    5.00068345e-05 5.00068345e-05    5.00068345e-05    2.97540864e-05    2.97540864e-05
205    0.00683999993    6.00082021e-05    6.00082021e-05 6.00082021e-05    6.00082021e-05    3.78199802e-05    3.78199802e-05
215    0.00626000017    6.00082021e-05    6.00082021e-05 9.121326e-05    3.85818166e-05    3.56340279e-05    3.56340279e-05
225    0.00680000009    0.000116682611    0.000116682611 0.000174901783    7.66842131e-05    8.98110084e-05    8.98110084e-05
235    0.00662000012    0.000123350197    0.000123350197 0.000184428092    8.13877632e-05    9.36473443e-05    9.36473443e-05
245    0.00769999996    0.00014001914    0.00014001914 0.000207701014    9.350045e-05    0.000107072025    0.000107072025
255    0.00647999998    0.000206694909    0.000206694909 0.000304122717    0.000139695723    0.000170002764    0.000170002764
265    0.00639999984    0.000243366594    0.000243366594 0.000352200994    0.000168490762    0.000202356008    0.000202356008
275    0.00716000004    0.000293373421    0.000293373421 0.00041961635    0.000206496246    0.000247341726    0.000247341726
285    0.00680000009    0.000383385719    0.000383385719 0.000539580185    0.000275908882    0.000331476156    0.000331476156
295    0.00713999989    0.00039672089    0.00039672089 0.00054273766    0.000296201353    0.000337923528    0.000337923528
305    0.00695999991    0.000536740001    0.000536740001 0.000734715723    0.000400389428    0.000469753635    0.000469753635
315    0.00766000012    0.000686760526    0.000686760526 0.000913363474    0.000530703051    0.000610013143    0.000610013143
325    0.00824000034    0.000726766011    0.000726766011 0.000947818917    0.000574423117    0.000638325699    0.000638325699
335    0.00800000038    0.000886787835    0.000886787835 0.0011216373    0.000724781246    0.000784143747    0.000784143747
345    0.00855999999    0.00115349097    0.00115349097 0.00143346272    0.000960711564    0.00103345024    0.00103345024
355    0.0092000002    0.00139352377    0.00139352377 0.0017105469    0.00117580954    0.00125200732    0.00125200732
365    0.00961999968    0.00164355792    0.00164355792 0.00198410708    0.00141055952    0.00147521577    0.00147521577
375    0.0105600003    0.00212028972    0.00212028972 0.00248765969    0.00186982553    0.00191796385    0.00191796385
385    0.0108000003    0.0026970352    0.0026970352 0.00314426539    0.00239322544    0.00245113508    0.00245113508
395    0.0116999997    0.00326044555    0.00326044555 0.00378624164    0.00290367426    0.00295786792    0.00295786792
405    0.0126200002    0.00424391311    0.00424391311 0.00485685421    0.00382847805    0.00386624248    0.00386624248
415    0.0141399996    0.00540740555    0.00540740555 0.00613376638    0.00491561135    0.00492852041    0.00492852041
425    0.0156999994    0.0068309335    0.0068309335 0.00770269241    0.00624069013    0.00621280307    0.00621280307
435    0.0175599996    0.0088145379    0.0088145379 0.00991537794    0.0080693271    0.00800045766    0.00800045766
445    0.0208800007    0.011208198    0.011208198 0.012492328    0.0103393476    0.0101118423    0.0101118423
455    0.0249199998    0.01441197    0.01441197 0.0160070974    0.0133323306    0.0128989359    0.0128989359
465    0.0291600004    0.0190559383    0.0190559383 0.0209956914    0.0177428108    0.016914485    0.016914485
475    0.0333199985    0.0261935797    0.0261935797 0.0286114234    0.0245566629    0.0230942033    0.0230942033
485    0.039760001    0.0360482596    0.0360482596 0.0389419682    0.0340891406    0.0315191783    0.0315191783
495    0.0494999997    0.0494900979    0.0494900979 0.0527218431    0.0473018438    0.0430552438    0.0430552438
505    0.0580199994    0.0675659031    0.0675659031 0.070788376    0.0653830916    0.0595391467    0.0595391467
515    0.0679399967    0.0854750127    0.0854750127 0.0879099965    0.0838260949    0.0788593814    0.0788593814
525    0.0660799965    0.0978333727    0.0978333727 0.0986341909    0.0972876176    0.0978065431    0.0978065431
535    0.061999999    0.0944129005    0.0944129005 0.0932120681    0.0952264145    0.100979209    0.100979209
545    0.0500200018    0.0792841688    0.0792841688 0.0766232759    0.0810873434    0.0872706547    0.0872706547
555    0.0371199995    0.0628752559    0.0628752559 0.0594631284    0.0651862249    0.0692793056    0.0692793056
565    0.0281000007    0.0477365255    0.0477365255 0.0442101955    0.0501281396    0.0522426292    0.0522426292
575    0.0221599992    0.0361782759    0.0361782759 0.0328192897    0.0384585746    0.0392605476    0.0392605476
585    0.0153599996    0.0285038948    0.0285038948 0.0253395997    0.0306523945    0.0306323096    0.0306323096
595    0.0121600004    0.0228831265    0.0228831265 0.0198894888    0.0249122586    0.0243859328    0.0243859328
605    0.00997999962    0.0185425337    0.0185425337 0.0157651324    0.0204238985    0.0196307339    0.0196307339
615    0.00704000005    0.0151620721    0.0151620721 0.0126521941    0.0168640427    0.0159695763    0.0159695763
625    0.00537999999    0.0131718004    0.0131718004 0.010735441    0.0148216942    0.0137844458    0.0137844458
635    0.00473999977    0.0110581778    0.0110581778 0.00877885241    0.0126025788    0.0115325479    0.0115325479
645    0.00380000006    0.00938794948    0.00938794948 0.0073328549    0.010779216    0.00976188295    0.00976188295
655    0.00267999992    0.00824446045    0.00824446045 0.00625752239    0.00958651677    0.00854388345    0.00854388345
665    0.00276000006    0.00727099366    0.00727099366 0.00533282384    0.00857901853    0.00751416059    0.00751416059
675    0.00209999993    0.00634420058    0.00634420058 0.00456808601    0.00754275639    0.00654420536    0.00654420536
685    0.00182    0.00569744548    0.00569744548 0.00405945908    0.00680380315    0.00586377457    0.00586377457
695    0.00182    0.00504068891    0.00504068891 0.0034109531    0.00614122394    0.00518044131    0.00518044131
705    0.00126000005    0.0048306603    0.0048306603 0.00312955026    0.00597854517    0.0049490598    0.0049490598
715    0.00118000002    0.0042339121    0.0042339121 0.00267980248    0.00528079737    0.00433515199    0.00433515199
725    0.00092000002    0.00401388202    0.00401388202 0.00253162649    0.0050116214    0.00410102215    0.00410102215
735    0.000720000011    0.00359382457    0.00359382457 0.00227475842    0.00448216405    0.00366939791    0.00366939791
745    0.000739999989    0.00321377255    0.00321377255 0.00194519735    0.004066227    0.00327973044    0.00327973044
755    0.000380000012    0.00296040461    0.00296040461 0.0015789459    0.00388781447    0.00301828142    0.00301828142
765    0.00046000001    0.00263369316    0.00263369316 0.00142446288    0.00344556454    0.00268477551    0.00268477551
775    0.00046000001    0.00251034298    0.00251034298 0.00128969178    0.00332802953    0.00255560596    0.00255560596
785    0.00039999999    0.0024870066    0.0024870066 0.00117467542    0.00336517114    0.00252726837    0.00252726837
795    0.000539999979    0.00223363866    0.00223363866 0.00099988177    0.00305910967    0.00226966152    0.00226966152
805    0.000419999997    0.00206694915    0.00206694915 0.000903800013    0.00284368871    0.00209929096    0.00209929096
815    0.000339999999    0.00181358121    0.00181358121 0.0007666928    0.00251122634    0.00184275291    0.00184275291
825    0.000280000007    0.00175023917    0.00175023917 0.000339495688    0.00268930919    0.00177659886    0.00177659886
835    0.000260000001    0.0016968986    0.0016968986 0.000632744399    0.0024041594    0.0017207911    0.0017207911
845    0.000319999992    0.00146686716    0.00146686716 0.000407441868    0.00216975459    0.0014886366    0.0014886366
855    0.000220000002    0.00148686988    0.00148686988 0.000234541571    0.00231632614    0.00150670123    0.00150670123
865    0.000199999995    0.00139018998    0.00139018998 0.00025362536    0.00214140909    0.00140833273    0.00140833273
875    0.000220000002    0.00136685348    0.00136685348 9.92809801e-05    0.00220363843    0.00138347561    0.00138347561
885    0.000159999996    0.00138685619    0.00138685619 5.16635446e-05    0.00226703403    0.0014021087    0.0014021087
895    0.000140000004    0.0012201668    0.0012201668 0    0.00233183848    0.00123424269    0.00123424269
905    9.99999975e-05    0.00103014079    0.00103014079 0.000206799828    0.00157037564    0.00104317046    0.00104317046
915    5.99999985e-05    0.00124016951    0.00124016951 0    0.0020810503    0.00125215179    0.00125215179
925    3.9999999e-05    0.00111348554    0.00111348554 0    0.00221860828    0.00112460833    0.00112460833
935    9.99999975e-05    0.000980134006    0.000980134006 0    0.00223613111    0.000990483561    0.000990483561
945    9.99999975e-05    0.000923459535    0.000923459535 0    0.00162677665    0.00093308941    0.00093308941
955    9.99999975e-05    0.000930127106    0.000930127106 0    0.00176145893    0.00093908608    0.00093908608
965    1.99999995e-05    0.000830113422    0.000830113422 7.14733615e-05    0.00132093136    0.000838489796    0.000838489796
975    3.9999999e-05    0.000833447266    0.000833447266 0    0.00165163155    0.000841265253    0.000841265253
985    5.99999985e-05    0.000783440424    0.000783440424 0    0.00169488951    0.000790761726    0.000790761726
995    5.99999985e-05    0.00075010251    0.00075010251 0    0.00194846501    0.000756964786    0.000756964786
1005    7.9999998e-05    0.000693428097    0.000693428097 0.000693428097    0.000693428097    0.000699875702    0.000699875702
1015    0    0.000690094312    0.000690094312 0.000690094312    0.000690094312    0.000696146744    0.000696146744
1025    0    0.000696761883    0.000696761883 0.000696761883    0.000696761883    0.000702447258    0.000702447258
1035    0    0.000593414414    0.000593414414 0.000593414414    0.000593414414    0.000598790881    0.000598790881
1045    3.9999999e-05    0.000633419899    0.000633419899 0.000633419899    0.000633419899    0.000638473372    0.000638473372
1055    0    0.000630086113    0.000630086113 0.000630086113    0.000630086113    0.000634851458    0.000634851458
1065    3.9999999e-05    0.000600081985    0.000600081985 0.000600081985    0.000600081985    0.000604587491    0.000604587491
1075    1.99999995e-05    0.000490067003    0.000490067003 0.000490067003    0.000490067003    0.000494353531    0.000494353531
1085    0    0.000566744129    0.000566744129 0.000566744129    0.000566744129    0.00057077792    0.00057077792
1095    1.99999995e-05    0.000493400788    0.000493400788 0.000493400788    0.000493400788    0.000497238943    0.000497238943
1105    1.99999995e-05    0.000510069716    0.000510069716 0.000510069716    0.000510069716    0.000513702049    0.000513702049
1115    0    0.000413389818    0.000413389818 0.000413389818    0.000413389818    0.00041686077    0.00041686077
1125    0    0.000410056033    0.000410056033 0.000410056033    0.000410056033    0.000413352274    0.000413352274
1135    1.99999995e-05    0.000420057419    0.000420057419 0.000420057419    0.000420057419    0.000423186546    0.000423186546
1145    0    0.000400054676    0.000400054676 0.000400054676    0.000400054676    0.000403035345    0.000403035345
1155    0    0.000376718148    0.000376718148 0.000376718148    0.000376718148    0.000379560835    0.000379560835
1165    0    0.000356715405    0.000356715405 0.000356715405    0.000356715405    0.000359428086    0.000359428086
1175    0    0.00039672089    0.00039672089 0.00039672089    0.00039672089    0.000399295212    0.000399295212
1185    0    0.000400054676    0.000400054676 0.000400054676    0.000400054676    0.000402508333    0.000402508333
1195    0    0.000326711306    0.000326711306 0.000326711306    0.000326711306    0.000329072325    0.000329072325
1205    0    0.000356715405    0.000356715405 0.000356715405    0.000356715405    0.000358961959    0.000358961959
1215    1.99999995e-05    0.000330045092    0.000330045092 0.000330045092    0.000330045092    0.000332198775    0.000332198775
1225    3.9999999e-05    0.000343380263    0.000343380263 0.000343380263    0.000343380263    0.000345435692    0.000345435692
1235    1.99999995e-05    0.000340046478    0.000340046478 0.000340046478    0.000340046478    0.000342013489    0.000342013489
1245    1.99999995e-05    0.000313376164    0.000313376164 0.000313376164    0.000313376164    0.00031526605    0.00031526605
1255    0    0.000326711306    0.000326711306 0.000326711306    0.000326711306    0.000328517664    0.000328517664
1265    0    0.000273370708    0.000273370708 0.000273370708    0.000273370708    0.000275116006    0.000275116006
1275    0    0.000256701751    0.000256701751 0.000256701751    0.000256701751    0.000258379965    0.000258379965
1285    0    0.000306708593    0.000306708593 0.000306708593    0.000306708593    0.000308305112    0.000308305112
1295    0    0.000293373421    0.000293373421 0.000293373421    0.000293373421    0.000294909085    0.000294909085
1305    0    0.000256701751    0.000256701751 0.000256701751    0.000256701751    0.00025818625    0.00025818625
1315    0    0.000263369322    0.000263369322 0.000263369322    0.000263369322    0.000264793809    0.000264793809
1325    0    0.000240032809    0.000240032809 0.000240032809    0.000240032809    0.000241408357    0.000241408357
1335    0    0.000196693552    0.000196693552 0    0    0.000198028385    0.000198028385
1345    0    0.000233365223    0.000233365223 0    0    0.000234639912    0.000234639912
1355    0    0.000240032809    0.000240032809 0    0    0.000241257934    0.000241257934
1365    1.99999995e-05    0.000226697652    0.000226697652 0    0    0.00022788097    0.00022788097
1375    0    0.000153354296    0.000153354296 0    0    0.000154514346    0.000154514346
1385    0    0.000166689453    0.000166689453 0    0    0.000167804465    0.000167804465
1395    0    0.000166689453    0.000166689453 0    0    0.000167764971    0.000167764971
1405    0    0.000173357024    0.000173357024 0    0    0.00017439299    0.00017439299
1415    0    0.000166689453    0.000166689453 0    0    0.000167691192    0.000167691192
1425    0    0.00018002461    0.00018002461 0    0    0.000180988209    0.000180988209
1435    0    0.000106681247    0.000106681247 0    0    0.000107631982    0.000107631982
1445    0    0.000170023239    0.000170023239 0    0    0.00017092505    0.00017092505
1455    0    0.00014001914    0.00014001914 0    0    0.000140898948    0.000140898948
1465    0    0.000153354296    0.000153354296 0    0    0.000154201494    0.000154201494
1475    0    0.000193359752    0.000193359752 0    0    0.000194168242    0.000194168242
1485    0    0.000150020496    0.000150020496 0    0    0.00015081426    0.00015081426
1495    0    0.000110015033    0.000110015033 0    0    0.000110794252    0.000110794252
1505    0    0.000146686711    0.000146686711 0    0    0.000147431376    0.000147431376
1515    0    0.000110015033    0.000110015033 0    0    0.000110746238    0.000110746238
1525    0    0.000136685354    0.000136685354 0    0    0.000137386654    0.000137386654
1535    0    0.000113348826    0.000113348826 0    0    0.000114034832    0.000114034832
1545    0    0.000106681247    0.000106681247 0    0    0.00010734822    0.00010734822
1555    0    8.33447266e-05    8.33447266e-05 0    0    8.39980421e-05    8.39980421e-05
1565    0    8.33447266e-05    8.33447266e-05 0    0    8.3978739e-05    8.3978739e-05
1575    0    0.000136685354    0.000136685354 0    0    0.000137286173    0.000137286173
1585    0    0.000126683983    0.000126683983 0    0    0.000127269668    0.000127269668
1595    0    7.66771482e-05    7.66771482e-05 0    0    7.72593412e-05    7.72593412e-05
1605    0    0.000106681247    0.000106681247 0    0    0.000107238622    0.000107238622
1615    0    7.00095698e-05    7.00095698e-05 0    0    7.05610219e-05    7.05610219e-05
1625    0    8.00109337e-05    8.00109337e-05 0    0    8.05442396e-05    8.05442396e-05
1635    0    8.66785122e-05    8.66785122e-05 0    0    8.71951343e-05    8.71951343e-05
1645    0    7.66771482e-05    7.66771482e-05 0    0    7.71821797e-05    7.71821797e-05
1655    0    8.66785122e-05    8.66785122e-05 0    0    8.71669763e-05    8.71669763e-05
1665    0    4.66730453e-05    4.66730453e-05 0    0    4.71591266e-05    4.71591266e-05
1675    0    6.66757769e-05    6.66757769e-05 0    0    6.71434827e-05    6.71434827e-05
1685    0    9.66798762e-05    9.66798762e-05 0    0    9.7126911e-05    9.7126911e-05
1695    0    6.33419913e-05    6.33419913e-05 0    0    6.37861376e-05    6.37861376e-05
1705    0    4.66730453e-05    4.66730453e-05 0    0    4.71101375e-05    4.71101375e-05
1715    0    8.33447266e-05    8.33447266e-05 0    0    8.37605257e-05    8.37605257e-05
1725    0    7.66771482e-05    7.66771482e-05 0    0    7.70839106e-05    7.70839106e-05
1735    0    5.66744129e-05    5.66744129e-05 0    0    5.70761476e-05    5.70761476e-05
1745    0    5.33406237e-05    5.33406237e-05 0    0    5.37331071e-05    5.37331071e-05
1755    0    5.66744129e-05    5.66744129e-05 0    0    5.70561424e-05    5.70561424e-05
1765    0    5.33406237e-05    5.33406237e-05 0    0    5.37137385e-05    5.37137385e-05
1775    0    5.33406237e-05    5.33406237e-05 0    0    5.37045162e-05    5.37045162e-05
1785    0    8.33447266e-05    8.33447266e-05 0    0    8.36914551e-05    8.36914551e-05
1795    0    4.00054669e-05    4.00054669e-05 0    0    4.03554295e-05    4.03554295e-05
1805    0    5.00068345e-05    5.00068345e-05 0    0    5.03456649e-05    5.03456649e-05
1815    0    5.00068345e-05    5.00068345e-05 0    0    5.0337534e-05    5.0337534e-05
1825    0    3.33378885e-05    3.33378885e-05 0    0    3.36652811e-05    3.36652811e-05
1835    0    4.33392561e-05    4.33392561e-05 0    0    4.36562659e-05    4.36562659e-05
1845    0    4.33392561e-05    4.33392561e-05 0    0    4.36488481e-05    4.36488481e-05
1855    0    3.00041011e-05    3.00041011e-05 0    0    3.03101606e-05    3.03101606e-05
1865    0    4.33392561e-05    4.33392561e-05 0    0    4.36346818e-05    4.36346818e-05
1875    0    3.66716777e-05    3.66716777e-05 0    0    3.69621557e-05    3.69621557e-05
1885    0    3.33378885e-05    3.33378885e-05 0    0    3.36227058e-05    3.36227058e-05
1895    0    3.00041011e-05    3.00041011e-05 0    0    3.02834451e-05    3.02834451e-05
1905    0    3.00041011e-05    3.00041011e-05 0    0    3.02772405e-05    3.02772405e-05
1915    0    2.66703119e-05    2.66703119e-05 0    0    2.69383436e-05    2.69383436e-05
1925    0    6.66757796e-06    6.66757796e-06 0    0    6.93523998e-06    6.93523998e-06
1935    0    5.33406237e-05    5.33406237e-05 0    0    5.35897962e-05    5.35897962e-05
1945    0    2.66703119e-05    2.66703119e-05 0    0    2.69212687e-05    2.69212687e-05
1955    0    1.33351559e-05    1.33351559e-05 0    0    1.35843911e-05    1.35843911e-05
1965    0    1.00013667e-05    1.00013667e-05 0    0    1.02462882e-05    1.02462882e-05
1975    0    5.33406237e-05    5.33406237e-05 0    0    5.35685722e-05    5.35685722e-05
1985    0    1.33351559e-05    1.33351559e-05 0    0    1.35691298e-05    1.35691298e-05
1995    0    2.66703119e-05    2.66703119e-05 0    0    2.68958156e-05    2.68958156e-05
2005    0    3.33378885e-05    3.33378885e-05 0    0    3.35568802e-05    3.35568802e-05
2015    0    6.66757796e-06    6.66757796e-06 0    0    6.88932187e-06    6.88932187e-06
2025    0    3.66716777e-05    3.66716777e-05 0    0    3.68807559e-05    3.68807559e-05
2035    0    2.33365226e-05    2.33365226e-05 0    0    2.35449352e-05    2.35449352e-05
2045    0    1.33351559e-05    1.33351559e-05 0    0    1.35421005e-05    1.35421005e-05
2055    0    1.66689442e-05    1.66689442e-05 0    0    1.68708757e-05    1.68708757e-05
2065    0    3.00041011e-05    3.00041011e-05 0    0    3.019838e-05    3.019838e-05
2075    0    6.66757796e-06    6.66757796e-06 0    0    6.86436397e-06    6.86436397e-06
2085    0    2.00027334e-05    2.00027334e-05 0    0    2.01920702e-05    2.01920702e-05
2095    0    2.00027334e-05    2.00027334e-05 0    0    2.01883722e-05    2.01883722e-05
2105    0    1.00013667e-05    1.00013667e-05 0    0    1.01861442e-05    1.01861442e-05
2115    0    1.66689442e-05    1.66689442e-05 0    0    1.68483784e-05    1.68483784e-05
2125    0    1.00013667e-05    1.00013667e-05 0    0    1.01792029e-05    1.01792029e-05
2135    0    1.00013667e-05    1.00013667e-05 0    0    1.01758615e-05    1.01758615e-05
2145    0    1.66689442e-05    1.66689442e-05 0    0    1.68383503e-05    1.68383503e-05
2155    0    2.66703119e-05    2.66703119e-05 0    0    2.68337935e-05    2.68337935e-05
2165    0    2.00027334e-05    2.00027334e-05 0    0    2.016494e-05    2.016494e-05
2175    0    1.33351559e-05    1.33351559e-05 0    0    1.3496162e-05    1.3496162e-05
2185    0    2.33365226e-05    2.33365226e-05 0    0    2.3491828e-05    2.3491828e-05
2195    0    0    0 0    0    1.58819446e-07    1.58819446e-07
2205    0    1.33351559e-05    1.33351559e-05 0    0    1.34875008e-05    1.34875008e-05
2215    0    1.33351559e-05    1.33351559e-05 0    0    1.34847496e-05    1.34847496e-05
2225    0    6.66757796e-06    6.66757796e-06 0    0    6.81631263e-06    6.81631263e-06
2235    0    1.00013667e-05    1.00013667e-05 0    0    1.01465621e-05    1.01465621e-05
2245    0    3.33378898e-06    3.33378898e-06 0    0    3.47824789e-06    3.47824789e-06
2255    0    6.66757796e-06    6.66757796e-06 0    0    6.8086174e-06    6.8086174e-06
2265    0    6.66757796e-06    6.66757796e-06 0    0    6.80616995e-06    6.80616995e-06
2275    0    2.00027334e-05    2.00027334e-05 0    0    2.01352759e-05    2.01352759e-05
2285    0    1.00013667e-05    1.00013667e-05 0    0    1.01343139e-05    1.01343139e-05
2295    0    6.66757796e-06    6.66757796e-06 0    0    6.79915274e-06    6.79915274e-06
2305    0    1.00013667e-05    1.00013667e-05 0    0    1.01297928e-05    1.01297928e-05
2315    0    1.00013667e-05    1.00013667e-05 0    0    1.01276073e-05    1.01276073e-05
2325    0    6.66757796e-06    6.66757796e-06 0    0    6.79259529e-06    6.79259529e-06
2335    0    1.33351559e-05    1.33351559e-05 0    0    1.34562561e-05    1.34562561e-05
2345    0    1.00013667e-05    1.00013667e-05 0    0    1.01213354e-05    1.01213354e-05
2355    0    3.33378898e-06    3.33378898e-06 0    0    3.45358649e-06    3.45358649e-06
2365    0    1.33351559e-05    1.33351559e-05 0    0    1.34502552e-05    1.34502552e-05
2375    0    3.33378898e-06    3.33378898e-06 0    0    3.44971522e-06    3.44971522e-06
2385    0    6.66757796e-06    6.66757796e-06 0    0    6.78071683e-06    6.78071683e-06
2395    0    3.33378898e-06    3.33378898e-06 0    0    3.44600744e-06    3.44600744e-06
