5    0.000239999994    0    0 0    0    0    0
15    0.00121999998    0    0 0    0    0    0
25    0.00162    0    0 0    0    0    0
35    0.00225999998    0    0 0    0    0    0
45    0.00271999999    0    0 0    0    0    0
55    0.00318    0    0 0    0    0    0
65    0.00322000007    0    0 0    0    0    0
75    0.00307999994    0    0 0    0    0    0
85    0.00313999993    0    0 0    0    0    0
95    0.00337999989    0    0 0    0    0    0
105    0.00322000007    0    0 0    0    0    0
115    0.00325999991    0    0 0    0    0    0
125    0.00334000005    0    0 0    0    0    0
135    0.0039400002    0    0 0    0    0    0
145    0.00301999995    0    0 0    0    0    0
155    0.00389999989    0    0 0    0    0    0
165    0.00371999992    1.33333333e-05    1.33333333e-05 1.33333333e-05    1.33333333e-05    7.41996246e-06    7.41996246e-06
175    0.00381999998    2.99999992e-05    2.99999992e-05 2.99999992e-05    2.99999992e-05    2.33505725e-05    2.33505725e-05
185    0.00427999999    3.9999999e-05    3.9999999e-05 3.9999999e-05    3.9999999e-05    3.24881694e-05    3.24881694e-05
195    0.00380000006    3.33333337e-05    3.33333337e-05 3.33333337e-05    3.33333337e-05    2.48049364e-05    2.48049364e-05
205    0.00436000014    0.000106666666    0.000106666666 0.000106666666    0.000106666666    9.69238972e-05    9.69238972e-05
215    0.00445999997    9.99999975e-05    9.99999975e-05 0.00014745591    6.74127441e-05    8.88092691e-05    8.88092691e-05
225    0.00473999977    0.000159999996    0.000159999996 0.00023720492    0.000106958309    0.00014705483    0.00014705483
235    0.00478000008    0.000206666664    0.000206666664 0.000299999258    0.000142540332    0.000191583822    0.000191583822
245    0.00467999978    0.000296666665    0.000296666665 0.000427867722    0.000206485085    0.000278947555    0.000278947555
255    0.00523999985    0.00039666667    0.00039666667 0.00054381165    0.000295469392    0.000375662989    0.000375662989
265    0.00516000018    0.000453333341    0.000453333341 0.000628060894    0.000333122502    0.000428189174    0.000428189174
275    0.00600000005    0.000569999975    0.000569999975 0.000774221495    0.000429460168    0.000539551897    0.000539551897
285    0.00632000016    0.000803333358    0.000803333358 0.00105787499    0.000628186681    0.000765979465    0.000765979465
295    0.00677999994    0.00103333336    0.00103333336 0.00130116334    0.000848934869    0.000986836501    0.000986836501
305    0.00742000015    0.0012066667    0.0012066667 0.0014978752    0.00100611616    0.00114781153    0.00114781153
315    0.00846000016    0.00166333339    0.00166333339 0.00201913761    0.00141830381    0.00158733677    0.00158733677
325    0.00949999969    0.00218666671    0.00218666671 0.00255525741    0.00193264103    0.00208624592    0.00208624592
335    0.0110799996    0.00291333324    0.00291333324 0.00335452775    0.00260897842    0.00277692196    0.00277692196
345    0.0128600001    0.00392666645    0.00392666645 0.00448633172    0.00354136457    0.00373506523    0.00373506523
355    0.0162599999    0.00536666671    0.00536666671 0.00600221194    0.00493023219    0.00508623803    0.00508623803
365    0.0190200005    0.00846666656    0.00846666656 0.00940105692    0.00782739185    0.00803442392    0.00803442392
375    0.0266800001    0.0130366664    0.0130366664 0.0144229895    0.0120916571    0.0123251714    0.0123251714
385    0.0371199995    0.0213099997    0.0213099997 0.0233874116    0.0198987368    0.020035414    0.020035414
395    0.0540000014    0.0373900011    0.0373900011 0.0405499302    0.0352456532    0.0348532647    0.0348532647
405    0.082220003    0.0695766658    0.0695766658 0.0740233436    0.0665626675    0.0639997348    0.0639997348
415    0.125780001    0.130786672    0.130786672 0.135532722    0.127573073    0.120080382    0.120080382
425    0.158299997    0.186693341    0.186693341 0.188242882    0.18547    0.186679736    0.186679736
435    0.12032    0.152546674    0.152546674 0.148665056    0.155174419    0.163232312    0.163232312
445    0.0711399987    0.0903433338    0.0903433338 0.0854007229    0.0936874822    0.0959086195    0.0959086195
455    0.0413799994    0.0544466674    0.0544466674 0.0501060002    0.0573844537    0.0569767095    0.0569767095
465    0.0232800003    0.0361233316    0.0361233316 0.0324739739    0.0385937579    0.0373937339    0.0373937339
475    0.0150600001    0.0255366676    0.0255366676 0.0225009099    0.027591709    0.0262453519    0.0262453519
485    0.0109999999    0.0185800008    0.0185800008 0.0160373058    0.0203015059    0.0190102719    0.0190102719
495    0.0070199999    0.0140199997    0.0140199997 0.0119245518    0.015438877    0.0142990164    0.0142990164
505    0.00546000013    0.0116699999    0.0116699999 0.00978602748    0.0129460497    0.0118604647    0.0118604647
515    0.00431999983    0.00921333302    0.00921333302 0.00759816961    0.0103070429    0.00934886187    0.00934886187
525    0.00295999995    0.00815999974    0.00815999974 0.00664537633    0.00918551162    0.00825966708    0.00825966708
535    0.00237999996    0.00683333352    0.00683333352 0.00544863194    0.00777138071    0.00690871058    0.00690871058
545    0.00197999994    0.00585333351    0.00585333351 0.00459930114    0.00670319982    0.00591167435    0.00591167435
555    0.00176000001    0.00514333323    0.00514333323 0.00395943271    0.00594515307    0.00518938014    0.00518938014
565    0.00139999995    0.00479333336    0.00479333336 0.00360404234    0.0055999388    0.00483027939    0.00483027939
575    0.00167999999    0.00420333352    0.00420333352 0.00315373554    0.00491589587    0.00423343387    0.00423343387
585    0.000939999998    0.00368000008    0.00368000008 0.0027195788    0.00433208328    0.00370484311    0.00370484311
595    0.000899999985    0.00339333341    0.00339333341 0.00242884527    0.00404705619    0.00341406069    0.00341406069
605    0.000679999997    0.0029333334    0.0029333334 0.00207451335    0.00351507217    0.00295081711    0.00295081711
615    0.000520000001    0.00282333326    0.00282333326 0.00197553565    0.00339826779    0.00283819553    0.00283819553
625    0.000579999993    0.00262333336    0.00262333336 0.00168866443    0.00325634284    0.00263607572    0.00263607572
635    0.00046000001    0.0024933333    0.0024933333 0.00157175306    0.00311780139    0.00250433525    0.00250433525
645    0.00039999999    0.00212333328    0.00212333328 0.00141280715    0.00260431645    0.00213291356    0.00213291356
655    0.000419999997    0.00204333337    0.00204333337 0.00128336449    0.00255665509    0.00205171038    0.00205171038
665    0.000199999995    0.00182666664    0.00182666664 0.00111631781    0.00230609789    0.0018340426    0.0018340426
675    0.000119999997    0.00177666661    0.00177666661 0.00110893964    0.00222724816    0.00178318447    0.00178318447
685    0.000159999996    0.00166666671    0.00166666671 0.000952950621    0.0021487514    0.00167245755    0.00167245755
695    0.000159999996    0.00149666669    0.00149666669 0.000839493412    0.00194046181    0.00150183949    0.00150183949
705    9.99999975e-05    0.00147000002    0.00147000002 0.000826333417    0.00190433406    0.00147463079    0.00147463079
715    5.99999985e-05    0.00144000002    0.00144000002 0.000719846867    0.0019251206    0.00144416117    0.00144416117
725    0.000140000004    0.00129666668    0.00129666668 0.000609441544    0.00175926532    0.00130042701    0.00130042701
735    0.000140000004    0.00133333332    0.00133333332 0.000603803899    0.00182459177    0.0013367309    0.0013367309
745    5.99999985e-05    0.00111333339    0.00111333339 0.00057271414    0.00147660112    0.00111643027    0.00111643027
755    5.99999985e-05    0.00106666668    0.00106666668 0.000408401422    0.00150852965    0.00106948754    0.00106948754
765    9.99999975e-05    0.00106333336    0.00106333336 0.000414357404    0.00149901502    0.0010659066    0.0010659066
775    0    0.000956666656    0.000956666656 0.000259682274    0.00142355741    0.0009590275    0.0009590275
785    9.99999975e-05    0.000896666665    0.000896666665 0.00033783546    0.00127060188    0.000898835366    0.000898835366
795    9.99999975e-05    0.000959999976    0.000959999976 0.000153005458    0.00149986404    0.000961988117    0.000961988117
805    5.99999985e-05    0.000783333322    0.000783333322 0.00151113642    0.000297431456    0.000785176409    0.000785176409
815    7.9999998e-05    0.000833333354    0.000833333354 0.00136211049    0.000480953255    0.000835030572    0.000835030572
825    0.000119999997    0.000783333322    0.000783333322 0.00128196168    0.000451398315    0.00078490586    0.00078490586
835    1.99999995e-05    0.000686666695    0.000686666695 0.00112582406    0.000394810253    0.000688130036    0.000688130036
845    1.99999995e-05    0.000699999975    0.000699999975 0.00114986277    0.000401556375    0.000701357028    0.000701357028
855    3.9999999e-05    0.000636666664    0.000636666664 0.00104774896    0.000364438369    0.000637932506    0.000637932506
865    0    0.000626666646    0.000626666646 0.00103351625    0.000357795827    0.000627845875    0.000627845875
875    0    0.000613333308    0.000613333308 0.00101299945    0.000349534181    0.000614433782    0.000614433782
885    3.9999999e-05    0.000569999975    0.000569999975 0.000942805724    0.000324267079    0.0005710306    0.0005710306
895    0    0.000513333362    0.000513333362 0.000850976619    0.000291270728    0.000514301239    0.000514301239
905    5.99999985e-05    0.000696666655    0.000696666655 0.00115767808    0.00039418356    0.000697559735    0.000697559735
915    5.99999985e-05    0.000543333357    0.000543333357 0.000904770044    0.000306674832    0.000544181035    0.000544181035
925    0    0.000536666659    0.000536666659 0.000895771023    0.000302094617    0.000537462707    0.000537462707
935    3.9999999e-05    0.000490000006    0.000490000006 0.000819799316    0.000275074912    0.00049075135    0.00049075135
945    1.99999995e-05    0.00046000001    0.00046000001 0.000771339226    0.000257563981    0.000460709038    0.000460709038
955    3.9999999e-05    0.00046333333    0.00046333333 0.000778744579    0.000258729269    0.000464000914    0.000464000914
965    0    0.000503333344    0.000503333344 0.000848259195    0.000280204782    0.000503959833    0.000503959833
975    0    0.000500000024    0.000500000024 0.000844468886    0.000277662795    0.000500591239    0.000500591239
985    1.99999995e-05    0.00039999999    0.00039999999 0.000677630131    0.000221360824    0.000400565506    0.000400565506
995    0    0.000449999992    0.000449999992 0.000764510769    0.000248231983    0.000450531137    0.000450531137
1005    5.99999985e-05    0.000423333346    0.000423333346 0    0    0.000423837773    0.000423837773
1015    0    0.000429999985    0.000429999985 0    0    0.000430477201    0.000430477201
1025    0    0.000426666666    0.000426666666 0    0    0.000427119143    0.000427119143
1035    0    0.000326666661    0.000326666661 0    0    0.000327103044    0.000327103044
1045    1.99999995e-05    0.000353333337    0.000353333337 0    0    0.000353745854    0.000353745854
1055    0    0.000306666654    0.000306666654 0    0    0.000307062088    0.000307062088
1065    3.9999999e-05    0.000306666654    0.000306666654 0    0    0.000307042821    0.000307042821
1075    0    0.000316666672    0.000316666672 0    0    0.00031702398    0.00031702398
1085    0    0.000346666668    0.000346666668 0    0    0.000347004796    0.000347004796
1095    0    0.000303333334    0.000303333334 0    0    0.000303658599    0.000303658599
1105    3.9999999e-05    0.000276666658    0.000276666658 0    0    0.000276978768    0.000276978768
1115    0    0.00026999999    0.00026999999 0    0    0.000270298362    0.000270298362
1125    0    0.000283333327    0.000283333327 0    0    0.000283617323    0.000283617323
1135    0    0.00026666667    0.00026666667 0    0    0.000266939169    0.000266939169
1145    0    0.000286666676    0.000286666676 0    0    0.0002869257    0.0002869257
1155    0    0.00026666667    0.00026666667 0    0    0.000266915828    0.000266915828
1165    0    0.00026666667    0.00026666667 0    0    0.000266905088    0.000266905088
1175    0    0.000280000007    0.000280000007 0    0    0.000280227279    0.000280227279
1185    0    0.000253333332    0.000253333332 0    0    0.00025355292    0.00025355292
1195    0    0.000256666681    0.000256666681 0    0    0.000256876869    0.000256876869
1205    0    0.000246666663    0.000246666663 0    0    0.000246868876    0.000246868876
1215    0    0.000273333339    0.000273333339 0    0    0.000273525366    0.000273525366
1225    0    0.00023333334    0.00023333334 0    0    0.000233520434    0.000233520434
1235    1.99999995e-05    0.00023333334    0.00023333334 0    0    0.000233512983    0.000233512983
1245    1.99999995e-05    0.000213333333    0.000213333333 0    0    0.000213507315    0.000213507315
1255    1.99999995e-05    0.000186666672    0.000186666672 0    0    0.000186835838    0.000186835838
1265    1.99999995e-05    0.000209999998    0.000209999998 0    0    0.00021016103    0.00021016103
1275    0    0.000226666671    0.000226666671 0    0    0.000226820324    0.000226820324
1285    0    0.000146666673    0.000146666673 0    0    0.000146820297    0.000146820297
1295    0    0.000146666673    0.000146666673 0    0    0.000146814695    0.000146814695
1305    0    0.00013    0.00013 0    0    0.00013014389    0.00013014389
1315    0    0.000169999999    0.000169999999 0    0    0.000170135871    0.000170135871
1325    0    0.000143333338    0.000143333338 0    0    0.000143466255    0.000143466255
1335    0    0.000156666661    0.000156666661 0    0    0.000156793947    0.000156793947
1345    0    0.00013    0.00013 0    0    0.000130124754    0.000130124754
1355    0    0.000199999995    0.000199999995 0    0    0.000200115377    0.000200115377
1365    0    0.000103333332    0.000103333332 0    0    0.000103451639    0.000103451639
1375    0    0.000169999999    0.000169999999 0    0    0.000170109517    0.000170109517
1385    1.99999995e-05    0.000133333335    0.000133333335 0    0    0.000133441761    0.000133441761
1395    0    0.000140000004    0.000140000004 0    0    0.000140104326    0.000140104326
1405    0    0.000123333331    0.000123333331 0    0    0.000123435399    0.000123435399
1415    0    0.000136666669    0.000136666669 0    0    0.000136764429    0.000136764429
1425    0    0.000126666666    0.000126666666 0    0    0.000126761966    0.000126761966
1435    0    0.000103333332    0.000103333332 0    0    0.000103427257    0.000103427257
1445    0    0.00011666667    0.00011666667 0    0    0.000116756666    0.000116756666
1455    0    0.000119999997    0.000119999997 0    0    0.000120086908    0.000120086908
1465    0    0.000103333332    0.000103333332 0    0    0.00010341873    0.00010341873
1475    0    0.000133333335    0.000133333335 0    0    0.000133413923    0.000133413923
1485    0    7.00000019e-05    7.00000019e-05 0    0    7.00826713e-05    7.00826713e-05
1495    0    9.33333358e-05    9.33333358e-05 0    0    9.34118652e-05    9.34118652e-05
1505    0    0.000113333335    0.000113333335 0    0    0.000113408052    0.000113408052
1515    0    0.000123333331    0.000123333331 0    0    0.000123405058    0.000123405058
1525    0    9.00000014e-05    9.00000014e-05 0    0    9.00719824e-05    9.00719824e-05
1535    0    9.66666703e-05    9.66666703e-05 0    0    9.67360611e-05    9.67360611e-05
1545    0    7.9999998e-05    7.9999998e-05 0    0    8.00685812e-05    8.00685812e-05
1555    0    2.99999992e-05    2.99999992e-05 0    0    3.00702632e-05    3.00702632e-05
1565    0    0    0 0    0    7.05594658e-08    7.05594658e-08
1575    0    0    0 0    0    6.87351331e-08    6.87351331e-08
1585    0    0    0 0    0    6.69731506e-08    6.69731506e-08
1595    0    0    0 0    0    6.5270882e-08    6.5270882e-08
1605    0    0    0 0    0    6.36258051e-08    6.36258051e-08
1615    0    0    0 0    0    6.20355536e-08    6.20355536e-08
1625    0    0    0 0    0    6.04978538e-08    6.04978538e-08
1635    0    0    0 0    0    5.90105564e-08    5.90105564e-08
1645    0    0    0 0    0    5.75716079e-08    5.75716079e-08
1655    0    0    0 0    0    5.61790721e-08    5.61790721e-08
1665    0    0    0 0    0    5.48310801e-08    5.48310801e-08
1675    0    0    0 0    0    5.352587e-08    5.352587e-08
1685    0    0    0 0    0    5.2261754e-08    5.2261754e-08
1695    0    0    0 0    0    5.10371372e-08    5.10371372e-08
1705    0    0    0 0    0    4.98504775e-08    4.98504775e-08
1715    0    0    0 0    0    4.8700322e-08    4.8700322e-08
1725    0    0    0 0    0    4.75852779e-08    4.75852779e-08
1735    0    0    0 0    0    4.65040131e-08    4.65040131e-08
1745    0    0    0 0    0    4.54552627e-08    4.54552627e-08
1755    0    0    0 0    0    4.44378081e-08    4.44378081e-08
1765    0    0    0 0    0    4.34504912e-08    4.34504912e-08
1775    0    0    0 0    0    4.24922106e-08    4.24922106e-08
1785    0    0    0 0    0    4.1561897e-08    4.1561897e-08
1795    0    0    0 0    0    4.06585485e-08    4.06585485e-08
1805    0    0    0 0    0    3.97811846e-08    3.97811846e-08
1815    0    0    0 0    0    3.8928885e-08    3.8928885e-08
1825    0    0    0 0    0    3.81007581e-08    3.81007581e-08
1835    0    0    0 0    0    3.72959548e-08    3.72959548e-08
1845    0    0    0 0    0    3.65136579e-08    3.65136579e-08
1855    0    0    0 0    0    3.57530858e-08    3.57530858e-08
1865    0    0    0 0    0    3.50134925e-08    3.50134925e-08
1875    0    0    0 0    0    3.42941533e-08    3.42941533e-08
1885    0    0    0 0    0    3.35943895e-08    3.35943895e-08
1895    0    0    0 0    0    3.29135297e-08    3.29135297e-08
1905    0    0    0 0    0    3.22509486e-08    3.22509486e-08
1915    0    0    0 0    0    3.16060316e-08    3.16060316e-08
1925    0    0    0 0    0    3.0978196e-08    3.0978196e-08
1935    0    0    0 0    0    3.0366877e-08    3.0366877e-08
1945    0    0    0 0    0    2.97715363e-08    2.97715363e-08
1955    0    0    0 0    0    2.91916571e-08    2.91916571e-08
1965    0    0    0 0    0    2.86267419e-08    2.86267419e-08
1975    0    0    0 0    0    2.80763093e-08    2.80763093e-08
1985    0    0    0 0    0    2.75398939e-08    2.75398939e-08
1995    0    0    0 0    0    2.70170588e-08    2.70170588e-08
2005    0    0    0 0    0    2.65073741e-08    2.65073741e-08
2015    0    0    0 0    0    2.60104294e-08    2.60104294e-08
2025    0    0    0 0    0    2.55258303e-08    2.55258303e-08
2035    0    0    0 0    0    2.50531915e-08    2.50531915e-08
2045    0    0    0 0    0    2.45921523e-08    2.45921523e-08
2055    0    0    0 0    0    2.41423557e-08    2.41423557e-08
2065    0    0    0 0    0    2.37034588e-08    2.37034588e-08
2075    0    0    0 0    0    2.327514e-08    2.327514e-08
2085    0    0    0 0    0    2.28570762e-08    2.28570762e-08
2095    0    0    0 0    0    2.24489636e-08    2.24489636e-08
2105    0    0    0 0    0    2.20505108e-08    2.20505108e-08
2115    0    0    0 0    0    2.16614335e-08    2.16614335e-08
2125    0    0    0 0    0    2.1281453e-08    2.1281453e-08
2135    0    0    0 0    0    2.09103099e-08    2.09103099e-08
2145    0    0    0 0    0    2.05477466e-08    2.05477466e-08
2155    0    0    0 0    0    2.01935144e-08    2.01935144e-08
2165    0    0    0 0    0    1.98473824e-08    1.98473824e-08
2175    0    0    0 0    0    1.95091108e-08    1.95091108e-08
2185    0    0    0 0    0    1.91784864e-08    1.91784864e-08
2195    0    0    0 0    0    1.88552889e-08    1.88552889e-08
2205    0    0    0 0    0    1.85393141e-08    1.85393141e-08
2215    0    0    0 0    0    1.82303594e-08    1.82303594e-08
2225    0    0    0 0    0    1.79282296e-08    1.79282296e-08
2235    0    0    0 0    0    1.76327415e-08    1.76327415e-08
2245    0    0    0 0    0    1.73437105e-08    1.73437105e-08
2255    0    0    0 0    0    1.70609624e-08    1.70609624e-08
2265    0    0    0 0    0    1.67843268e-08    1.67843268e-08
2275    0    0    0 0    0    1.65136402e-08    1.65136402e-08
2285    0    0    0 0    0    1.6248741e-08    1.6248741e-08
2295    0    0    0 0    0    1.59894782e-08    1.59894782e-08
2305    0    0    0 0    0    1.57357025e-08    1.57357025e-08
2315    0    0    0 0    0    1.54872684e-08    1.54872684e-08
2325    0    0    0 0    0    1.52440371e-08    1.52440371e-08
2335    0    0    0 0    0    1.50058721e-08    1.50058721e-08
2345    0    0    0 0    0    1.47726427e-08    1.47726427e-08
2355    0    0    0 0    0    1.45442201e-08    1.45442201e-08
2365    0    0    0 0    0    1.43204844e-08    1.43204844e-08
2375    0    0    0 0    0    1.41013139e-08    1.41013139e-08
2385    0    0    0 0    0    1.38865914e-08    1.38865914e-08
2395    0    0    0 0    0    1.36762077e-08    1.36762077e-08
