5    0.00046000001    0    0 0    0    0    0
15    0.00158000004    0    0 0    0    0    0
25    0.0030400001    0    0 0    0    0    0
35    0.00319999992    0    0 0    0    0    0
45    0.00371999992    0    0 0    0    0    0
55    0.00469999993    0    0 0    0    0    0
65    0.00487999991    0    0 0    0    0    0
75    0.00472000008    0    0 0    0    0    0
85    0.00505999988    0    0 0    0    0    0
95    0.00537999999    0    0 0    0    0    0
105    0.00529999984    0    0 0    0    0    0
115    0.00508000003    0    0 0    0    0    0
125    0.00561999995    0    0 0    0    0    0
135    0.00520000001    3.33333332e-06    3.33333332e-06 0    0    0    0
145    0.00555999996    0    0 0    0    0    0
155    0.00508000003    0    0 0    0    0    0
165    0.00526000001    1.33333333e-05    1.33333333e-05 1.33333333e-05    1.33333333e-05    3.15648549e-06    3.15648549e-06
175    0.00546000013    1.33333333e-05    1.33333333e-05 1.33333333e-05    1.33333333e-05    2.11236852e-06    2.11236852e-06
185    0.0055999998    2.99999992e-05    2.99999992e-05 2.99999992e-05    2.99999992e-05    1.75849018e-05    1.75849018e-05
195    0.00555999996    6.33333329e-05    6.33333329e-05 6.33333329e-05    6.33333329e-05    4.95471249e-05    4.95471249e-05
205    0.00532    7.66666635e-05    7.66666635e-05 7.66666635e-05    7.66666635e-05    6.13046359e-05    6.13046359e-05
215    0.00534000015    9.66666703e-05    9.66666703e-05 0.000135244176    7.01237732e-05    7.94793377e-05    7.94793377e-05
225    0.00606000004    0.000106666666    0.000106666666 0.000148223917    7.806957e-05    8.73560784e-05    8.73560784e-05
235    0.00558000011    0.00016333333    0.00016333333 0.000225819473    0.000120277684    0.000141529352    0.000141529352
245    0.00627999986    0.000209999998    0.000209999998 0.000287234696    0.000156725087    0.000185259836    0.000185259836
255    0.00590000022    0.00019666666    0.00019666666 0.000264488743    0.000149760599    0.000168451297    0.000168451297
265    0.00618000003    0.000300000014    0.000300000014 0.000399781478    0.000230804522    0.000267610943    0.000267610943
275    0.00632000016    0.000393333321    0.000393333321 0.000510748883    0.000311839831    0.000355915865    0.000355915865
285    0.00612000003    0.000496666646    0.000496666646 0.000639342587    0.000397450465    0.000453132205    0.000453132205
295    0.00749999983    0.00059333333    0.00059333333 0.000746892067    0.000486437028    0.000542286201    0.000542286201
305    0.00779999979    0.000763333344    0.000763333344 0.00095498492    0.000629779417    0.000702945341    0.000702945341
315    0.00755999982    0.000863333349    0.000863333349 0.00104551273    0.000736099028    0.000791215571    0.000791215571
325    0.00867999997    0.00124333333    0.00124333333 0.00147104647    0.00108402735    0.00115622813    0.00115622813
335    0.00894000009    0.00135333335    0.00135333335 0.00157616066    0.00119696988    0.00124689017    0.00124689017
345    0.00911999959    0.00190333335    0.00190333335 0.00219399738    0.00169883028    0.00177137903    0.00177137903
355    0.0105600003    0.00226333342    0.00226333342 0.0025304642    0.00207571499    0.00209720363    0.00209720363
365    0.0118399998    0.00312333344    0.00312333344 0.00345962192    0.00288752373    0.00291027594    0.00291027594
375    0.0136000002    0.00407333346    0.00407333346 0.00447548414    0.00379164936    0.00379430735    0.00379430735
385    0.0139600001    0.00527000008    0.00527000008 0.00576449558    0.00492409663    0.00489547849    0.00489547849
395    0.0172600001    0.00719333347    0.00719333347 0.00784249231    0.00673958054    0.00667579705    0.00667579705
405    0.0211999994    0.0101199998    0.0101199998 0.0109679466    0.00952780712    0.00937987119    0.00937987119
415    0.0256999992    0.014283333    0.014283333 0.0154177714    0.0134915486    0.0131812617    0.0131812617
425    0.0312399995    0.0207700003    0.0207700003 0.0223332904    0.0196796004    0.0190507993    0.0190507993
435    0.0420200005    0.0302300006    0.0302300006 0.0322868153    0.0287958104    0.027413046    0.027413046
445    0.0538400002    0.0468900017    0.0468900017 0.0495705605    0.0450231954    0.0421068743    0.0421068743
455    0.0753799975    0.0732500032    0.0732500032 0.0763725266    0.0710780695    0.0654523894    0.0654523894
465    0.0913200006    0.10836333    0.10836333 0.11101193    0.106518634    0.0994557738    0.0994557738
475    0.0989200026    0.132039994    0.132039994 0.132808536    0.13145037    0.132020712    0.132020712
485    0.0856800005    0.120563336    0.120563336 0.118654832    0.12189322    0.129437461    0.129437461
495    0.0611599982    0.0895700008    0.0895700008 0.0863466263    0.0918158665    0.0973438248    0.0973438248
505    0.0412800014    0.0625433326    0.0625433326 0.0591298267    0.0649222583    0.0673104823    0.0673104823
515    0.0290200002    0.0431666672    0.0431666672 0.0400551036    0.0453324504    0.0459729023    0.0459729023
525    0.0188999996    0.0316166654    0.0316166654 0.0288629886    0.033531528    0.0333282128    0.0333282128
535    0.0137200002    0.0243200008    0.0243200008 0.0218441896    0.0260432959    0.0254164338    0.0254164338
545    0.0103799999    0.0186766665    0.0186766665 0.0165527184    0.0201567505    0.0194125902    0.0194125902
555    0.00745999999    0.0152200004    0.0152200004 0.0132672535    0.0165809654    0.0157342628    0.0157342628
565    0.00576000009    0.0124266669    0.0124266669 0.01070737    0.0136240013    0.0127986036    0.0127986036
575    0.00475999992    0.0104400003    0.0104400003 0.00886759441    0.0115348762    0.0107169067    0.0107169067
585    0.00392000005    0.00846000016    0.00846000016 0.00710214861    0.00940581597    0.00867136568    0.00867136568
595    0.00237999996    0.00759333326    0.00759333326 0.00627096556    0.00851409975    0.00775802368    0.00775802368
605    0.00242000003    0.00641666679    0.00641666679 0.00521072512    0.00725568458    0.00654740585    0.00654740585
615    0.00196000002    0.00557666644    0.00557666644 0.00445347559    0.00635787053    0.00568209775    0.00568209775
625    0.00173999998    0.00484000007    0.00484000007 0.00381328608    0.00555417081    0.00492621679    0.00492621679
635    0.00135999999    0.00442000013    0.00442000013 0.00340218307    0.00512786442    0.00449134642    0.00449134642
645    0.00126000005    0.00401666667    0.00401666667 0.00307850307    0.00466869259    0.00407635653    0.00407635653
655    0.000600000028    0.00374666671    0.00374666671 0.00276526343    0.00442883745    0.00379708013    0.00379708013
665    0.000899999985    0.00335999997    0.00335999997 0.00242428342    0.00401013158    0.0034029712    0.0034029712
675    0.000639999984    0.00305666658    0.00305666658 0.00214631413    0.0036888374    0.00309358025    0.00309358025
685    0.000360000005    0.00288666668    0.00288666668 0.00207363605    0.00345135736    0.00291859033    0.00291859033
695    0.000560000015    0.00265666656    0.00265666656 0.00185446301    0.00321332458    0.00268446538    0.00268446538
705    0.000380000012    0.00233333325    0.00233333325 0.001440419    0.00295252167    0.002357702    0.002357702
715    0.000280000007    0.00225333334    0.00225333334 0.00148363796    0.00278703496    0.00227478426    0.00227478426
725    0.000380000012    0.0020033333    0.0020033333 0.00125462376    0.00252195681    0.00202233577    0.00202233577
735    0.000380000012    0.00194999995    0.00194999995 0.00128625857    0.00240938668    0.00196688832    0.00196688832
745    0.000199999995    0.00181666669    0.00181666669 0.00117132522    0.00226295623    0.00183175213    0.00183175213
755    0.000339999999    0.00155333336    0.00155333336 0.000787455414    0.00208268524    0.00156688341    0.00156688341
765    0.000140000004    0.00158000004    0.00158000004 0.000827090407    0.00210000388    0.00159217999    0.00159217999
775    0.000180000003    0.00147666666    0.00147666666 0.000769083039    0.00196486502    0.00148767012    0.00148767012
785    0.000199999995    0.00141333335    0.00141333335 0.000838702021    0.00180936488    0.00142330187    0.00142330187
795    1.99999995e-05    0.00139999995    0.00139999995 0.000538761145    0.00199289806    0.00140905182    0.00140905182
805    0.000199999995    0.00120333338    0.00120333338 0.000506033539    0.00168291759    0.00121160236    0.00121160236
815    9.99999975e-05    0.0012233333    0.0012233333 0.000589001284    0.00165905675    0.00123088004    0.00123088004
825    3.9999999e-05    0.00113666663    0.00113666663 0.000410077308    0.00163575134    0.00114358589    0.00114358589
835    3.9999999e-05    0.00110999995    0.00110999995 0.00040092913    0.00159574626    0.00111635169    0.00111635169
845    1.99999995e-05    0.00100666669    0.00100666669 0.00028591216    0.00149968977    0.00101252191    0.00101252191
855    5.99999985e-05    0.00101999997    0.00101999997 0.000191723215    0.00158642628    0.00102539384    0.00102539384
865    7.9999998e-05    0.000936666678    0.000936666678 0.000244135314    0.00140890642    0.000941658916    0.000941658916
875    3.9999999e-05    0.000820000016    0.000820000016 0.000230822392    0.00122104143    0.000824635616    0.000824635616
885    0.000119999997    0.000730000029    0.000730000029 0    0.00126215001    0.000734310539    0.000734310539
895    3.9999999e-05    0.00066000002    0.00066000002 3.11409458e-05    0.00108645251    0.000664013845    0.000664013845
905    5.99999985e-05    0.000686666695    0.000686666695 0.000270815624    0.000968114065    0.000690397399    0.000690397399
915    3.9999999e-05    0.000733333349    0.000733333349 0.000138888601    0.00113525765    0.000736802758    0.000736802758
925    0    0.000703333353    0.000703333353 0    0.00123238133    0.000706574763    0.000706574763
935    5.99999985e-05    0.000673333358    0.000673333358 0    0.00227037934    0.000676366384    0.000676366384
945    3.9999999e-05    0.000630000024    0.000630000024 3.61627644e-05    0.00102916418    0.000632844283    0.000632844283
955    3.9999999e-05    0.000620000006    0.000620000006 0    0.00120397483    0.000622666499    0.000622666499
965    0    0.000563333335    0.000563333335 4.56838679e-05    0.000909193303    0.000565843191    0.000565843191
975    1.99999995e-05    0.000496666646    0.000496666646 0    0.00105821807    0.000499034242    0.000499034242
985    1.99999995e-05    0.000569999975    0.000569999975 0    0.0010798194    0.000572216406    0.000572216406
995    0    0.000446666672    0.000446666672 0    0.00114698883    0.000448771287    0.000448771287
1005    1.99999995e-05    0.000433333335    0.000433333335 0.000433333335    0.000433333335    0.000435319671    0.000435319671
1015    0    0.000419999997    0.000419999997 0.000419999997    0.000419999997    0.000421876757    0.000421876757
1025    0    0.000469999999    0.000469999999 0.000469999999    0.000469999999    0.000471765874    0.000471765874
1035    1.99999995e-05    0.000390000001    0.000390000001 0.000390000001    0.000390000001    0.000391681213    0.000391681213
1045    1.99999995e-05    0.000419999997    0.000419999997 0.000419999997    0.000419999997    0.000421587145    0.000421587145
1055    0    0.000356666656    0.000356666656 0    0    0.000358179386    0.000358179386
1065    1.99999995e-05    0.00039999999    0.00039999999 0    0    0.000401428319    0.000401428319
1075    1.99999995e-05    0.000406666659    0.000406666659 0    0    0.000408021064    0.000408021064
1085    5.99999985e-05    0.00033333333    0.00033333333 0    0    0.000334630138    0.000334630138
1095    0    0.000343333348    0.000343333348 0    0    0.000344564731    0.000344564731
1105    0    0.00039666667    0.00039666667 0    0    0.000397830299    0.000397830299
1115    0    0.000256666681    0.000256666681 0    0    0.000257794483    0.000257794483
1125    0    0.000353333337    0.000353333337 0    0    0.000354394142    0.000354394142
1135    0    0.000306666654    0.000306666654 0    0    0.000307684561    0.000307684561
1145    0    0.000263333321    0.000263333321 0    0    0.000264310744    0.000264310744
1155    0    0.00026999999    0.00026999999 0    0    0.000270932331    0.000270932331
1165    0    0.000239999994    0.000239999994 0    0    0.00024089514    0.00024089514
1175    0    0.000273333339    0.000273333339 0    0    0.000274184335    0.000274184335
1185    0    0.000230000005    0.000230000005 0    0    0.000230820267    0.000230820267
1195    1.99999995e-05    0.000216666667    0.000216666667 0    0    0.000217453839    0.000217453839
1205    0    0.000260000001    0.000260000001 0    0    0.000260747678    0.000260747678
1215    1.99999995e-05    0.00019666666    0.00019666666 0    0    0.000197392234    0.000197392234
1225    0    0.00026999999    0.00026999999 0    0    0.000270685123    0.000270685123
1235    0    0.000206666664    0.000206666664 0    0    0.000207332851    0.000207332851
1245    0    0.000230000005    0.000230000005 0    0    0.000230636026    0.000230636026
1255    0    0.000223333336    0.000223333336 0    0    0.000223944924    0.000223944924
1265    0    0.000199999995    0.000199999995 0    0    0.000200590875    0.000200590875
1275    1.99999995e-05    0.000156666661    0.000156666661 0    0    0.000157240924    0.000157240924
1285    0    0.000180000003    0.000180000003 0    0    0.000180549017    0.000180549017
1295    0    0.000166666665    0.000166666665 0    0    0.000167196864    0.000167196864
1305    0    0.000206666664    0.000206666664 0    0    0.000207171237    0.000207171237
1315    0    0.000199999995    0.000199999995 0    0    0.000200486698    0.000200486698
1325    1.99999995e-05    9.66666703e-05    9.66666703e-05 0    0    9.71504705e-05    9.71504705e-05
1335    0    0.000176666668    0.000176666668 0    0    0.000177121634    0.000177121634
1345    0    0.000146666673    0.000146666673 0    0    0.000147109648    0.000147109648
1355    0    0.000123333331    0.000123333331 0    0    0.000123764083    0.000123764083
1365    0    0.000123333331    0.000123333331 0    0    0.000123749123    0.000123749123
1375    0    0.000166666665    0.000166666665 0    0    0.000167061837    0.000167061837
1385    0    0.000110000001    0.000110000001 0    0    0.000110389788    0.000110389788
1395    0    0.000136666669    0.000136666669 0    0    0.000137039475    0.000137039475
1405    0    0.000113333335    0.000113333335 0    0    0.000113697024    0.000113697024
1415    0    0.000123333331    0.000123333331 0    0    0.000123683581    0.000123683581
1425    0    0.000126666666    0.000126666666 0    0    0.000127004911    0.000127004911
1435    0    0.000146666673    0.000146666673 0    0    0.000146990977    0.000146990977
1445    0    0.000103333332    0.000103333332 0    0    0.000103653394    0.000103653394
1455    0    9.99999975e-05    9.99999975e-05 0    0    0.000100310397    0.000100310397
1465    0    0.000119999997    0.000119999997 0    0    0.000120297736    0.000120297736
1475    0    0.000119999997    0.000119999997 0    0    0.00012028838    0.00012028838
1485    0    7.33333363e-05    7.33333363e-05 0    0    7.36195361e-05    7.36195361e-05
1495    0    8.33333324e-05    8.33333324e-05 0    0    8.36094259e-05    8.36094259e-05
1505    0    9.66666703e-05    9.66666703e-05 0    0    9.69325047e-05    9.69325047e-05
1515    1.99999995e-05    0.000123333331    0.000123333331 0    0    0.000123587277    0.000123587277
1525    0    0.000103333332    0.000103333332 0    0    0.000103582519    0.000103582519
1535    0    9.00000014e-05    9.00000014e-05 0    0    9.02437241e-05    9.02437241e-05
1545    0    6.33333329e-05    6.33333329e-05 0    0    6.35738179e-05    6.35738179e-05
1555    0    5.66666677e-05    5.66666677e-05 0    0    5.69012554e-05    5.69012554e-05
1565    0    9.33333358e-05    9.33333358e-05 0    0    9.3555951e-05    9.3555951e-05
1575    0    9.66666703e-05    9.66666703e-05 0    0    9.6882417e-05    9.6882417e-05
1585    0    6.33333329e-05    6.33333329e-05 0    0    6.35477991e-05    6.35477991e-05
1595    0    6.66666674e-05    6.66666674e-05 0    0    6.68747016e-05    6.68747016e-05
1605    0    4.66666679e-05    4.66666679e-05 0    0    4.68719008e-05    4.68719008e-05
1615    0    4.99999987e-05    4.99999987e-05 0    0    5.01992181e-05    5.01992181e-05
1625    0    7.9999998e-05    7.9999998e-05 0    0    8.01895003e-05    8.01895003e-05
1635    0    6.33333329e-05    6.33333329e-05 0    0    6.35201141e-05    6.35201141e-05
1645    0    5.66666677e-05    5.66666677e-05 0    0    5.68494361e-05    5.68494361e-05
1655    0    5.33333332e-05    5.33333332e-05 0    0    5.35117761e-05    5.35117761e-05
1665    0    5.99999985e-05    5.99999985e-05 0    0    6.0172817e-05    6.0172817e-05
1675    0    6.66666674e-05    6.66666674e-05 0    0    6.68340072e-05    6.68340072e-05
1685    0    4.99999987e-05    4.99999987e-05 0    0    5.01654249e-05    5.01654249e-05
1695    0    5.33333332e-05    5.33333332e-05 0    0    5.34940591e-05    5.34940591e-05
1705    0    4.66666679e-05    4.66666679e-05 0    0    4.68242906e-05    4.68242906e-05
1715    0    5.33333332e-05    5.33333332e-05 0    0    5.34860446e-05    5.34860446e-05
1725    0    4.99999987e-05    4.99999987e-05 0    0    5.01493741e-05    5.01493741e-05
1735    0    4.66666679e-05    4.66666679e-05 0    0    4.68128273e-05    4.68128273e-05
1745    0    3.9999999e-05    3.9999999e-05 0    0    4.01435536e-05    4.01435536e-05
1755    0    3.9999999e-05    3.9999999e-05 0    0    4.01400794e-05    4.01400794e-05
1765    0    3.9999999e-05    3.9999999e-05 0    0    4.01367106e-05    4.01367106e-05
1775    0    2.99999992e-05    2.99999992e-05 0    0    3.01349119e-05    3.01349119e-05
1785    0    2.66666666e-05    2.66666666e-05 0    0    2.6798898e-05    2.6798898e-05
1795    0    3.9999999e-05    3.9999999e-05 0    0    4.01272155e-05    4.01272155e-05
1805    0    2.66666666e-05    2.66666666e-05 0    0    2.67928535e-05    2.67928535e-05
1815    0    2.99999992e-05    2.99999992e-05 0    0    3.01228083e-05    3.01228083e-05
1825    0    1.99999995e-05    1.99999995e-05 0    0    2.01214643e-05    2.01214643e-05
1835    0    3.33333337e-05    3.33333337e-05 0    0    3.34501274e-05    3.34501274e-05
1845    0    3.33333337e-05    3.33333337e-05 0    0    3.34474862e-05    3.34474862e-05
1855    0    4.33333335e-05    4.33333335e-05 0    0    4.34434551e-05    4.34434551e-05
1865    0    1.33333333e-05    1.33333333e-05 0    0    1.3445343e-05    1.3445343e-05
1875    0    1.66666669e-05    1.66666669e-05 0    0    1.67757662e-05    1.67757662e-05
1885    0    2.3333334e-05    2.3333334e-05 0    0    2.34391046e-05    2.34391046e-05
1895    0    3.33333337e-05    3.33333337e-05 0    0    3.34353535e-05    3.34353535e-05
1905    0    6.66666665e-06    6.66666665e-06 0    0    6.77035541e-06    6.77035541e-06
1915    0    9.99999975e-06    9.99999975e-06 0    0    1.01010364e-05    1.01010364e-05
1925    0    6.66666665e-06    6.66666665e-06 0    0    6.76608533e-06    6.76608533e-06
1935    0    1.66666669e-05    1.66666669e-05 0    0    1.67625767e-05    1.67625767e-05
1945    0    1.99999995e-05    1.99999995e-05 0    0    2.00934301e-05    2.00934301e-05
1955    0    9.99999975e-06    9.99999975e-06 0    0    1.0092951e-05    1.0092951e-05
1965    0    1.66666669e-05    1.66666669e-05 0    0    1.67567578e-05    1.67567578e-05
1975    0    1.66666669e-05    1.66666669e-05 0    0    1.67549188e-05    1.67549188e-05
1985    0    1.33333333e-05    1.33333333e-05 0    0    1.34202828e-05    1.34202828e-05
1995    0    6.66666665e-06    6.66666665e-06 0    0    6.75284764e-06    6.75284764e-06
2005    0    1.33333333e-05    1.33333333e-05 0    0    1.34168431e-05    1.34168431e-05
2015    0    1.33333333e-05    1.33333333e-05 0    0    1.34151887e-05    1.34151887e-05
2025    0    9.99999975e-06    9.99999975e-06 0    0    1.0080732e-05    1.0080732e-05
2035    0    9.99999975e-06    9.99999975e-06 0    0    1.00791622e-05    1.00791622e-05
2045    0    9.99999975e-06    9.99999975e-06 0    0    1.00776324e-05    1.00776324e-05
2055    0    9.99999975e-06    9.99999975e-06 0    0    1.00761399e-05    1.00761399e-05
2065    0    2.3333334e-05    2.3333334e-05 0    0    2.34060717e-05    2.34060717e-05
2075    0    1.99999995e-05    1.99999995e-05 0    0    2.00718059e-05    2.00718059e-05
2085    0    6.66666665e-06    6.66666665e-06 0    0    6.73903651e-06    6.73903651e-06
2095    0    1.33333333e-05    1.33333333e-05 0    0    1.34033799e-05    1.34033799e-05
2105    0    6.66666665e-06    6.66666665e-06 0    0    6.73637078e-06    6.73637078e-06
2115    0    6.66666665e-06    6.66666665e-06 0    0    6.73508566e-06    6.73508566e-06
2125    0    6.66666665e-06    6.66666665e-06 0    0    6.73383192e-06    6.73383192e-06
2135    0    9.99999975e-06    9.99999975e-06 0    0    1.00654543e-05    1.00654543e-05
2145    0    6.66666665e-06    6.66666665e-06 0    0    6.73141403e-06    6.73141403e-06
2155    0    1.66666669e-05    1.66666669e-05 0    0    1.67287872e-05    1.67287872e-05
2165    0    9.99999975e-06    9.99999975e-06 0    0    1.00619554e-05    1.00619554e-05
2175    0    1.99999995e-05    1.99999995e-05 0    0    2.00593822e-05    2.00593822e-05
2185    0    0    0 0    0    6.12168733e-08    6.12168733e-08
2195    0    0    0 0    0    6.01555641e-08    6.01555641e-08
2205    0    0    0 0    0    5.91186513e-08    5.91186513e-08
2215    0    0    0 0    0    5.8105428e-08    5.8105428e-08
2225    0    0    0 0    0    5.71152228e-08    5.71152228e-08
2235    0    0    0 0    0    5.6147389e-08    5.6147389e-08
2245    0    0    0 0    0    5.52013049e-08    5.52013049e-08
2255    0    0    0 0    0    5.42763487e-08    5.42763487e-08
2265    0    0    0 0    0    5.33719451e-08    5.33719451e-08
2275    0    0    0 0    0    5.24875219e-08    5.24875219e-08
2285    0    0    0 0    0    5.1622532e-08    5.1622532e-08
2295    0    0    0 0    0    5.07764426e-08    5.07764426e-08
2305    0    0    0 0    0    4.9948742e-08    4.9948742e-08
2315    0    0    0 0    0    4.91389365e-08    4.91389365e-08
2325    0    0    0 0    0    4.83465357e-08    4.83465357e-08
2335    0    0    0 0    0    4.75710848e-08    4.75710848e-08
2345    0    0    0 0    0    4.68121222e-08    4.68121222e-08
2355    0    0    0 0    0    4.60692249e-08    4.60692249e-08
2365    0    0    0 0    0    4.53419631e-08    4.53419631e-08
2375    0    0    0 0    0    4.46299246e-08    4.46299246e-08
2385    0    0    0 0    0    4.39327188e-08    4.39327188e-08
2395    0    0    0 0    0    4.32499583e-08    4.32499583e-08
