5    0.000839999993    0    0 0    0    0    0
15    0.0025200001    0    0 0    0    0    0
25    0.00380000006    0    0 0    0    0    0
35    0.00437999982    0    0 0    0    0    0
45    0.00565999979    0    0 0    0    0    0
55    0.00532    0    0 0    0    0    0
65    0.00615999987    0    0 0    0    0    0
75    0.00650000013    0    0 0    0    0    0
85    0.0060800002    0    0 0    0    0    0
95    0.00725999987    0    0 0    0    0    0
105    0.00694000022    0    0 0    0    0    0
115    0.00742000015    0    0 0    0    0    0
125    0.00669999979    0    0 0    0    0    0
135    0.00710000005    0    0 0    0    0    0
145    0.0074    0    0 0    0    0    0
155    0.00656000013    3.69390796e-06    3.69390796e-06 0    0    0    0
165    0.00749999983    7.38781591e-06    7.38781591e-06 7.38781591e-06    7.38781591e-06    0    0
175    0.00692000007    2.21634473e-05    2.21634473e-05 2.21634473e-05    2.21634473e-05    0    0
185    0.00737999985    2.95512637e-05    2.95512637e-05 2.95512637e-05    2.95512637e-05    4.10534949e-06    4.10534949e-06
195    0.00698000006    3.693908e-05    3.693908e-05 3.693908e-05    3.693908e-05    9.46152159e-06    9.46152159e-06
205    0.0071200002    2.95512637e-05    2.95512637e-05 2.95512637e-05    2.95512637e-05    0    0
215    0.00730000017    7.01842509e-05    7.01842509e-05 9.85082006e-05    5.06991782e-05    3.79429875e-05    3.79429875e-05
225    0.00633999985    6.27964328e-05    6.27964328e-05 8.84241526e-05    4.5161014e-05    2.7770915e-05    2.7770915e-05
235    0.00718000019    0.000118205055    0.000118205055 0.000163039789    8.73115205e-05    8.00387352e-05    8.00387352e-05
245    0.00707999989    0.000103429426    0.000103429426 0.000144151054    7.53414279e-05    6.17734622e-05    6.17734622e-05
255    0.00710000005    0.000140368502    0.000140368502 0.00019422124    0.00010312313    9.47622102e-05    9.47622102e-05
265    0.0070199999    0.00015883804    0.00015883804 0.000217346096    0.000118261516    0.000108780652    0.000108780652
275    0.00665999996    0.000221634487    0.000221634487 0.000297224644    0.000169165389    0.00016651371    0.00016651371
285    0.00725999987    0.000310288277    0.000310288277 0.000405596715    0.000244021197    0.000249398203    0.000249398203
295    0.00725999987    0.000229022291    0.000229022291 0.000302703702    0.00017772823    0.000161618736    0.000161618736
305    0.00781999994    0.000332451717    0.000332451717 0.000426590035    0.000266853924    0.000257487147    0.000257487147
315    0.00760000013    0.000472820218    0.000472820218 0.000593750563    0.000388372107    0.000389127235    0.000389127235
325    0.00865999982    0.000579943531    0.000579943531 0.00071948301    0.000482312986    0.000486158358    0.000486158358
335    0.00760000013    0.000594719197    0.000594719197 0.00072036573    0.000506548793    0.000489221653    0.000489221653
345    0.00791999977    0.000731393811    0.000731393811 0.000888311479    0.000620992156    0.000612117932    0.000612117932
355    0.00786000025    0.000845904928    0.000845904928 0.000996610965    0.000740049523    0.000710401102    0.000710401102
365    0.00879999995    0.00108231499    0.00108231499 0.00124238466    0.00097007968    0.000927503512    0.000927503512
375    0.00942000002    0.00146278762    0.00146278762 0.0016837063    0.00130803464    0.00128484902    0.00128484902
385    0.00989999995    0.00157360476    0.00157360476 0.00177750352    0.00143095606    0.00136795209    0.00136795209
395    0.00918000005    0.00198362861    0.00198362861 0.00222747331    0.00181318133    0.00174418616    0.00174418616
405    0.0103000002    0.00231608027    0.00231608027 0.00257603847    0.00213452033    0.00203529    0.00203529
415    0.0112800002    0.00282953354    0.00282953354 0.00312794582    0.00262122531    0.00249751797    0.00249751797
425    0.0114200003    0.00338731357    0.00338731357 0.00374123524    0.0031404614    0.00299126026    0.00299126026
435    0.0133999996    0.00412609521    0.00412609521 0.00453244057    0.00384276174    0.00364901777    0.00364901777
445    0.0129399998    0.00505326595    0.00505326595 0.00553636299    0.00471680239    0.00447245268    0.00447245268
455    0.0143200001    0.00606539706    0.00606539706 0.00662669772    0.00567500107    0.00535012409    0.00535012409
465    0.0155999996    0.00745430635    0.00745430635 0.00810964406    0.00699777994    0.00656226417    0.00656226417
475    0.0171799995    0.00883213431    0.00883213431 0.00959901884    0.0082972385    0.00770475622    0.00770475622
485    0.0190999992    0.0107566603    0.0107566603 0.0117085893    0.010093241    0.00931158941    0.00931158941
495    0.0223399997    0.0141476672    0.0141476672 0.0153333275    0.0133215897    0.0122688375    0.0122688375
505    0.02434    0.0177787784    0.0177787784 0.0191968046    0.0167905279    0.0153055852    0.0153055852
515    0.0268799998    0.0223296732    0.0223296732 0.0240385551    0.0211402643    0.0190474223    0.0190474223
525    0.0324800014    0.0280072112    0.0280072112 0.0299534276    0.0266539939    0.0236603655    0.0236603655
535    0.0366800018    0.0360525437    0.0360525437 0.0382632092    0.0345138162    0.0304333158    0.0304333158
545    0.0405800007    0.0463548526    0.0463548526 0.0487025827    0.0447188765    0.0395850316    0.0395850316
555    0.0452799983    0.0575584732    0.0575584732 0.059768606    0.0560181625    0.0506593958    0.0506593958
565    0.0498199984    0.0676022097    0.0676022097 0.0692910627    0.0664260983    0.0629085451    0.0629085451
575    0.0500999987    0.074129343    0.074129343 0.0748835877    0.073604174    0.0740972608    0.0740972608
585    0.0456399992    0.0725926831    0.0725926831 0.0721928775    0.072878778    0.0772256702    0.0772256702
595    0.0406199992    0.0667710826    0.0667710826 0.0653704703    0.0677464232    0.0736163557    0.0736163557
605    0.0354200006    0.0577690266    0.0577690266 0.0556426384    0.0592483468    0.0644937828    0.0644937828
615    0.0280600004    0.0476477183    0.0476477183 0.0451464839    0.0493872687    0.0532307215    0.0532307215
625    0.0227799993    0.0384461954    0.0384461954 0.0358194001    0.0402732305    0.04276428    0.04276428
635    0.0171799995    0.0322552063    0.0322552063 0.0295435973    0.0341410339    0.0355138332    0.0355138332
645    0.0142599996    0.026252605    0.026252605 0.0237071123    0.0280216802    0.0287067425    0.0287067425
655    0.01052    0.0217866693    0.0217866693 0.0193400979    0.0234872289    0.0236499477    0.0236499477
665    0.00824000034    0.0189386662    0.0189386662 0.0165246632    0.0206159353    0.0203708857    0.0203708857
675    0.00755999982    0.0156695582    0.0156695582 0.0135128321    0.017167205    0.0167863332    0.0167863332
685    0.00571999978    0.0134199681    0.0134199681 0.0113757346    0.0148396781    0.0143029764    0.0143029764
695    0.00534000015    0.0118278936    0.0118278936 0.00983496569    0.0132110268    0.0125354221    0.0125354221
705    0.00425999984    0.0102432072    0.0102432072 0.00842822157    0.0115017984    0.0108174002    0.0108174002
715    0.00347999996    0.00934189372    0.00934189372 0.00744272443    0.0106584663    0.00981314201    0.00981314201
725    0.00237999996    0.00808596425    0.00808596425 0.00639265822    0.00925879832    0.00847705267    0.00847705267
735    0.00230000005    0.00737304054    0.00737304054 0.0057109897    0.00852333475    0.00770064024    0.00770064024
745    0.0022799999    0.00649389019    0.00649389019 0.00498861028    0.0075349235    0.00677086785    0.00677086785
755    0.00182    0.00593980402    0.00593980402 0.00440082932    0.00700345822    0.00617581746    0.00617581746
765    0.00146000006    0.0056036585    0.0056036585 0.00411192933    0.00663400348    0.00580620486    0.00580620486
775    0.00121999998    0.00496830605    0.00496830605 0.00343812187    0.00602419674    0.00514346128    0.00514346128
785    0.00106000004    0.00457305834    0.00457305834 0.00313373446    0.00556502026    0.00472542224    0.00472542224
795    0.00104    0.00417781016    0.00417781016 0.00266619003    0.00521844579    0.00431113923    0.00431113923
805    0.000679999997    0.00397095131    0.00397095131 0.00265551242    0.00487570465    0.00408819178    0.00408819178
815    0.00100000005    0.00356831518    0.00356831518 0.00218169321    0.00452062627    0.00367201096    0.00367201096
825    0.000639999984    0.00326541462    0.00326541462 0.00211034785    0.00405879039    0.00335753569    0.00335753569
835    0.000479999988    0.00316937314    0.00316937314 0.00173224485    0.00415402045    0.00325148995    0.00325148995
845    0.000500000024    0.00284800306    0.00284800306 0.00174298289    0.00360392733    0.00292159105    0.00292159105
855    0.00039999999    0.00289602391    0.00289602391 0.00133367744    0.00396431191    0.00296207494    0.00296207494
865    0.000539999979    0.00271871639    0.00271871639 0.00149480987    0.00355328992    0.00277829566    0.00277829566
875    0.000380000012    0.00243428536    0.00243428536 0.000965690182    0.00343385269    0.0024882569    0.0024882569
885    0.00039999999    0.00230869255    0.00230869255 0.00108316774    0.00314216502    0.00235768198    0.00235768198
895    0.000419999997    0.00223481446    0.00223481446 0.000772278989    0.00322658755    0.00227939268    0.00227939268
905    0.000319999992    0.00212030322    0.00212030322 0.00100747019    0.00287344749    0.0021609969    0.0021609969
915    0.000300000014    0.00187650532    0.00187650532 0.00064097048    0.00271207537    0.0019138084    0.0019138084
925    0.000319999992    0.00179154542    0.00179154542 0.00032024848    0.00278358953    0.00182576827    0.00182576827
935    9.99999975e-05    0.00170289155    0.00170289155 0.000668793335    0.00239883154    0.00173436548    0.00173436548
945    0.000159999996    0.00164748298    0.00164748298 0    0.00278370967    0.00167648064    0.00167648064
955    0.000119999997    0.00168442202    0.00168442202 0.000514091109    0.00246927096    0.00171115459    0.00171115459
965    0.000239999994    0.00150342053    0.00150342053 0.000171804932    0.00239311578    0.00152820302    0.00152820302
975    0.000140000004    0.00148864498    0.00148864498 0.000567293435    0.00210276223    0.00151159964    0.00151159964
985    0.000159999996    0.0012522348    0.0012522348 0.000395452284    0.00182195858    0.00127362937    0.00127362937
995    0.000119999997    0.0012522348    0.0012522348 0.000290492433    0.00189090683    0.00127211888    0.00127211888
1005    1.99999995e-05    0.0011672749    0.0011672749 0.0011672749    0.0011672749    0.00118582055    0.00118582055
1015    0.000159999996    0.0011783567    0.0011783567 0.0011783567    0.0011783567    0.00119564252    0.00119564252
1025    0.000180000003    0.00112664199    0.00112664199 0.00112664199    0.00112664199    0.00114280288    0.00114280288
1035    3.9999999e-05    0.00106753944    0.00106753944 0.00106753944    0.00106753944    0.00108267483    0.00108267483
1045    9.99999975e-05    0.00113772368    0.00113772368 0.00113772368    0.00113772368    0.00115186407    0.00115186407
1055    9.99999975e-05    0.00101582473    0.00101582473 0.00101582473    0.00101582473    0.001029131    0.001029131
1065    7.9999998e-05    0.00103798811    0.00103798811 0.00103798811    0.00103798811    0.00105046807    0.00105046807
1075    1.99999995e-05    0.000912395306    0.000912395306 0.000912395306    0.000912395306    0.000924176071    0.000924176071
1085    7.9999998e-05    0.000971497793    0.000971497793 0.000971497793    0.000971497793    0.000982556841    0.000982556841
1095    9.99999975e-05    0.000945640437    0.000945640437 0.000945640437    0.000945640437    0.000956066418    0.000956066418
1105    3.9999999e-05    0.000838517095    0.000838517095 0.000838517095    0.000838517095    0.000848392549    0.000848392549
1115    5.99999985e-05    0.000772026775    0.000772026775 0.000772026775    0.000772026775    0.000781376963    0.000781376963
1125    1.99999995e-05    0.000834823237    0.000834823237 0.000834823237    0.000834823237    0.000843631395    0.000843631395
1135    0    0.000879150117    0.000879150117 0.000879150117    0.000879150117    0.000887460075    0.000887460075
1145    3.9999999e-05    0.000823741488    0.000823741488 0.000823741488    0.000823741488    0.00083162915    0.00083162915
1155    3.9999999e-05    0.000672291266    0.000672291266 0.000672291266    0.000672291266    0.000679828168    0.000679828168
1165    0    0.000624270469    0.000624270469 0.000624270469    0.000624270469    0.000631439383    0.000631439383
1175    1.99999995e-05    0.000731393811    0.000731393811 0.000731393811    0.000731393811    0.000738152827    0.000738152827
1185    0    0.000675985182    0.000675985182 0.000675985182    0.000675985182    0.000682427955    0.000682427955
1195    0    0.000712924229    0.000712924229 0.000712924229    0.000712924229    0.000719032309    0.000719032309
1205    1.99999995e-05    0.000639046077    0.000639046077 0.000639046077    0.000639046077    0.000644887099    0.000644887099
1215    3.9999999e-05    0.000639046077    0.000639046077 0.000639046077    0.000639046077    0.000644606363    0.000644606363
1225    0    0.000520841044    0.000520841044 0.000520841044    0.000520841044    0.00052618864    0.00052618864
1235    0    0.000517147128    0.000517147128 0.000517147128    0.000517147128    0.000522248098    0.000522248098
1245    0    0.000561474008    0.000561474008 0.000561474008    0.000561474008    0.000566322065    0.000566322065
1255    5.99999985e-05    0.000491289771    0.000491289771 0.000491289771    0.000491289771    0.000495947956    0.000495947956
1265    0    0.000520841044    0.000520841044 0.000520841044    0.000520841044    0.000525278738    0.000525278738
1275    0    0.000543004484    0.000543004484 0.000543004484    0.000543004484    0.00054723653    0.00054723653
1285    0    0.000469126331    0.000469126331 0.000469126331    0.000469126331    0.000473205029    0.000473205029
1295    0    0.000465432415    0.000465432415 0.000465432415    0.000465432415    0.000469337567    0.000469337567
1305    1.99999995e-05    0.000480208051    0.000480208051 0.000480208051    0.000480208051    0.000483941025    0.000483941025
1315    0    0.000380472513    0.000380472513 0.000380472513    0.000380472513    0.00038409172    0.00038409172
1325    0    0.000435881142    0.000435881142 0.000435881142    0.000435881142    0.000439327618    0.000439327618
1335    0    0.000402635982    0.000402635982 0.000402635982    0.000402635982    0.000405955798    0.000405955798
1345    1.99999995e-05    0.000395248149    0.000395248149 0.000395248149    0.000395248149    0.000398437318    0.000398437318
1355    1.99999995e-05    0.000402635982    0.000402635982 0.000402635982    0.000402635982    0.000405694824    0.000405694824
1365    1.99999995e-05    0.000380472513    0.000380472513 0.000380472513    0.000380472513    0.000383420178    0.000383420178
1375    0    0.000362002989    0.000362002989 0.000362002989    0.000362002989    0.000364843785    0.000364843785
1385    1.99999995e-05    0.000310288277    0.000310288277 0.000310288277    0.000310288277    0.000313042168    0.000313042168
1395    0    0.000373084709    0.000373084709 0.000373084709    0.000373084709    0.000375707401    0.000375707401
1405    0    0.00029551264    0.00029551264 0.00029551264    0.00029551264    0.000298069819    0.000298069819
1415    0    0.00029551264    0.00029551264 0.00029551264    0.00029551264    0.000297975348    0.000297975348
1425    0    0.000277043087    0.000277043087 0.000277043087    0.000277043087    0.000279423752    0.000279423752
1435    1.99999995e-05    0.000332451717    0.000332451717 0.000332451717    0.000332451717    0.000334722397    0.000334722397
1445    0    0.000265961367    0.000265961367 0.000265961367    0.000265961367    0.000268178788    0.000268178788
1455    0    0.000291818724    0.000291818724 0.000291818724    0.000291818724    0.000293946592    0.000293946592
1465    0    0.000251185731    0.000251185731 0.000251185731    0.000251185731    0.000253256236    0.000253256236
1475    0    0.00031767608    0.00031767608 0.00031767608    0.00031767608    0.000319646177    0.000319646177
1485    0    0.000243797927    0.000243797927 0.000243797927    0.000243797927    0.000245731469    0.000245731469
1495    0    0.000225328389    0.000225328389 0.000225328389    0.000225328389    0.00022720432    0.00022720432
1505    1.99999995e-05    0.0002733492    0.0002733492 0.0002733492    0.0002733492    0.00027514153    0.00027514153
1515    0    0.000265961367    0.000265961367 0.000265961367    0.000265961367    0.000267696742    0.000267696742
1525    0    0.000195777131    0.000195777131 0.000195777131    0.000195777131    0.000197485177    0.000197485177
1535    0    0.000210552753    0.000210552753 0.000210552753    0.000210552753    0.000212199127    0.000212199127
1545    1.99999995e-05    0.000225328389    0.000225328389 0.000225328389    0.000225328389    0.000226915305    0.000226915305
1555    0    0.000243797927    0.000243797927 0.000243797927    0.000243797927    0.000245325908    0.000245325908
1565    0    0.000181001495    0.000181001495 0.000181001495    0.000181001495    0.000182507778    0.000182507778
1575    1.99999995e-05    0.000210552753    0.000210552753 0.000210552753    0.000210552753    0.000211999301    0.000211999301
1585    0    0.000173613676    0.000173613676 0.000173613676    0.000173613676    0.000175031091    0.000175031091
1595    0    0.00014775632    0.00014775632 0.00014775632    0.00014775632    0.000149141546    0.000149141546
1605    0    0.000151450222    0.000151450222 0.000151450222    0.000151450222    0.000152792141    0.000152792141
1615    0    0.000162531956    0.000162531956 0.000162531956    0.000162531956    0.00016382894    0.00016382894
1625    0    0.000195777131    0.000195777131 0.000195777131    0.000195777131    0.000197021101    0.000197021101
1635    0    0.000184695396    0.000184695396 0.000184695396    0.000184695396    0.000185907003    0.000185907003
1645    0    0.000173613676    0.000173613676 0.000173613676    0.000173613676    0.000174794273    0.000174794273
1655    0    0.000184695396    0.000184695396 0    0    0.000185836703    0.000185836703
1665    0    0.0001366746    0.0001366746 0    0    0.00013780345    0.00013780345
1675    0    0.00014775632    0.00014775632 0    0    0.000148848339    0.000148848339
1685    0    0.000140368502    0.000140368502 0    0    0.000141432814    0.000141432814
1695    0    0.000132980684    0.000132980684 0    0    0.000134018381    0.000134018381
1705    0    0.000125592866    0.000125592866 0    0    0.000126604995    0.000126604995
1715    0    0.00015883804    0.00015883804 0    0    0.000159807998    0.000159807998
1725    0    0.000125592866    0.000125592866 0    0    0.000126550396    0.000126550396
1735    0    0.000144062418    0.000144062418 0    0    0.000144986043    0.000144986043
1745    0    0.000188389313    0.000188389313 0    0    0.000189268743    0.000189268743
1755    0    0.000110817244    0.000110817244 0    0    0.000111706053    0.000111706053
1765    0    8.86537891e-05    8.86537891e-05 0    0    8.95288176e-05    8.95288176e-05
1775    0    0.00015883804    0.00015883804 0    0    0.000159660078    0.000159660078
1785    0    0.000118205055    0.000118205055 0    0    0.000119022821    0.000119022821
1795    0    8.12659782e-05    8.12659782e-05 0    0    8.20785644e-05    8.20785644e-05
1805    0    9.60416073e-05    9.60416073e-05 0    0    9.68273234e-05    9.68273234e-05
1815    0    8.12659782e-05    8.12659782e-05 0    0    8.20382556e-05    8.20382556e-05
1825    0    9.97355164e-05    9.97355164e-05 0    0    0.000100480604    0.000100480604
1835    0    9.60416073e-05    9.60416073e-05 0    0    9.67697051e-05    9.67697051e-05
1845    0    0.000103429426    0.000103429426 0    0    0.000104136314    0.000104136314
1855    0    8.86537891e-05    8.86537891e-05 0    0    8.93496181e-05    8.93496181e-05
1865    0    9.60416073e-05    9.60416073e-05 0    0    9.67173255e-05    9.67173255e-05
1875    0    7.75720691e-05    7.75720691e-05 0    0    7.8239369e-05    7.8239369e-05
1885    0    6.27964328e-05    6.27964328e-05 0    0    6.34542303e-05    6.34542303e-05
1895    0    5.91025273e-05    5.91025273e-05 0    0    5.97464896e-05    5.97464896e-05
1905    0    6.64903419e-05    6.64903419e-05 0    0    6.71161324e-05    6.71161324e-05
1915    0    7.01842509e-05    7.01842509e-05 0    0    7.0793918e-05    7.0793918e-05
1925    0    7.01842509e-05    7.01842509e-05 0    0    7.07798172e-05    7.07798172e-05
1935    0    5.91025273e-05    5.91025273e-05 0    0    5.96891987e-05    5.96891987e-05
1945    0    7.75720691e-05    7.75720691e-05 0    0    7.81374547e-05    7.81374547e-05
1955    0    5.91025273e-05    5.91025273e-05 0    0    5.9662998e-05    5.9662998e-05
1965    0    7.75720691e-05    7.75720691e-05 0    0    7.81119961e-05    7.81119961e-05
1975    0    5.54086218e-05    5.54086218e-05 0    0    5.59459586e-05    5.59459586e-05
1985    0    5.17147128e-05    5.17147128e-05 0    0    5.22418013e-05    5.22418013e-05
1995    0    5.54086218e-05    5.54086218e-05 0    0    5.59225955e-05    5.59225955e-05
2005    0    5.91025273e-05    5.91025273e-05 0    0    5.96037171e-05    5.96037171e-05
2015    0    8.49598873e-05    8.49598873e-05 0    0    8.54389946e-05    8.54389946e-05
2025    0    4.06329891e-05    4.06329891e-05 0    0    4.11206929e-05    4.11206929e-05
2035    0    4.80208037e-05    4.80208037e-05 0    0    4.84950069e-05    4.84950069e-05
2045    0    4.80208037e-05    4.80208037e-05 0    0    4.84849879e-05    4.84849879e-05
2055    0    4.43268946e-05    4.43268946e-05 0    0    4.47829225e-05    4.47829225e-05
2065    0    3.693908e-05    3.693908e-05 0    0    3.73888106e-05    3.73888106e-05
2075    0    5.91025273e-05    5.91025273e-05 0    0    5.95334241e-05    5.95334241e-05
2085    0    2.58573564e-05    2.58573564e-05 0    0    2.62936392e-05    2.62936392e-05
2095    0    6.64903419e-05    6.64903419e-05 0    0    6.69002766e-05    6.69002766e-05
2105    0    4.80208037e-05    4.80208037e-05 0    0    4.84301927e-05    4.84301927e-05
2115    0    3.32451709e-05    3.32451709e-05 0    0    3.36526391e-05    3.36526391e-05
2125    0    5.17147128e-05    5.17147128e-05 0    0    5.21060792e-05    5.21060792e-05
2135    0    3.693908e-05    3.693908e-05 0    0    3.7328944e-05    3.7328944e-05
2145    0    2.95512637e-05    2.95512637e-05 0    0    2.99366275e-05    2.99366275e-05
2155    0    3.693908e-05    3.693908e-05 0    0    3.73137373e-05    3.73137373e-05
2165    0    3.32451709e-05    3.32451709e-05 0    0    3.36141129e-05    3.36141129e-05
2175    0    3.32451709e-05    3.32451709e-05 0    0    3.36069788e-05    3.36069788e-05
2185    0    3.32451709e-05    3.32451709e-05 0    0    3.36000157e-05    3.36000157e-05
2195    0    2.58573564e-05    2.58573564e-05 0    0    2.62086087e-05    2.62086087e-05
2205    0    2.21634473e-05    2.21634473e-05 0    0    2.25096737e-05    2.25096737e-05
2215    0    4.80208037e-05    4.80208037e-05 0    0    4.8349375e-05    4.8349375e-05
2225    0    2.95512637e-05    2.95512637e-05 0    0    2.9881523e-05    2.9881523e-05
2235    0    1.846954e-05    1.846954e-05 0    0    1.87984369e-05    1.87984369e-05
2245    0    7.38781591e-06    7.38781591e-06 0    0    7.7154973e-06    7.7154973e-06
2255    0    3.32451709e-05    3.32451709e-05 0    0    3.35557925e-05    3.35557925e-05
2265    0    2.21634473e-05    2.21634473e-05 0    0    2.24731357e-05    2.24731357e-05
2275    0    2.21634473e-05    2.21634473e-05 0    0    2.24675387e-05    2.24675387e-05
2285    0    3.32451709e-05    3.32451709e-05 0    0    3.35389996e-05    3.35389996e-05
2295    0    2.21634473e-05    2.21634473e-05 0    0    2.24567302e-05    2.24567302e-05
2305    0    3.693908e-05    3.693908e-05 0    0    3.72207505e-05    3.72207505e-05
2315    0    3.693908e-05    3.693908e-05 0    0    3.72156501e-05    3.72156501e-05
2325    0    7.38781591e-06    7.38781591e-06 0    0    7.67219353e-06    7.67219353e-06
2335    0    2.21634473e-05    2.21634473e-05 0    0    2.24365613e-05    2.24365613e-05
2345    0    4.06329891e-05    4.06329891e-05 0    0    4.08933447e-05    4.08933447e-05
2355    0    2.58573564e-05    2.58573564e-05 0    0    2.61194546e-05    2.61194546e-05
2365    0    1.10817236e-05    1.10817236e-05 0    0    1.13456654e-05    1.13456654e-05
2375    0    1.47756318e-05    1.47756318e-05 0    0    1.50335236e-05    1.50335236e-05
2385    0    3.69390796e-06    3.69390796e-06 0    0    3.95224242e-06    3.95224242e-06
2395    0    1.47756318e-05    1.47756318e-05 0    0    1.50249125e-05    1.50249125e-05
