5    0.000419999997    0    0 0    0    0    0
15    0.00173999998    0    0 0    0    0    0
25    0.00341999996    0    0 0    0    0    0
35    0.00389999989    0    0 0    0    0    0
45    0.00377999991    0    0 0    0    0    0
55    0.00410000002    0    0 0    0    0    0
65    0.00480000023    0    0 0    0    0    0
75    0.00558000011    0    0 0    0    0    0
85    0.00591999991    0    0 0    0    0    0
95    0.00573999994    0    0 0    0    0    0
105    0.00546000013    0    0 0    0    0    0
115    0.00647999998    0    0 0    0    0    0
125    0.00627999986    0    0 0    0    0    0
135    0.00540000014    0    0 0    0    0    0
145    0.00609999988    0    0 0    0    0    0
155    0.00573999994    0    0 0    0    0    0
165    0.00606000004    3.59964724e-06    3.59964724e-06 0    0    0    0
175    0.0056400001    1.4398589e-05    1.4398589e-05 1.4398589e-05    1.4398589e-05    0    0
185    0.00549999997    4.31957669e-05    4.31957669e-05 4.31957669e-05    4.31957669e-05    2.50338398e-05    2.50338398e-05
195    0.0060200002    3.95961179e-05    3.95961179e-05 3.95961179e-05    3.95961179e-05    1.97547579e-05    1.97547579e-05
205    0.0059799999    5.39947068e-05    5.39947068e-05 5.39947068e-05    5.39947068e-05    3.22556843e-05    3.22556843e-05
215    0.00621999986    6.1194005e-05    6.1194005e-05 9.19779122e-05    4.00568424e-05    3.73111761e-05    3.73111761e-05
225    0.00596000021    6.1194005e-05    6.1194005e-05 9.18634832e-05    4.01230536e-05    3.4879391e-05    3.4879391e-05
235    0.00614000019    0.00012238801    0.00012238801 0.000181760304    8.15974345e-05    9.3284325e-05    9.3284325e-05
245    0.00662000012    0.000154784837    0.000154784837 0.000228715086    0.000103971455    0.000122497964    0.000122497964
255    0.00620000018    0.000179982366    0.000179982366 0.000263581605    0.000122492784    0.000144037069    0.000144037069
265    0.00680000009    0.000226777775    0.000226777775 0.00032389554    0.000159962525    0.000186598249    0.000186598249
275    0.00662000012    0.000309569674    0.000309569674 0.000435467227    0.000222930103    0.000264461152    0.000264461152
285    0.00760000013    0.000313169323    0.000313169323 0.000438242278    0.000227107186    0.000262324756    0.000262324756
295    0.00695999991    0.000374363299    0.000374363299 0.000507966615    0.000282388821    0.000316756836    0.000316756836
305    0.00742000015    0.000431957655    0.000431957655 0.000578940206    0.00033072714    0.000366349297    0.000366349297
315    0.00695999991    0.000521948852    0.000521948852 0.000683547696    0.000410658278    0.000446792197    0.000446792197
325    0.0077800001    0.000716329785    0.000716329785 0.000919810962    0.000576095423    0.000629673712    0.000629673712
335    0.00867999997    0.00077392417    0.00077392417 0.000973388203    0.000636327954    0.000673378177    0.000673378177
345    0.00874000043    0.000971904781    0.000971904781 0.00119866279    0.000815765874    0.000854330778    0.000854330778
355    0.00867999997    0.00132467016    0.00132467016 0.0016026427    0.0011337694    0.00118602172    0.00118602172
365    0.0104400003    0.00162344088    0.00162344088 0.00192558591    0.00141671486    0.00145849364    0.00145849364
375    0.00968000013    0.00196900708    0.00196900708 0.00229902659    0.00174401072    0.00177079532    0.00177079532
385    0.0109799998    0.00250175479    0.00250175479 0.00288808951    0.00223931205    0.00226085773    0.00226085773
395    0.0114599997    0.00326128048    0.00326128048 0.00373367243    0.00294075022    0.00296479324    0.00296479324
405    0.0126999998    0.00374723272    0.00374723272 0.0042420309    0.00341187534    0.00337729906    0.00337729906
415    0.0143400002    0.00496031391    0.00496031391 0.00559316576    0.00453183474    0.00449118903    0.00449118903
425    0.0165199991    0.00633537909    0.00633537909 0.00712324958    0.00580193428    0.00572982524    0.00572982524
435    0.01822    0.00832958333    0.00832958333 0.00929961819    0.0076729171    0.00753202196    0.00753202196
445    0.0198599994    0.0107737444    0.0107737444 0.0119877439    0.00995234493    0.00969957747    0.00969957747
455    0.0250799991    0.0142474035    0.0142474035 0.0157494172    0.0132307876    0.0127648804    0.0127648804
465    0.0280399993    0.0180846285    0.0180846285 0.0198742542    0.0168731268    0.0159865674    0.0159865674
475    0.0333600007    0.024995951    0.024995951 0.0272497851    0.0234700721    0.0219593272    0.0219593272
485    0.0408399999    0.0354133286    0.0354133286 0.0382430442    0.033497531    0.0309756547    0.0309756547
495    0.0501799993    0.0484152548    0.0484152548 0.0515470915    0.0462946482    0.0421103276    0.0421103276
505    0.057500001    0.0663738921    0.0663738921 0.0695160851    0.0642454624    0.05850913    0.05850913
515    0.0695599988    0.0844045281    0.0844045281 0.0868003368    0.0827821195    0.0779222772    0.0779222772
525    0.0683799982    0.0958586037    0.0958586037 0.0966403037    0.0953258052    0.0958323553    0.0958323553
535    0.0637400001    0.0930688828    0.0930688828 0.0918862745    0.0938700289    0.0995025262    0.0995025262
545    0.0530200005    0.0785586983    0.0785586983 0.0759302452    0.0803398862    0.0863837749    0.0863837749
555    0.0388600007    0.0620903149    0.0620903149 0.058737617    0.0643610284    0.0683649778    0.0683649778
565    0.0282600001    0.0470257923    0.0470257923 0.0435410589    0.049389217    0.0514408909    0.0514408909
575    0.0224600006    0.0367415994    0.0367415994 0.0333219618    0.0390630625    0.039761316    0.039761316
585    0.0167800002    0.0286675896    0.0286675896 0.0254841335    0.0308291093    0.0307528488    0.0307528488
595    0.0114399996    0.0235452931    0.0235452931 0.0204857122    0.0256190803    0.0250174645    0.0250174645
605    0.00982000027    0.0189017467    0.0189017467 0.0161381923    0.0207737423    0.019967787    0.019967787
615    0.0080199996    0.0154640842    0.0154640842 0.0129293138    0.017182935    0.0162551291    0.0162551291
625    0.00615999987    0.013077518    0.013077518 0.0106895519    0.0146946367    0.0136777554    0.0136777554
635    0.00541999983    0.0111625064    0.0111625064 0.00888873078    0.0127031477    0.011627215    0.011627215
645    0.00398000004    0.00996382348    0.00996382348 0.00786684919    0.0113834487    0.0103300028    0.0103300028
655    0.00277999998    0.00869314838    0.00869314838 0.00669561466    0.010042374    0.00898636226    0.00898636226
665    0.00277999998    0.00755565939    0.00755565939 0.00566610135    0.00883088354    0.00779380277    0.00779380277
675    0.00236000004    0.00670254324    0.00670254324 0.00500293495    0.00784947444    0.00689837988    0.00689837988
685    0.00164000003    0.00611220114    0.00611220114 0.00444970047    0.00723515311    0.00627502985    0.00627502985
695    0.00164000003    0.00539587112    0.00539587112 0.00376125518    0.00649968814    0.00553267915    0.00553267915
705    0.00152000005    0.00469034025    0.00469034025 0.00329591008    0.00563128432    0.00480636396    0.00480636396
715    0.00124000001    0.00440956792    0.00440956792 0.00287506217    0.00544322329    0.00450869463    0.00450869463
725    0.000899999985    0.00424038433    0.00424038433 0.00273012253    0.00525694853    0.00432568276    0.00432568276
735    0.00118000002    0.00361404591    0.00361404591 0.00227122847    0.00451836735    0.00368806953    0.00368806953
745    0.000980000012    0.00339806709    0.00339806709 0.00213716226    0.00424534315    0.0034626266    0.0034626266
755    0.000720000011    0.00329007767    0.00329007767 0.00190578308    0.00421936531    0.00334668043    0.00334668043
765    0.000600000028    0.00304890121    0.00304890121 0.00172782131    0.00393583905    0.00309882499    0.00309882499
775    0.000639999984    0.00283292239    0.00283292239 0.0014843964    0.00373636326    0.00287717022    0.00287717022
785    0.00039999999    0.00255214982    0.00255214982 0.00128597987    0.00339942495    0.00259156851    0.00259156851
795    0.000300000014    0.00236136862    0.00236136862 0.00103615504    0.00324802124    0.00239661778    0.00239661778
805    0.000319999992    0.00213819044    0.00213819044 0.0010031726    0.00289615942    0.00216984935    0.00216984935
815    0.000280000007    0.00199420447    0.00199420447 0.000748287479    0.00282445201    0.00202272856    0.00202272856
825    0.000239999994    0.00200140383    0.00200140383 0.000946824264    0.00270339916    0.0020271535    0.0020271535
835    0.000260000001    0.00191861193    0.00191861193 0.000553336635    0.00282600429    0.00194195274    0.00194195274
845    0.000360000005    0.00170623278    0.00170623278 0.000704809907    0.00237063505    0.00172748975    0.00172748975
855    0.000220000002    0.00164503884    0.00164503884 6.27894624e-05    0.00269299792    0.00166441884    0.00166441884
865    0.000180000003    0.00150105287    0.00150105287 0.000409665081    0.00222238642    0.00151879189    0.00151879189
875    0.000180000003    0.0014974532    0.0014974532 0    0.00252429768    0.00151369697    0.00151369697
885    0.000140000004    0.00151185179    0.00151185179 0.000149237574    0.00241005048    0.00152675505    0.00152675505
895    9.99999975e-05    0.00135346735    0.00135346735 0    0.00232275017    0.00136721635    0.00136721635
905    9.99999975e-05    0.00141826097    0.00141826097 0.000287467788    0.00216023019    0.00143091602    0.00143091602
915    0.000119999997    0.00117348495    0.00117348495 0    0.00207364815    0.00118523731    0.00118523731
925    0.000119999997    0.00119148323    0.00119148323 0    0.00225911266    0.00120235444    0.00120235444
935    7.9999998e-05    0.00113388884    0.00113388884 0    0.00188677676    0.0011439824    0.0011439824
945    3.9999999e-05    0.00107989414    0.00107989414 0    0.00213697273    0.00108928198    0.00108928198
955    1.99999995e-05    0.00105109694    0.00105109694 0    0.00176120445    0.00105983717    0.00105983717
965    0.000180000003    0.000946707209    0.000946707209 0    0.00210933178    0.000954878225    0.000954878225
975    1.99999995e-05    0.000932308612    0.000932308612 0    0.00155409088    0.000939937483    0.000939937483
985    7.9999998e-05    0.000921509694    0.000921509694 0    0.00157166214    0.000928641355    0.000928641355
995    7.9999998e-05    0.000874714286    0.000874714286 0    0.0014679865    0.000881400018    0.000881400018
1005    3.9999999e-05    0.000863915309    0.000863915309 0.000863915309    0.000863915309    0.00087018247    0.00087018247
1015    1.99999995e-05    0.000802721304    0.000802721304 0.000802721304    0.000802721304    0.000808617158    0.000808617158
1025    3.9999999e-05    0.000770324492    0.000770324492 0.000770324492    0.000770324492    0.000775871391    0.000775871391
1035    7.9999998e-05    0.000730728381    0.000730728381 0.000730728381    0.000730728381    0.000735955604    0.000735955604
1045    0    0.000770324492    0.000770324492 0.000770324492    0.000770324492    0.000775235181    0.000775235181
1055    5.99999985e-05    0.000629938266    0.000629938266 0.000629938266    0.000629938266    0.000634604192    0.000634604192
1065    1.99999995e-05    0.000637137564    0.000637137564 0.000637137564    0.000637137564    0.00064153882    0.00064153882
1075    1.99999995e-05    0.000712730165    0.000712730165 0.000712730165    0.000712730165    0.000716866634    0.000716866634
1085    3.9999999e-05    0.000669534376    0.000669534376 0.000669534376    0.000669534376    0.00067345571    0.00067345571
1095    3.9999999e-05    0.000579543179    0.000579543179 0.000579543179    0.000579543179    0.000583277666    0.000583277666
1105    1.99999995e-05    0.000525548472    0.000525548472 0.000525548472    0.000525548472    0.000529100653    0.000529100653
1115    0    0.000604740751    0.000604740751 0.000604740751    0.000604740751    0.000608087052    0.000608087052
1125    1.99999995e-05    0.000565144641    0.000565144641 0.000565144641    0.000565144641    0.000568329706    0.000568329706
1135    3.9999999e-05    0.000543546746    0.000543546746 0.000543546746    0.000543546746    0.000546576746    0.000546576746
1145    0    0.000460754847    0.000460754847 0.000460754847    0.000460754847    0.000463656674    0.000463656674
1155    1.99999995e-05    0.000536347448    0.000536347448 0.000536347448    0.000536347448    0.00053908705    0.00053908705
1165    0    0.00049315166    0.00049315166 0.00049315166    0.00049315166    0.000495770364    0.000495770364
1175    0    0.000446356251    0.000446356251 0.000446356251    0.000446356251    0.000448862964    0.000448862964
1185    1.99999995e-05    0.000518349174    0.000518349174 0.000518349174    0.000518349174    0.000520718866    0.000520718866
1195    1.99999995e-05    0.000453555549    0.000453555549 0.000453555549    0.000453555549    0.000455832458    0.000455832458
1205    1.99999995e-05    0.000471553794    0.000471553794 0.000471553794    0.000471553794    0.00047372168    0.00047372168
1215    0    0.000439156953    0.000439156953 0.000439156953    0.000439156953    0.000441235548    0.000441235548
1225    0    0.000457155198    0.000457155198 0.000457155198    0.000457155198    0.000459136209    0.000459136209
1235    1.99999995e-05    0.000349165784    0.000349165784 0.000349165784    0.000349165784    0.000351088849    0.000351088849
1245    1.99999995e-05    0.000399560842    0.000399560842 0.000399560842    0.000399560842    0.000401387369    0.000401387369
1255    0    0.000309569674    0.000309569674 0.000309569674    0.000309569674    0.000311342534    0.000311342534
1265    0    0.000403160491    0.000403160491 0.000403160491    0.000403160491    0.000404833583    0.000404833583
1275    0    0.000316768943    0.000316768943 0.000316768943    0.000316768943    0.000318395498    0.000318395498
1285    0    0.000349165784    0.000349165784 0.000349165784    0.000349165784    0.000350716873    0.000350716873
1295    0    0.000320368592    0.000320368592 0.000320368592    0.000320368592    0.000321864354    0.000321864354
1305    0    0.000338366837    0.000338366837 0.000338366837    0.000338366837    0.000339797698    0.000339797698
1315    0    0.000302370376    0.000302370376 0.000302370376    0.000302370376    0.000303754059    0.000303754059
1325    0    0.000298770727    0.000298770727 0.000298770727    0.000298770727    0.000300101179    0.000300101179
1335    3.9999999e-05    0.00028437213    0.00028437213 0    0    0.000285654969    0.000285654969
1345    0    0.000277172832    0.000277172832 0    0    0.000278408552    0.000278408552
1355    0    0.000273573183    0.000273573183 0    0    0.000274763152    0.000274763152
1365    0    0.000313169323    0.000313169323 0    0    0.000314303848    0.000314303848
1375    0    0.000280772481    0.000280772481 0    0    0.00028187345    0.00028187345
1385    0    0.000269973534    0.000269973534 0    0    0.000271036901    0.000271036901
1395    0    0.000251975318    0.000251975318 0    0    0.000253004895    0.000253004895
1405    0    0.000219578476    0.000219578476 0    0    0.000220579968    0.000220579968
1415    0    0.000215978827    0.000215978827 0    0    0.000216945991    0.000216945991
1425    0    0.000248375669    0.000248375669 0    0    0.000249300152    0.000249300152
1435    1.99999995e-05    0.000205179895    0.000205179895 0    0    0.000206083903    0.000206083903
1445    0    0.000291571429    0.000291571429 0    0    0.000292420853    0.000292420853
1455    0    0.000179982366    0.000179982366 0    0    0.000180832736    0.000180832736
1465    0    0.00024477602    0.00024477602 0    0    0.000245580275    0.000245580275
1475    0    0.000194380948    0.000194380948 0    0    0.000195171844    0.000195171844
1485    0    0.000212379193    0.000212379193 0    0    0.000213139079    0.000213139079
1495    1.99999995e-05    0.000183582015    0.000183582015 0    0    0.000184324774    0.000184324774
1505    0    0.000115188712    0.000115188712 0    0    0.00011592621    0.00011592621
1515    0    0.000230377424    0.000230377424 0    0    0.00023106033    0.00023106033
1525    0    0.000158384471    0.000158384471 0    0    0.000159064977    0.000159064977
1535    0    0.000172783068    0.000172783068 0    0    0.00017343837    0.00017343837
1545    0    0.000179982366    0.000179982366 0    0    0.000180615243    0.000180615243
1555    0    0.000172783068    0.000172783068 0    0    0.000173398264    0.000173398264
1565    0    0.00016198412    0.00016198412 0    0    0.000162583383    0.000162583383
1575    0    0.000136786592    0.000136786592 0    0    0.000137374562    0.000137374562
1585    0    0.000118788361    0.000118788361 0    0    0.000119363736    0.000119363736
1595    0    0.000118788361    0.000118788361 0    0    0.000119346863    0.000119346863
1605    0    0.000111589063    0.000111589063 0    0    0.000112133297    0.000112133297
1615    0    0.000125987659    0.000125987659 0    0    0.000126512285    0.000126512285
1625    0    0.00012238801    0.00012238801 0    0    0.00012289852    0.00012289852
1635    0    0.000136786592    0.000136786592 0    0    0.000137278621    0.000137278621
1645    0    0.000107989414    0.000107989414 0    0    0.00010847528    0.00010847528
1655    0    0.000115188712    0.000115188712 0    0    0.000115659052    0.000115659052
1665    0    0.00014398589    0.00014398589 0    0    0.000144435267    0.000144435267
1675    0    9.71904738e-05    9.71904738e-05 0    0    9.76400406e-05    9.76400406e-05
1685    0    0.00012238801    0.00012238801 0    0    0.00012281847    0.00012281847
1695    0    0.000100790123    0.000100790123 0    0    0.000101214719    0.000101214719
1705    0    7.55925939e-05    7.55925939e-05 0    0    7.60127004e-05    7.60127004e-05
1715    0    7.91922357e-05    7.91922357e-05 0    0    7.96003515e-05    7.96003515e-05
1725    0    6.47936467e-05    6.47936467e-05 0    0    6.5195054e-05    6.5195054e-05
1735    0    6.47936467e-05    6.47936467e-05 0    0    6.51847586e-05    6.51847586e-05
1745    0    0.000111589063    0.000111589063 0    0    0.000111957401    0.000111957401
1755    0    8.27918848e-05    8.27918848e-05 0    0    8.31584621e-05    8.31584621e-05
1765    0    7.19929449e-05    7.19929449e-05 0    0    7.23531484e-05    7.23531484e-05
1775    0    7.91922357e-05    7.91922357e-05 0    0    7.95414308e-05    7.95414308e-05
1785    0    7.91922357e-05    7.91922357e-05 0    0    7.95326778e-05    7.95326778e-05
1795    0    6.47936467e-05    6.47936467e-05 0    0    6.51295559e-05    6.51295559e-05
1805    0    9.71904738e-05    9.71904738e-05 0    0    9.75092844e-05    9.75092844e-05
1815    0    7.19929449e-05    7.19929449e-05 0    0    7.23106932e-05    7.23106932e-05
1825    0    5.39947068e-05    5.39947068e-05 0    0    5.43096648e-05    5.43096648e-05
1835    0    8.27918848e-05    8.27918848e-05 0    0    8.30914651e-05    8.30914651e-05
1845    0    6.83932958e-05    6.83932958e-05 0    0    6.86895582e-05    6.86895582e-05
1855    0    8.63915338e-05    8.63915338e-05 0    0    8.66758128e-05    8.66758128e-05
1865    0    7.55925939e-05    7.55925939e-05 0    0    7.58729948e-05    7.58729948e-05
1875    0    5.75943559e-05    5.75943559e-05 0    0    5.78730505e-05    5.78730505e-05
1885    0    5.03950614e-05    5.03950614e-05 0    0    5.06692813e-05    5.06692813e-05
1895    0    5.75943559e-05    5.75943559e-05 0    0    5.7860354e-05    5.7860354e-05
1905    0    4.67954123e-05    4.67954123e-05 0    0    4.70582854e-05    4.70582854e-05
1915    0    6.47936467e-05    6.47936467e-05 0    0    6.50456932e-05    6.50456932e-05
1925    0    5.39947068e-05    5.39947068e-05 0    0    5.42439739e-05    5.42439739e-05
1935    0    4.31957669e-05    4.31957669e-05 0    0    4.3442411e-05    4.3442411e-05
1945    0    4.31957669e-05    4.31957669e-05 0    0    4.3436994e-05    4.3436994e-05
1955    0    5.39947068e-05    5.39947068e-05 0    0    5.42277085e-05    5.42277085e-05
1965    0    6.1194005e-05    6.1194005e-05 0    0    6.14199089e-05    6.14199089e-05
1975    0    4.67954123e-05    4.67954123e-05 0    0    4.70202831e-05    4.70202831e-05
1985    0    3.95961179e-05    3.95961179e-05 0    0    3.9818111e-05    3.9818111e-05
1995    0    6.47936467e-05    6.47936467e-05 0    0    6.50040238e-05    6.50040238e-05
2005    0    3.23968234e-05    3.23968234e-05 0    0    3.26114787e-05    3.26114787e-05
2015    1.99999995e-05    5.39947068e-05    5.39947068e-05 0    0    5.41989793e-05    5.41989793e-05
2025    0    3.95961179e-05    3.95961179e-05 0    0    3.97999866e-05    3.97999866e-05
2035    0    3.59964724e-05    3.59964724e-05 0    0    3.61970888e-05    3.61970888e-05
2045    0    1.4398589e-05    1.4398589e-05 0    0    1.46009952e-05    1.46009952e-05
2055    0    3.95961179e-05    3.95961179e-05 0    0    3.97876101e-05    3.97876101e-05
2065    0    2.87971779e-05    2.87971779e-05 0    0    2.89877098e-05    2.89877098e-05
2075    0    2.15978835e-05    2.15978835e-05 0    0    2.17865745e-05    2.17865745e-05
2085    0    2.87971779e-05    2.87971779e-05 0    0    2.89801792e-05    2.89801792e-05
2095    0    2.87971779e-05    2.87971779e-05 0    0    2.89765558e-05    2.89765558e-05
2105    0    1.79982362e-05    1.79982362e-05 0    0    1.81770411e-05    1.81770411e-05
2115    0    2.51975307e-05    2.51975307e-05 0    0    2.53709204e-05    2.53709204e-05
2125    0    4.31957669e-05    4.31957669e-05 0    0    4.3360873e-05    4.3360873e-05
2135    0    2.51975307e-05    2.51975307e-05 0    0    2.53642884e-05    2.53642884e-05
2145    0    2.51975307e-05    2.51975307e-05 0    0    2.53610942e-05    2.53610942e-05
2155    0    1.4398589e-05    1.4398589e-05 0    0    1.45619924e-05    1.45619924e-05
2165    0    3.23968234e-05    3.23968234e-05 0    0    3.25522597e-05    3.25522597e-05
2175    0    1.4398589e-05    1.4398589e-05 0    0    1.45559834e-05    1.45559834e-05
2185    0    1.79982362e-05    1.79982362e-05 0    0    1.8151748e-05    1.8151748e-05
2195    0    1.79982362e-05    1.79982362e-05 0    0    1.81489195e-05    1.81489195e-05
2205    0    3.59964724e-05    3.59964724e-05 0    0    3.61394668e-05    3.61394668e-05
2215    0    3.59964724e-05    3.59964724e-05 0    0    3.61367711e-05    3.61367711e-05
2225    0    1.07989417e-05    1.07989417e-05 0    0    1.09435077e-05    1.09435077e-05
2235    0    2.15978835e-05    2.15978835e-05 0    0    2.17369197e-05    2.17369197e-05
2245    0    1.79982362e-05    1.79982362e-05 0    0    1.81357464e-05    1.81357464e-05
2255    0    7.19929449e-06    7.19929449e-06 0    0    7.33730712e-06    7.33730712e-06
2265    0    2.15978835e-05    2.15978835e-05 0    0    2.17295528e-05    2.17295528e-05
2275    0    2.15978835e-05    2.15978835e-05 0    0    2.172721e-05    2.172721e-05
2285    0    1.79982362e-05    1.79982362e-05 0    0    1.81262567e-05    1.81262567e-05
2295    0    1.79982362e-05    1.79982362e-05 0    0    1.81240175e-05    1.81240175e-05
2305    0    1.07989417e-05    1.07989417e-05 0    0    1.09245047e-05    1.09245047e-05
2315    0    3.95961179e-05    3.95961179e-05 0    0    3.97116528e-05    3.97116528e-05
2325    0    1.79982362e-05    1.79982362e-05 0    0    1.81175928e-05    1.81175928e-05
2335    0    7.19929449e-06    7.19929449e-06 0    0    7.31956015e-06    7.31956015e-06
2345    0    3.59964724e-06    3.59964724e-06 0    0    3.71889632e-06    3.71889632e-06
2355    0    7.19929449e-06    7.19929449e-06 0    0    7.31559794e-06    7.31559794e-06
2365    0    1.4398589e-05    1.4398589e-05 0    0    1.45110043e-05    1.45110043e-05
2375    0    3.59964724e-06    3.59964724e-06 0    0    3.71314354e-06    3.71314354e-06
2385    0    1.07989417e-05    1.07989417e-05 0    0    1.09086304e-05    1.09086304e-05
2395    0    7.19929449e-06    7.19929449e-06 0    0    7.30817237e-06    7.30817237e-06
