5    0.00191999995    0    0 0    0    0    0
15    0.00624000002    0    0 0    0    0    0
25    0.0101800002    0    0 0    0    0    0
35    0.0124000004    0    0 0    0    0    0
45    0.0137    0    0 0    0    0    0
55    0.0145199997    0    0 0    0    0    0
65    0.0158399995    0    0 0    0    0    0
75    0.0159399994    0    0 0    0    0    0
85    0.0158399995    0    0 0    0    0    0
95    0.0161600001    0    0 0    0    0    0
105    0.0167999994    0    0 0    0    0    0
115    0.0153599996    0    0 0    0    0    0
125    0.0155600002    0    0 0    0    0    0
135    0.0159799997    0    0 0    0    0    0
145    0.0158399995    0    0 0    0    0    0
155    0.0149999997    4.36713663e-06    4.36713663e-06 4.36713663e-06    4.36713663e-06    0    0
165    0.0159200002    0    0 0    0    0    0
175    0.0150800003    1.31014094e-05    1.31014094e-05 1.31014094e-05    1.31014094e-05    0    0
185    0.0146599999    2.18356818e-05    2.18356818e-05 2.18356818e-05    2.18356818e-05    0    0
195    0.0144400001    2.62028188e-05    2.62028188e-05 2.62028188e-05    2.62028188e-05    0    0
205    0.0132200001    3.4937093e-05    3.4937093e-05 3.4937093e-05    3.4937093e-05    0    0
215    0.0143600004    4.36713635e-05    4.36713635e-05 6.15292593e-05    3.12351658e-05    0    0
225    0.0120599996    3.05699541e-05    3.05699541e-05 4.301429e-05    2.19031244e-05    0    0
235    0.0130200004    6.11399082e-05    6.11399082e-05 8.58531785e-05    4.39049327e-05    0    0
245    0.0121799996    6.9874186e-05    6.9874186e-05 9.80631521e-05    5.01923496e-05    0    0
255    0.0122600002    7.86084565e-05    7.86084565e-05 0.000109192537    5.72205863e-05    0    0
265    0.0127400002    0.000131014094    0.000131014094 0.00018176547    9.54248753e-05    0    0
275    0.0117199998    9.1709866e-05    9.1709866e-05 0.000126935949    6.69991859e-05    0    0
285    0.01248    0.000152849781    0.000152849781 0.000210060418    0.000112673537    0    0
295    0.0114799999    0.000174685454    0.000174685454 0.000237855682    0.000130300148    0    0
305    0.0110999998    0.000213989682    0.000213989682 0.000290286669    0.000160336742    0    0
315    0.01162    0.00022272396    0.00022272396 0.000299162435    0.000168855127    0    0
325    0.0117800003    0.000218356814    0.000218356814 0.000289302756    0.000168264378    0    0
335    0.0104599996    0.000262028188    0.000262028188 0.000344589091    0.00020350219    8.39308177e-06    8.39308177e-06
345    0.0103799999    0.000419245102    0.000419245102 0.000536335225    0.000335475808    0.000151150249    0.000151150249
355    0.00994000025    0.00045854933    0.00045854933 0.000585529895    0.000367473112    0.000175536188    0.000175536188
365    0.00985999964    0.00045854933    0.00045854933 0.000574741804    0.000375509291    0.000159721094    0.000159721094
375    0.00997999962    0.000484752149    0.000484752149 0.000600943691    0.000401879952    0.000168823593    0.000168823593
385    0.00975999981    0.000598297687    0.000598297687 0.000737927679    0.000499035232    0.000263604743    0.000263604743
395    0.00975999981    0.000759881746    0.000759881746 0.000934063224    0.000636383891    0.000404819701    0.000404819701
405    0.00987999979    0.000786084565    0.000786084565 0.000957985001    0.00066449825    0.00040974046    0.00040974046
415    0.00923999958    0.000899630075    0.000899630075 0.00108553248    0.000768396014    0.000499952352    0.000499952352
425    0.00851999968    0.000938934332    0.000938934332 0.00113082503    0.00080377725    0.000514436397    0.000514436397
435    0.00886000041    0.00114418974    0.00114418974 0.00136917632    0.000985992607    0.000692136004    0.000692136004
445    0.00850000046    0.00106994843    0.00106994843 0.00127140235    0.000928649562    0.000589401869    0.000589401869
455    0.00824000034    0.0013363437    0.0013363437 0.00159121468    0.00115800777    0.000823378505    0.000823378505
465    0.00844000001    0.00140621793    0.00140621793 0.00166262779    0.00122675672    0.000859072024    0.000859072024
475    0.00923999958    0.00152849779    0.00152849779 0.00179308618    0.00134324387    0.00094403082    0.00094403082
485    0.00908000022    0.00172065175    0.00172065175 0.00202370784    0.00150887656    0.00109535095    0.00109535095
495    0.0078800004    0.00196957844    0.00196957844 0.00230403827    0.00173618016    0.00129966298    0.00129966298
505    0.00820000004    0.00206128834    0.00206128834 0.00239990605    0.00182523439    0.00134357193    0.00134357193
515    0.00791999977    0.00221850537    0.00221850537 0.00259773154    0.00195469032    0.00144840369    0.00144840369
525    0.00855999999    0.00238008937    0.00238008937 0.00275164703    0.00212205434    0.00155284733    0.00155284733
535    0.00863999967    0.00263775047    0.00263775047 0.00305810035    0.00234586373    0.00174771145    0.00174771145
545    0.00786000025    0.00305262837    0.00305262837 0.00352497748    0.00272454135    0.00209332141    0.00209332141
555    0.00731999986    0.00296091847    0.00296091847 0.00344208023    0.00262698485    0.00192824844    0.00192824844
565    0.00817999989    0.00362472329    0.00362472329 0.0041851406    0.00323645235    0.00250830199    0.00250830199
575    0.00822000019    0.0035373806    0.0035373806 0.0040678354    0.00317019131    0.00233285665    0.00233285665
585    0.00872000027    0.00396099268    0.00396099268 0.00455074385    0.00355302193    0.00265761488    0.00265761488
595    0.00769999996    0.0042055524    0.0042055524 0.00484861108    0.00376111758    0.00279485574    0.00279485574
605    0.00867999997    0.00507024536    0.00507024536 0.00584553182    0.0045353584    0.0035393557    0.0035393557
615    0.00796000008    0.00518815825    0.00518815825 0.00598163716    0.00464131497    0.00352946506    0.00352946506
625    0.00829999987    0.00566854328    0.00566854328 0.00651866803    0.00508309947    0.0038686411    0.0038686411
635    0.00851999968    0.00595240714    0.00595240714 0.00688682543    0.00530963577    0.00399961835    0.00399961835
645    0.0080199996    0.00653323624    0.00653323624 0.007490966    0.00587528106    0.00441302871    0.00441302871
655    0.00918000005    0.00727564935    0.00727564935 0.00835054647    0.00653781556    0.00497367233    0.00497367233
665    0.00815999974    0.00788268168    0.00788268168 0.00905251224    0.00708077801    0.00538583426    0.00538583426
675    0.00779999979    0.00893952791    0.00893952791 0.0102358414    0.00805194862    0.00623254012    0.00623254012
685    0.00937999971    0.00912294816    0.00912294816 0.0103993965    0.00824961346    0.00619766396    0.00619766396
695    0.0092000002    0.00952035747    0.00952035747 0.0108639523    0.00860256422    0.00636600098    0.00636600098
705    0.00908000022    0.0106208762    0.0106208762 0.0121257063    0.00959460251    0.0072281328    0.0072281328
715    0.00913999975    0.011931017    0.011931017 0.0135168899    0.010850518    0.00829826947    0.00829826947
725    0.00841999985    0.0128699513    0.0128699513 0.0145325065    0.0117389979    0.00900597777    0.00900597777
735    0.00858000014    0.0142455986    0.0142455986 0.0159783196    0.0130688651    0.0101661496    0.0101661496
745    0.00867999997    0.0154072577    0.0154072577 0.0172384623    0.014165624    0.0111447452    0.0111447452
755    0.00923999958    0.0164204333    0.0164204333 0.0183759406    0.0150966821    0.0120240571    0.0120240571
765    0.00862000044    0.0178004485    0.0178004485 0.0198076218    0.0164434314    0.0133372322    0.0133372322
775    0.00965999998    0.0192022994    0.0192022994 0.0212177429    0.0178421736    0.0147630721    0.0147630721
785    0.00862000044    0.0206041504    0.0206041504 0.0225886442    0.0192677844    0.0163024124    0.0163024124
795    0.00925999973    0.021617325    0.021617325 0.0235921629    0.0202898774    0.0175884068    0.0175884068
805    0.00874000043    0.0231152531    0.0231152531 0.0249969494    0.0218524598    0.0195045229    0.0195045229
815    0.00872000027    0.0245957132    0.0245957132 0.0263503324    0.023420779    0.0215545725    0.0215545725
825    0.00805999991    0.0260412339    0.0260412339 0.0277208928    0.0249175765    0.0237113256    0.0237113256
835    0.00850000046    0.0257923082    0.0257923082 0.0271350536    0.0248969197    0.0242974963    0.0242974963
845    0.00815999974    0.0272946022    0.0272946022 0.0284278635    0.0265407581    0.0267037656    0.0267037656
855    0.00779999979    0.0280937888    0.0280937888 0.027516406    0.0289628375    0.0284368917    0.0284368917
865    0.00686000008    0.028923545    0.028923545 0.0285735074    0.0294522718    0.0301736295    0.0301736295
875    0.00659999996    0.0277225822    0.0277225822 0.027622167    0.0278746355    0.029812023    0.029812023
885    0.00716000004    0.0280850548    0.0280850548 0.0278683547    0.0282278471    0.030890571    0.030890571
895    0.00700000022    0.0266657341    0.0266657341 0.0260919258    0.0270424448    0.0300538093    0.0300538093
905    0.00522000017    0.0256350916    0.0256350916 0.0247387849    0.0262220278    0.0294526629    0.0294526629
915    0.00600000005    0.0253599621    0.0253599621 0.0240855459    0.026192883    0.0294561163    0.0294561163
925    0.00516000018    0.023438422    0.023438422 0.0218820795    0.0244518276    0.0276869275    0.0276869275
935    0.00520000001    0.0226436015    0.0226436015 0.0207048915    0.0239025243    0.0269259233    0.0269259233
945    0.00451999996    0.0211194716    0.0211194716 0.0190758444    0.0224439856    0.0253479443    0.0253479443
955    0.00364000001    0.0200189538    0.0200189538 0.017690558    0.021522915    0.0241230149    0.0241230149
965    0.00364000001    0.0188791305    0.0188791305 0.0165007804    0.0204086527    0.0228104237    0.0228104237
975    0.00346000004    0.0171497446    0.0171497446 0.0145817706    0.018795263    0.0208794493    0.0208794493
985    0.00294000003    0.0159575157    0.0159575157 0.0132558439    0.017683709    0.0194655266    0.0194655266
995    0.00282000005    0.0145949703    0.0145949703 0.011839957    0.0163507611    0.0178749301    0.0178749301
1005    0.00233999989    0.0141364206    0.0141364206 0.0109846676    0.0161388051    0.0171849672    0.0171849672
1015    0.00215999992    0.0129398257    0.0129398257 0.00998355821    0.0148119833    0.0157664288    0.0157664288
1025    0.00218000007    0.0121057024    0.0121057024 0.00913585722    0.0139799686    0.0147185614    0.0147185614
1035    0.00193999999    0.0109003726    0.0109003726 0.00798044261    0.0127363633    0.0133132096    0.0133132096
1045    0.00156    0.0103894174    0.0103894174 0.00728695653    0.0123327533    0.0126123847    0.0126123847
1055    0.00156    0.00993960258    0.00993960258 0.0065753893    0.0120385168    0.0119861318    0.0119861318
1065    0.00133999996    0.00901376922    0.00901376922 0.00608100463    0.0108361393    0.0108996192    0.0108996192
1075    0.00132000004    0.00895262975    0.00895262975 0.00576466741    0.0109250285    0.0106871361    0.0106871361
1085    0.00120000006    0.00770799583    0.00770799583 0.00450149504    0.00968324021    0.00930900779    0.00930900779
1095    0.00106000004    0.00730185211    0.00730185211 0.00422280282    0.00918976311    0.00877740514    0.00877740514
1105    0.00118000002    0.00731058652    0.00731058652 0.00419229036    0.0092141917    0.00866977498    0.00866977498
1115    0.000760000024    0.00682583405    0.00682583405 0.00352118583    0.00883345772    0.00808096584    0.00808096584
1125    0.000939999998    0.00630614487    0.00630614487 0.00295660109    0.00833146553    0.00746664219    0.00746664219
1135    0.000760000024    0.00583886122    0.00583886122 0.00275486195    0.00769461459    0.00691295508    0.00691295508
1145    0.00079999998    0.00556809874    0.00556809874 0.00182095298    0.00781138288    0.00656262133    0.00656262133
1155    0.000440000003    0.00514885364    0.00514885364 0.00264918618    0.00663803378    0.00607147813    0.00607147813
1165    0.000440000003    0.00484752143    0.00484752143 0.00179975608    0.00665391795    0.00570408162    0.00570408162
1175    0.000539999979    0.00506587839    0.00506587839 0.00182355626    0.00697839027    0.00585981691    0.00585981691
1185    0.000339999999    0.00435840199    0.00435840199 0.00106728473    0.00628967304    0.00509908749    0.00509908749
1195    0.00046000001    0.00434966804    0.00434966804 0.00107823836    0.00625913078    0.00503871031    0.00503871031
1205    0.000360000005    0.00424048956    0.00424048956 0.00138250121    0.0058999015    0.0048826295    0.0048826295
1215    0.000220000002    0.0037906745    0.0037906745 7.84069998e-05    0.00593522331    0.00439132471    0.00439132471
1225    0.000500000024    0.00339326495    0.00339326495 0.000808921526    0.004878134    0.0039557186    0.0039557186
1235    0.000380000012    0.00339326495    0.00339326495 0.000576544902    0.00500312122    0.00391894439    0.00391894439
1245    0.000319999992    0.00320547819    0.00320547819 0    0.00507740723    0.00369812944    0.00369812944
1255    0.000380000012    0.00289541134    0.00289541134 0    0.00499136839    0.00335822231    0.00335822231
1265    0.000239999994    0.00294781709    0.00294781709 0.000497851404    0.00432531023    0.00338156871    0.00338156871
1275    9.99999975e-05    0.00285173999    0.00285173999 0    0.00494023366    0.00325928349    0.00325928349
1285    0.000199999995    0.00257661054    0.00257661054 0    0.00437798165    0.00296074012    0.00296074012
1295    0.000180000003    0.00257224333    0.00257224333 0    0.00437001185    0.00293356669    0.00293356669
1305    0.000140000004    0.00254604057    0.00254604057 0    0.00523442915    0.00288631627    0.00288631627
1315    0.000119999997    0.00245869788    0.00245869788 0    0.00387392356    0.00277971779    0.00277971779
1325    0.000180000003    0.00205692137    0.00205692137 7.18565789e-05    0.00313546997    0.00236148178    0.00236148178
1335    0.000220000002    0.00196521147    0.00196521147 0    0.00304284296    0.002253199    0.002253199
1345    9.99999975e-05    0.00197394565    0.00197394565 0.000184784367    0.00293484796    0.00224607904    0.00224607904
1355    0.000220000002    0.00203945278    0.00203945278 0    0.00323280413    0.00229655043    0.00229655043
1365    5.99999985e-05    0.00182546303    0.00182546303 0    0.00365140126    0.00206976151    0.00206976151
1375    5.99999985e-05    0.00172501884    0.00172501884 0.000211695748    0.00252305903    0.00195691735    0.00195691735
1385    9.99999975e-05    0.00178179168    0.00178179168 0    0.00312192761    0.00200142269    0.00200142269
1395    9.99999975e-05    0.00144552218    0.00144552218 0    0.00235056505    0.00165541447    0.00165541447
1405    5.99999985e-05    0.00161584048    0.00161584048 0    0.00310755661    0.00181443978    0.00181443978
1415    3.9999999e-05    0.00144988927    0.00144988927 0    0.00317369611    0.00163935707    0.00163935707
1425    0.000140000004    0.00136254658    0.00136254658 0    0.00248982059    0.00154313934    0.00154313934
1435    1.99999995e-05    0.00137564796    0.00137564796 0    0.00212958502    0.00154747965    0.00154747965
1445    3.9999999e-05    0.00118349399    0.00118349399 0.000163667486    0.00169795472    0.00134800444    0.00134800444
1455    9.99999975e-05    0.00124463392    0.00124463392 0    0.00199374976    0.00140117446    0.00140117446
1465    3.9999999e-05    0.00113108836    0.00113108836 0    0.00252322946    0.00128088985    0.00128088985
1475    1.99999995e-05    0.00122279825    0.00122279825 0    0.00267526717    0.00136536057    0.00136536057
1485    0    0.000969504297    0.000969504297 0    0.00186158321    0.00110675942    0.00110675942
1495    7.9999998e-05    0.00106994843    0.00106994843 5.03921219e-05    0.00156724546    0.0012006762    0.0012006762
1505    1.99999995e-05    0.000895262987    0.000895262987 0    0.0015195189    0.00102103106    0.00102103106
1515    1.99999995e-05    0.000973871443    0.000973871443 0    0.117108271    0.00109386176    0.00109386176
1525    3.9999999e-05    0.000973871443    0.000973871443 0    0.00171420898    0.00108872924    0.00108872924
1535    1.99999995e-05    0.000982605736    0.000982605736 0    0.00156495662    0.00109256653    0.00109256653
1545    1.99999995e-05    0.000890895841    0.000890895841 0    0.00303712999    0.000996665447    0.000996665447
1555    1.99999995e-05    0.000821021677    0.000821021677 0    0.0112320818    0.000922742533    0.000922742533
1565    1.99999995e-05    0.000729311781    0.000729311781 0.0202339925    0    0.000827306532    0.000827306532
1575    3.9999999e-05    0.000738046074    0.000738046074 0    0.00153768051    0.000832076243    0.000832076243
1585    0    0.000790451712    0.000790451712 0    0.00284660282    0.000880519685    0.000880519685
1595    1.99999995e-05    0.00069437467    0.00069437467 0    0.00105199171    0.000781330222    0.000781330222
1605    1.99999995e-05    0.000554626342    0.000554626342 0    0.00106861687    0.00063883909    0.00063883909
1615    0    0.000672538998    0.000672538998 0.00935233757    0    0.000753020402    0.000753020402
1625    1.99999995e-05    0.000624500506    0.000624500506 0    0.000954143121    0.000702146965    0.000702146965
1635    7.9999998e-05    0.000550259196    0.000550259196 0    0.000842991576    0.000625332934    0.000625332934
1645    1.99999995e-05    0.000532790669    0.000532790669 0    0.000818296277    0.000605174457    0.000605174457
1655    0    0.000519689231    0.000519689231 0    0.00342983217    0.00058949244    0.00058949244
1665    0    0.000576462015    0.000576462015 0    0.00088804902    0.000643493491    0.000643493491
1675    1.99999995e-05    0.000532790669    0.000532790669 0    0.000823486305    0.000597614329    0.000597614329
1685    1.99999995e-05    0.000598297687    0.000598297687 0    0.000927058572    0.000660533551    0.000660533551
1695    0    0.00045854933    0.00045854933 0    0.00123188389    0.00051921769    0.00051921769
1705    0    0.000432346511    0.000432346511 0    0.00160597137    0.000491036219    0.000491036219
1715    1.99999995e-05    0.000515322085    0.000515322085 0    0.000802884577    0.000571636367    0.000571636367
1725    0    0.000397409429    0.000397409429 0    0.000848813565    0.000452333334    0.000452333334
1735    0    0.000414877955    0.000414877955 0    0.000648329733    0.00046788805    0.00046788805
1745    1.99999995e-05    0.000397409429    0.000397409429 0    0.000621767773    0.000448739622    0.000448739622
1755    0    0.000349370908    0.000349370908 0    0.000547224015    0.000399231649    0.000399231649
1765    1.99999995e-05    0.000427979365    0.000427979365 0    0.000671766582    0.000475874112    0.000475874112
1775    0    0.000349370908    0.000349370908 0.0222180095    0    0.000396069168    0.000396069168
1785    0    0.00037120661    0.00037120661 0    0.000583827903    0.000416322087    0.000416322087
1795    1.99999995e-05    0.000305699563    0.000305699563 0    0.00517173531    0.000349682814    0.000349682814
1805    0    0.00031006668    0.00031006668 0.00935168006    0    0.000352662028    0.000352662028
1815    0    0.000218356814    0.000218356814 0    0.00034478493    0.000260048109    0.000260048109
1825    0    0.000279496744    0.000279496744 0    0.000441637298    0.000319651765    0.000319651765
1835    0    0.000231458223    0.000231458223 0    0.000365794083    0.000270614313    0.000270614313
1845    0    0.000218356814    0.000218356814 0.000787988072    4.31495937e-06    0.000256404368    0.000256404368
1855    1.99999995e-05    0.000270762452    0.000270762452 0    0.000428656756    0.000307452923    0.000307452923
1865    0    0.000205255419    0.000205255419 0.00450102519    0    0.00024115853    0.00024115853
1875    0    0.000231458223    0.000231458223 0    0.000366368709    0.000266204239    0.000266204239
1885    0    0.000205255419    0.000205255419 0.00200777664    0    0.000239117231    0.000239117231
1895    0    0.000231458223    0.000231458223 0.00290706591    0    0.000264238275    0.000264238275
1905    0    0.000240192501    0.000240192501 0    0.000380697136    0.000272004021    0.000272004021
1915    0    0.000183419732    0.000183419732 0    0.000290678348    0.000214589265    0.000214589265
1925    0    0.000196521141    0.000196521141 0    0.000311158452    0.000226768199    0.000226768199
1935    0    0.000174685454    0.000174685454 0    0.000276675011    0.000204196986    0.000204196986
1945    0    0.000144115504    0.000144115504 0.00131151464    0    0.000172959844    0.000172959844
1955    0    0.000152849781    0.000152849781 0    0.000242079215    0.000180879171    0.000180879171
1965    0    0.000170318322    0.000170318322 0    0.000269423908    0.000197520552    0.000197520552
1975    0    0.000157216913    0.000157216913 0    0    0.000183754397    0.000183754397
1985    0    0.000131014094    0.000131014094 0.000399273209    4.09944441e-05    0.000156970025    0.000156970025
1995    0    0.000135381226    0.000135381226 0    0    0.000160642463    0.000160642463
2005    0    0.000174685454    0.000174685454 0    0    0.000199118309    0.000199118309
2015    0    0.0001790526    0.0001790526 0    0    0.000202834985    0.000202834985
2025    0    0.000148482635    0.000148482635 0    0    0.000171791602    0.000171791602
2035    0    0.000131014094    0.000131014094 0    0    0.00015381095    0.00015381095
2045    0    0.000152849781    0.000152849781 0    0    0.000174977875    0.000174977875
2055    0    0.000131014094    0.000131014094 0    0    0.00015268712    0.00015268712
2065    0    0.000109178407    0.000109178407 0    0    0.000130413988    0.000130413988
2075    0    0.000100444136    0.000100444136 0    0    0.00012120061    0.00012120061
2085    0    8.73427271e-05    8.73427271e-05 0    0    0.000107655898    0.000107655898
2095    0    8.73427271e-05    8.73427271e-05 0    0    0.000107169646    0.000107169646
2105    0    0.000113545546    0.000113545546 0    0    0.000132784058    0.000132784058
2115    0    8.73427271e-05    8.73427271e-05 0    0    0.000106241692    0.000106241692
2125    1.99999995e-05    0.000117912685    0.000117912685 0    0    0.000136232105    0.000136232105
2135    0    6.11399082e-05    6.11399082e-05 0    0    7.92838255e-05    7.92838255e-05
2145    0    5.6772773e-05    5.6772773e-05 0    0    7.45196885e-05    7.45196885e-05
2155    0    0.000104811275    0.000104811275 0    0    0.000121939214    0.000121939214
2165    0    8.29755954e-05    8.29755954e-05 0    0    9.980904e-05    9.980904e-05
2175    0    5.6772773e-05    5.6772773e-05 0    0    7.33427805e-05    7.33427805e-05
2185    0    4.80385024e-05    4.80385024e-05 0    0    6.42780433e-05    6.42780433e-05
2195    0    7.86084565e-05    7.86084565e-05 0    0    9.43524356e-05    9.43524356e-05
2205    0    6.55070471e-05    6.55070471e-05 0    0    8.09611156e-05    8.09611156e-05
2215    0    6.55070471e-05    6.55070471e-05 0    0    8.0622558e-05    8.0622558e-05
2225    0    6.9874186e-05    6.9874186e-05 0    0    8.46412076e-05    8.46412076e-05
2235    0    4.80385024e-05    4.80385024e-05 0    0    6.25834946e-05    6.25834946e-05
2245    0    6.9874186e-05    6.9874186e-05 0    0    8.40107605e-05    8.40107605e-05
2255    0    6.9874186e-05    6.9874186e-05 0    0    8.37086409e-05    8.37086409e-05
2265    0    4.80385024e-05    4.80385024e-05 0    0    6.16768448e-05    6.16768448e-05
2275    0    3.4937093e-05    3.4937093e-05 0    0    4.83482982e-05    4.83482982e-05
2285    0    6.9874186e-05    6.9874186e-05 0    0    8.28511766e-05    8.28511766e-05
2295    0    4.80385024e-05    4.80385024e-05 0    0    6.08427217e-05    6.08427217e-05
2305    0    2.18356818e-05    2.18356818e-05 0    0    3.44939253e-05    3.44939253e-05
2315    0    3.93042283e-05    3.93042283e-05 0    0    5.16281907e-05    5.16281907e-05
2325    0    3.93042283e-05    3.93042283e-05 0    0    5.13788327e-05    5.13788327e-05
2335    0    1.74685465e-05    1.74685465e-05 0    0    2.93980247e-05    2.93980247e-05
2345    0    4.36713635e-05    4.36713635e-05 0    0    5.5247212e-05    5.5247212e-05
2355    0    5.24056377e-05    5.24056377e-05 0    0    6.37121339e-05    6.37121339e-05
2365    0    2.62028188e-05    2.62028188e-05 0    0    3.74021729e-05    3.74021729e-05
2375    0    4.36713635e-05    4.36713635e-05 0    0    5.45740077e-05    5.45740077e-05
2385    0    4.80385024e-05    4.80385024e-05 0    0    5.87086106e-05    5.87086106e-05
2395    0    2.18356818e-05    2.18356818e-05 0    0    3.24153916e-05    3.24153916e-05
