5    0.00066000002    0    0 0    0    0    0
15    0.00171999994    0    0 0    0    0    0
25    0.00319999992    0    0 0    0    0    0
35    0.00419999985    0    0 0    0    0    0
45    0.00490000006    0    0 0    0    0    0
55    0.00558000011    0    0 0    0    0    0
65    0.00567999994    0    0 0    0    0    0
75    0.00576000009    0    0 0    0    0    0
85    0.0059799999    0    0 0    0    0    0
95    0.00588000007    0    0 0    0    0    0
105    0.00603999989    0    0 0    0    0    0
115    0.00677999994    0    0 0    0    0    0
125    0.00633999985    0    0 0    0    0    0
135    0.00725999987    0    0 0    0    0    0
145    0.00725999987    0    0 0    0    0    0
155    0.0060200002    0    0 0    0    0    0
165    0.00683999993    0    0 0    0    0    0
175    0.00730000017    1.00042689e-05    1.00042689e-05 1.00042689e-05    1.00042689e-05    0    0
185    0.00662000012    2.66780498e-05    2.66780498e-05 2.66780498e-05    2.66780498e-05    5.27145085e-06    5.27145085e-06
195    0.00618000003    4.66865858e-05    4.66865858e-05 4.66865858e-05    4.66865858e-05    2.34388535e-05    2.34388535e-05
205    0.00615999987    4.66865858e-05    4.66865858e-05 4.66865858e-05    4.66865858e-05    2.13900003e-05    2.13900003e-05
215    0.00651999982    4.33518289e-05    4.33518289e-05 6.12723888e-05    3.10219439e-05    1.5760419e-05    1.5760419e-05
225    0.0066399998    7.66993908e-05    7.66993908e-05 0.000107632441    5.54129656e-05    4.65145968e-05    4.65145968e-05
235    0.00657999981    9.67079322e-05    9.67079322e-05 0.000134142261    7.09079759e-05    6.36035547e-05    6.36035547e-05
245    0.00633999985    0.000130055487    0.000130055487 0.000180535382    9.52332848e-05    9.36412907e-05    9.36412907e-05
255    0.00706000021    0.000140059754    0.000140059754 0.00019144878    0.000104519626    9.98930336e-05    9.98930336e-05
265    0.00680000009    0.000230098172    0.000230098172 0.00031300963    0.000172602478    0.000185619821    0.000185619821
275    0.00793999992    0.000246771961    0.000246771961 0.00033395263    0.000186267891    0.000197381232    0.000197381232
285    0.00700000022    0.000273450016    0.000273450016 0.000357616547    0.000214927175    0.000218397923    0.000218397923
295    0.00716000004    0.00029345855    0.00029345855 0.000379772944    0.000233369836    0.000231856058    0.000231856058
305    0.00791999977    0.000450192078    0.000450192078 0.000571612036    0.000365583866    0.000380917394    0.000380917394
315    0.00751999998    0.000456861599    0.000456861599 0.000572494406    0.000376107288    0.000378668425    0.000378668425
325    0.00749999983    0.000560239016    0.000560239016 0.000680395227    0.000476171292    0.000471505919    0.000471505919
335    0.00769999996    0.000790337217    0.000790337217 0.000940819504    0.000684744504    0.000689066481    0.000689066481
345    0.00829999987    0.000907053705    0.000907053705 0.00108059216    0.00078496302    0.00079086388    0.00079086388
355    0.00896000024    0.00105378299    0.00105378299 0.00122840959    0.00093112234    0.000919630984    0.000919630984
365    0.00855999999    0.00131055922    0.00131055922 0.00149588741    0.00118060235    0.00115457154    0.00115457154
375    0.00899999961    0.00176075124    0.00176075124 0.00199185335    0.00159887539    0.00157795951    0.00157795951
385    0.00984000042    0.00193415862    0.00193415862 0.00216832478    0.0017703526    0.0017183295    0.0017183295
395    0.0101399999    0.0023176556    0.0023176556 0.00256520952    0.00214461144    0.0020604264    0.0020604264
405    0.0105999997    0.00307131046    0.00307131046 0.00339120626    0.00284787593    0.00276155677    0.00276155677
415    0.0127800005    0.00373159209    0.00373159209 0.00410446152    0.00347130047    0.00335455546    0.00335455546
425    0.0133800004    0.00450192066    0.00450192066 0.00493257865    0.00420153094    0.00403734529    0.00403734529
435    0.0142200002    0.00553902984    0.00553902984 0.00604107883    0.00518896291    0.00495873159    0.00495873159
445    0.0164599996    0.00720640784    0.00720640784 0.0078550484    0.00675468147    0.00647046231    0.00647046231
455    0.0183199998    0.00893714651    0.00893714651 0.00970932841    0.00840003975    0.00798845757    0.00798845757
465    0.0191600006    0.0105845165    0.0105845165 0.011461243    0.00997384917    0.00933977962    0.00933977962
475    0.02324    0.0139259417    0.0139259417 0.0150531558    0.013139707    0.0122615295    0.0122615295
485    0.0258399993    0.0180310272    0.0180310272 0.0194571652    0.0170371253    0.0157651193    0.0157651193
495    0.03094    0.0239568874    0.0239568874 0.0257021431    0.022740854    0.0208282098    0.0208282098
505    0.0380799994    0.0311099403    0.0311099403 0.0331465751    0.0296906102    0.0267792325    0.0267792325
515    0.0430399999    0.0412009135    0.0412009135 0.0435353443    0.0395762734    0.0353597626    0.0353597626
525    0.0485000014    0.0541597754    0.0541597754 0.0565944724    0.0524668843    0.0469791479    0.0469791479
535    0.0550800003    0.0694296211    0.0694296211 0.071610041    0.0679120272    0.0625574738    0.0625574738
545    0.0580799989    0.0800774992    0.0800774992 0.0813790485    0.0791705623    0.0770250708    0.0770250708
555    0.0570599996    0.0843326449    0.0843326449 0.0840488449    0.0846230909    0.0873261765    0.0873261765
565    0.0510799997    0.0782033652    0.0782033652 0.0769385174    0.0790841132    0.0850226283    0.0850226283
575    0.041579999    0.065321207    0.065321207 0.0631880388    0.0668065995    0.0724590272    0.0724590272
585    0.0317200013    0.0531793572    0.0531793572 0.0505882762    0.0549841598    0.0589866936    0.0589866936
595    0.0246799998    0.0424147621    0.0424147621 0.039666567    0.0443285108    0.0467191301    0.0467191301
605    0.0194799993    0.0343479887    0.0343479887 0.031590201    0.0362666249    0.0374557786    0.0374557786
615    0.0147200003    0.0276684724    0.0276684724 0.0250379201    0.0294979028    0.0299180076    0.0299180076
625    0.0113399997    0.0222861748    0.0222861748 0.0198268518    0.0239967667    0.0239376146    0.0239376146
635    0.00961999968    0.0186479557    0.0186479557 0.0162950922    0.0202842373    0.0198822208    0.0198822208
645    0.00763999997    0.0158500969    0.0158500969 0.0137132211    0.0173352305    0.0167899039    0.0167899039
655    0.00609999988    0.0132489866    0.0132489866 0.0112489108    0.014639101    0.013977604    0.013977604
665    0.00511999987    0.0117250029    0.0117250029 0.00979551207    0.0130656026    0.0122991158    0.0122991158
675    0.00413999986    0.0103577524    0.0103577524 0.00859089568    0.0115846628    0.0108170044    0.0108170044
685    0.00307999994    0.00911388826    0.00911388826 0.00742224976    0.0102886884    0.00948632322    0.00948632322
695    0.00283999997    0.00811346155    0.00811346155 0.0064536971    0.00926528499    0.00841920823    0.00841920823
705    0.00261999993    0.00697964476    0.00697964476 0.00553155877    0.00798378885    0.00723354286    0.00723354286
715    0.00184000004    0.00644608354    0.00644608354 0.00486531202    0.00754199969    0.00665891077    0.00665891077
725    0.00132000004    0.00567242038    0.00567242038 0.00425690832    0.0066528949    0.00585254887    0.00585254887
735    0.00152000005    0.00533894449    0.00533894449 0.00395099865    0.00629950408    0.00549254986    0.00549254986
745    0.0013    0.00485207001    0.00485207001 0.00355741032    0.00574754458    0.0049841064    0.0049841064
755    0.00113999995    0.00441855192    0.00441855192 0.00309704128    0.00533196842    0.00453283405    0.00453283405
765    0.000839999993    0.0040250509    0.0040250509 0.00277887145    0.00488567213    0.00412459625    0.00412459625
775    0.000899999985    0.00354151102    0.00354151102 0.00235487451    0.00436023297    0.00362877455    0.00362877455
785    0.000839999993    0.00331808231    0.00331808231 0.00220912066    0.00408240082    0.00339492317    0.00339492317
795    0.000679999997    0.00315801403    0.00315801403 0.00182552321    0.00407533767    0.00322599616    0.00322599616
805    0.000339999999    0.00279452559    0.00279452559 0.00172472431    0.00353032094    0.00285502174    0.00285502174
815    0.000579999993    0.00288122939    0.00288122939 0.00155467086    0.00379231293    0.00293515134    0.00293515134
825    0.000260000001    0.00246771961    0.00246771961 0.0014784449    0.00314718764    0.00251613767    0.00251613767
835    0.000280000007    0.00235767267    0.00235767267 0.00118678866    0.00315972301    0.00240122387    0.00240122387
845    0.000380000012    0.00226763426    0.00226763426 0.00125576009    0.00295985956    0.00230693817    0.00230693817
855    0.000199999995    0.00226763426    0.00226763426 0.000979236676    0.00314868265    0.00230318937    0.00230318937
865    0.000220000002    0.00209756172    0.00209756172 0.00100415002    0.00284311338    0.00212987978    0.00212987978
875    0.000140000004    0.00193749333    0.00193749333 0.000664064602    0.00280417316    0.00196695654    0.00196695654
885    0.000280000007    0.00185078965    0.00185078965 0.00075731572    0.00259447657    0.00187770254    0.00187770254
895    0.000180000003    0.00180410303    0.00180410303 0.000552563986    0.00265293126    0.00182873663    0.00182873663
905    0.000239999994    0.0016507043    0.0016507043 0.000771749765    0.002245554    0.00167334394    0.00167334394
915    0.000319999992    0.00146729266    0.00146729266 0.000400180405    0.00218904135    0.00148816407    0.00148816407
925    0.000119999997    0.00138058909    0.00138058909 7.74353175e-05    0.00225920882    0.001399845    0.001399845
935    0.000180000003    0.00150730973    0.00150730973 0.000504796102    0.00218199217    0.00152503815    0.00152503815
945    5.99999985e-05    0.00136724999    0.00136724999 0    0.00284016691    0.00138369063    0.00138369063
955    0.000159999996    0.00130722439    0.00130722439 0.000389674853    0.00192257424    0.00132247573    0.00132247573
965    3.9999999e-05    0.0012205207    0.0012205207 0    0.0020374069    0.00123470498    0.00123470498
975    7.9999998e-05    0.00115716038    0.00115716038 0.000311050622    0.00172111159    0.00117036875    0.00117036875
985    0.000140000004    0.00123052497    0.00123052497 0.000214496293    0.00190621079    0.00124279724    0.00124279724
995    1.99999995e-05    0.00119717745    0.00119717745 0.000335155026    0.00176951312    0.00120863086    0.00120863086
1005    1.99999995e-05    0.000987087842    0.000987087842 0.000987087842    0.000987087842    0.000997856492    0.000997856492
1015    5.99999985e-05    0.00089704938    0.00089704938 0.00089704938    0.00089704938    0.000907153648    0.000907153648
1025    9.99999975e-05    0.000963744533    0.000963744533 0.000963744533    0.000963744533    0.000973185    0.000973185
1035    0    0.00104377873    0.00104377873 0.00104377873    0.00104377873    0.00105260185    0.00105260185
1045    9.99999975e-05    0.000803676259    0.000803676259 0.000803676259    0.000803676259    0.000812043028    0.000812043028
1055    1.99999995e-05    0.000880375621    0.000880375621 0.000880375621    0.000880375621    0.000888214272    0.000888214272
1065    7.9999998e-05    0.000837023777    0.000837023777 0.000837023777    0.000837023777    0.000844415219    0.000844415219
1075    7.9999998e-05    0.000756989641    0.000756989641 0.000756989641    0.000756989641    0.000763981196    0.000763981196
1085    1.99999995e-05    0.000716972572    0.000716972572 0.000716972572    0.000716972572    0.000723581121    0.000723581121
1095    3.9999999e-05    0.000787002442    0.000787002442 0.000787002442    0.000787002442    0.000793217041    0.000793217041
1105    0    0.000736981106    0.000736981106 0.000736981106    0.000736981106    0.000742870674    0.000742870674
1115    1.99999995e-05    0.000753654866    0.000753654866 0.000753654866    0.000753654866    0.000759219169    0.000759219169
1125    5.99999985e-05    0.000730311614    0.000730311614 0.000730311614    0.000730311614    0.000735586684    0.000735586684
1135    1.99999995e-05    0.000683624996    0.000683624996 0.000683624996    0.000683624996    0.00068863912    0.00068863912
1145    1.99999995e-05    0.000600256084    0.000600256084 0.000600256084    0.000600256084    0.000605040579    0.000605040579
1155    3.9999999e-05    0.000606925634    0.000606925634 0.000606925634    0.000606925634    0.000611465017    0.000611465017
1165    1.99999995e-05    0.000643607927    0.000643607927 0.000643607927    0.000643607927    0.000647906912    0.000647906912
1175    1.99999995e-05    0.000616929901    0.000616929901 0.000616929901    0.000616929901    0.000621025451    0.000621025451
1185    0    0.000616929901    0.000616929901 0.000616929901    0.000616929901    0.000620825565    0.000620825565
1195    3.9999999e-05    0.000560239016    0.000560239016 0.000560239016    0.000560239016    0.000563967275    0.000563967275
1205    0    0.000466865866    0.000466865866 0.000466865866    0.000466865866    0.00047045105    0.00047045105
1215    0    0.000606925634    0.000606925634 0.000606925634    0.000606925634    0.000610294519    0.000610294519
1225    1.99999995e-05    0.00046353112    0.00046353112 0.00046353112    0.00046353112    0.000466794882    0.000466794882
1235    3.9999999e-05    0.00046353112    0.00046353112 0.00046353112    0.00046353112    0.000466647441    0.000466647441
1245    3.9999999e-05    0.00046353112    0.00046353112 0.00046353112    0.00046353112    0.000466508267    0.000466508267
1255    0    0.000470200612    0.000470200612 0.000470200612    0.000470200612    0.000473043998    0.000473043998
1265    5.99999985e-05    0.00051021768    0.00051021768 0.00051021768    0.00051021768    0.000512922532    0.000512922532
1275    0    0.000396835996    0.000396835996 0.000396835996    0.000396835996    0.000399463985    0.000399463985
1285    0    0.000390166475    0.000390166475 0.000390166475    0.000390166475    0.000392685673    0.000392685673
1295    0    0.000353484153    0.000353484153 0.000353484153    0.000353484153    0.000355911179    0.000355911179
1305    3.9999999e-05    0.000383496954    0.000383496954 0.000383496954    0.000383496954    0.000385813415    0.000385813415
1315    0    0.000413509755    0.000413509755 0.000413509755    0.000413509755    0.000415720773    0.000415720773
1325    0    0.000356818899    0.000356818899 0.000356818899    0.000356818899    0.000358960329    0.000358960329
1335    0    0.000383496954    0.000383496954 0.000383496954    0.000383496954    0.000385543419    0.000385543419
1345    0    0.000360153674    0.000360153674 0.000360153674    0.000360153674    0.00036212735    0.00036212735
1355    1.99999995e-05    0.000326806097    0.000326806097 0.000326806097    0.000326806097    0.000328714552    0.000328714552
1365    0    0.000343479885    0.000343479885 0.000343479885    0.000343479885    0.000345308887    0.000345308887
1375    0    0.000280119508    0.000280119508 0.000280119508    0.000280119508    0.000281901273    0.000281901273
1385    1.99999995e-05    0.000330140872    0.000330140872 0.000330140872    0.000330140872    0.000331838062    0.000331838062
1395    0    0.000286789029    0.000286789029 0.000286789029    0.000286789029    0.000288438197    0.000288438197
1405    0    0.000336810364    0.000336810364 0.000336810364    0.000336810364    0.000338381011    0.000338381011
1415    0    0.000260110974    0.000260110974 0.000260110974    0.000260110974    0.000261651265    0.000261651265
1425    1.99999995e-05    0.000260110974    0.000260110974 0.000260110974    0.000260110974    0.000261596026    0.000261596026
1435    0    0.000223428666    0.000223428666 0.000223428666    0.000223428666    0.000224874049    0.000224874049
1445    0    0.000223428666    0.000223428666 0.000223428666    0.000223428666    0.000224823612    0.000224823612
1455    0    0.000273450016    0.000273450016 0.000273450016    0.000273450016    0.000274778751    0.000274778751
1465    0    0.000230098172    0.000230098172 0.000230098172    0.000230098172    0.000231396305    0.000231396305
1475    0    0.000236767693    0.000236767693 0.000236767693    0.000236767693    0.000238019216    0.000238019216
1485    0    0.000203420132    0.000203420132 0    0    0.000204641256    0.000204641256
1495    0    0.000276784762    0.000276784762 0    0    0.000277939049    0.000277939049
1505    0    0.000210089638    0.000210089638 0    0    0.000211228922    0.000211228922
1515    0    0.000183411583    0.000183411583 0    0    0.000184523145    0.000184523145
1525    0    0.000250106707    0.000250106707 0    0    0.000251158577    0.000251158577
1535    0    0.000200085371    0.000200085371 0    0    0.000201120798    0.000201120798
1545    0    0.00017007257    0.00017007257 0    0    0.000171085761    0.000171085761
1555    0    0.000173407316    0.000173407316 0    0    0.000174387635    0.000174387635
1565    0    0.000193415864    0.000193415864 0    0    0.000194358552    0.000194358552
1575    0    0.000163403049    0.000163403049 0    0    0.000164327212    0.000164327212
1585    0    0.00019675061    0.00019675061 0    0    0.000197634654    0.000197634654
1595    0    0.000180076837    0.000180076837 0    0    0.000180939751    0.000180939751
1605    0    0.000143394514    0.000143394514 0    0    0.000144244492    0.000144244492
1615    0    0.000146729275    0.000146729275 0    0    0.000147552943    0.000147552943
1625    0    0.000143394514    0.000143394514 0    0    0.00014419519    0.00014419519
1635    0    0.000136725008    0.000136725008 0    0    0.000137504758    0.000137504758
1645    0    0.000140059754    0.000140059754 0    0    0.000140815842    0.000140815842
1655    0    0.000143394514    0.000143394514 0    0    0.000144127756    0.000144127756
1665    0    0.00012005122    0.00012005122 0    0    0.000120771932    0.000120771932
1675    0    0.000166737809    0.000166737809 0    0    0.000167421633    0.000167421633
1685    0    0.000113381713    0.000113381713 0    0    0.000114065195    0.000114065195
1695    0    0.000150064021    0.000150064021 0    0    0.000150715583    0.000150715583
1705    0    9.67079322e-05    9.67079322e-05 0    0    9.7360462e-05    9.7360462e-05
1715    0    0.000133390247    0.000133390247 0    0    0.000134012123    0.000134012123
1725    0    9.33731717e-05    9.33731717e-05 0    0    9.39924503e-05    9.39924503e-05
1735    0    0.000130055487    0.000130055487 0    0    0.000130645261    0.000130645261
1745    0    0.000116716466    0.000116716466 0    0    0.000117295196    0.000117295196
1755    0    8.00341513e-05    8.00341513e-05 0    0    8.06107128e-05    8.06107128e-05
1765    0    9.33731717e-05    9.33731717e-05 0    0    9.39301535e-05    9.39301535e-05
1775    0    0.000126720741    0.000126720741 0    0    0.000127251449    0.000127251449
1785    0    8.33689046e-05    8.33689046e-05 0    0    8.39012791e-05    8.39012791e-05
1795    0    0.000100042686    0.000100042686 0    0    0.000100555655    0.000100555655
1805    0    6.66951237e-05    6.66951237e-05 0    0    6.72070455e-05    6.72070455e-05
1815    0    9.33731717e-05    9.33731717e-05 0    0    9.38629455e-05    9.38629455e-05
1825    0    8.00341513e-05    8.00341513e-05 0    0    8.05164964e-05    8.05164964e-05
1835    0    7.33646375e-05    7.33646375e-05 0    0    7.38375456e-05    7.38375456e-05
1845    0    0.000100042686    0.000100042686 0    0    0.000100494573    0.000100494573
1855    0    6.66951237e-05    6.66951237e-05 0    0    6.71478483e-05    6.71478483e-05
1865    0    6.33603704e-05    6.33603704e-05 0    0    6.38035053e-05    6.38035053e-05
1875    0    0.000100042686    0.000100042686 0    0    0.000100462225    0.000100462225
1885    0    8.33689046e-05    8.33689046e-05 0    0    8.37842672e-05    8.37842672e-05
1895    0    5.33560997e-05    5.33560997e-05 0    0    5.37723645e-05    5.37723645e-05
1905    0    6.00256099e-05    6.00256099e-05 0    0    6.04299312e-05    6.04299312e-05
1915    0    7.0029877e-05    7.0029877e-05 0    0    7.04213307e-05    7.04213307e-05
1925    0    4.66865858e-05    4.66865858e-05 0    0    4.70773921e-05    4.70773921e-05
1935    0    7.0029877e-05    7.0029877e-05 0    0    7.04035629e-05    7.04035629e-05
1945    0    4.33518289e-05    4.33518289e-05 0    0    4.37265662e-05    4.37265662e-05
1955    0    5.66908566e-05    5.66908566e-05 0    0    5.70525444e-05    5.70525444e-05
1965    0    5.33560997e-05    5.33560997e-05 0    0    5.37109445e-05    5.37109445e-05
1975    0    5.00213428e-05    5.00213428e-05 0    0    5.03695737e-05    5.03695737e-05
1985    0    5.66908566e-05    5.66908566e-05 0    0    5.70291013e-05    5.70291013e-05
1995    0    3.66823188e-05    3.66823188e-05 0    0    3.70203452e-05    3.70203452e-05
2005    0    3.00128049e-05    3.00128049e-05 0    0    3.03460383e-05    3.03460383e-05
2015    0    2.66780498e-05    2.66780498e-05 0    0    2.70054861e-05    2.70054861e-05
2025    0    3.33475618e-05    3.33475618e-05 0    0    3.36658086e-05    3.36658086e-05
2035    0    4.00170757e-05    4.00170757e-05 0    0    4.03263111e-05    4.03263111e-05
2045    0    5.00213428e-05    5.00213428e-05 0    0    5.03205483e-05    5.03205483e-05
2055    0    4.66865858e-05    4.66865858e-05 0    0    4.69807128e-05    4.69807128e-05
2065    0    2.66780498e-05    2.66780498e-05 0    0    2.69732336e-05    2.69732336e-05
2075    0    3.00128049e-05    3.00128049e-05 0    0    3.03008437e-05    3.03008437e-05
2085    0    3.66823188e-05    3.66823188e-05 0    0    3.69621703e-05    3.69621703e-05
2095    0    3.00128049e-05    3.00128049e-05 0    0    3.02893986e-05    3.02893986e-05
2105    0    3.00128049e-05    3.00128049e-05 0    0    3.02838962e-05    3.02838962e-05
2115    0    3.00128049e-05    3.00128049e-05 0    0    3.02785302e-05    3.02785302e-05
2125    0    5.00213428e-05    5.00213428e-05 0    0    5.02746698e-05    5.02746698e-05
2135    0    3.66823188e-05    3.66823188e-05 0    0    3.69353256e-05    3.69353256e-05
2145    0    1.66737809e-05    1.66737809e-05 0    0    1.69289851e-05    1.69289851e-05
2155    0    4.00170757e-05    4.00170757e-05 0    0    4.02590667e-05    4.02590667e-05
2165    0    4.33518289e-05    4.33518289e-05 0    0    4.3587901e-05    4.3587901e-05
2175    0    3.00128049e-05    3.00128049e-05 0    0    3.02490407e-05    3.02490407e-05
2185    0    2.00085378e-05    2.00085378e-05 0    0    2.0243855e-05    2.0243855e-05
2195    0    2.00085378e-05    2.00085378e-05 0    0    2.0239464e-05    2.0239464e-05
2205    0    2.66780498e-05    2.66780498e-05 0    0    2.69022985e-05    2.69022985e-05
2215    0    1.00042689e-05    1.00042689e-05 0    0    1.02303056e-05    1.02303056e-05
2225    0    2.33432929e-05    2.33432929e-05 0    0    2.35604657e-05    2.35604657e-05
2235    0    1.00042689e-05    1.00042689e-05 0    0    1.0222232e-05    1.0222232e-05
2245    0    1.66737809e-05    1.66737809e-05 0    0    1.68854585e-05    1.68854585e-05
2255    0    3.33475618e-05    3.33475618e-05 0    0    3.35494624e-05    3.35494624e-05
2265    0    2.33432929e-05    2.33432929e-05 0    0    2.35450607e-05    2.35450607e-05
2275    0    2.66780498e-05    2.66780498e-05 0    0    2.687499e-05    2.687499e-05
2285    0    3.00128049e-05    3.00128049e-05 0    0    3.0205003e-05    3.0205003e-05
2295    0    2.00085378e-05    2.00085378e-05 0    0    2.02008523e-05    2.02008523e-05
2305    0    3.00128049e-05    3.00128049e-05 0    0    3.0198149e-05    3.0198149e-05
2315    0    1.33390249e-05    1.33390249e-05 0    0    1.35270284e-05    1.35270284e-05
2325    0    1.66737809e-05    1.66737809e-05 0    0    1.68573515e-05    1.68573515e-05
2335    0    2.00085378e-05    2.00085378e-05 0    0    2.01877465e-05    2.01877465e-05
2345    0    6.66951246e-06    6.66951246e-06 0    0    6.85040459e-06    6.85040459e-06
2355    0    6.66951246e-06    6.66951246e-06 0    0    6.84737734e-06    6.84737734e-06
2365    0    3.00128049e-05    3.00128049e-05 0    0    3.0179348e-05    3.0179348e-05
2375    0    1.33390249e-05    1.33390249e-05 0    0    1.3508642e-05    1.3508642e-05
2385    0    1.33390249e-05    1.33390249e-05 0    0    1.35058081e-05    1.35058081e-05
2395    0    2.33432929e-05    2.33432929e-05 0    0    2.35037187e-05    2.35037187e-05
