5    0.000600000028    0    0 0    0    0    0
15    0.00106000004    0    0 0    0    0    0
25    0.00179999997    0    0 0    0    0    0
35    0.00248000002    0    0 0    0    0    0
45    0.00312000001    0    0 0    0    0    0
55    0.00312000001    0    0 0    0    0    0
65    0.00337999989    0    0 0    0    0    0
75    0.0038399999    0    0 0    0    0    0
85    0.0033199999    0    0 0    0    0    0
95    0.00353999995    0    0 0    0    0    0
105    0.00386000006    0    0 0    0    0    0
115    0.00368000008    0    0 0    0    0    0
125    0.00374000007    0    0 0    0    0    0
135    0.00401999988    3.33333332e-06    3.33333332e-06 0    0    0    0
145    0.00387999997    0    0 0    0    0    0
155    0.00410000002    0    0 0    0    0    0
165    0.00433999998    6.66666665e-06    6.66666665e-06 6.66666665e-06    6.66666665e-06    7.39110419e-07    7.39110419e-07
175    0.00463999994    1.66666669e-05    1.66666669e-05 1.66666669e-05    1.66666669e-05    1.00017442e-05    1.00017442e-05
185    0.00398000004    3.33333337e-05    3.33333337e-05 3.33333337e-05    3.33333337e-05    2.58034324e-05    2.58034324e-05
195    0.00389999989    3.9999999e-05    3.9999999e-05 3.9999999e-05    3.9999999e-05    3.14500576e-05    3.14500576e-05
205    0.0049399999    0.000110000001    0.000110000001 0.000110000001    0.000110000001    0.000100233141    0.000100233141
215    0.0049399999    9.99999975e-05    9.99999975e-05 0.000150080028    6.56107295e-05    8.87817951e-05    8.87817951e-05
225    0.00437999982    0.000180000003    0.000180000003 0.000267985306    0.000119552155    0.000167021804    0.000167021804
235    0.0049399999    0.000213333333    0.000213333333 0.00030891379    0.000147662577    0.000198213238    0.000198213238
245    0.00528000016    0.000296666665    0.000296666665 0.000430041808    0.00020499072    0.00027890451    0.00027890451
255    0.00552000012    0.000360000005    0.000360000005 0.000495793181    0.000266609772    0.000338948012    0.000338948012
265    0.0055999998    0.000453333341    0.000453333341 0.000631544215    0.000330726267    0.000428128202    0.000428128202
275    0.00621999986    0.000576666673    0.000576666673 0.000786680204    0.000432140892    0.000546144322    0.000546144322
285    0.00647999998    0.000843333313    0.000843333313 0.0011196488    0.000653204625    0.000805886521    0.000805886521
295    0.00718000019    0.000963333354    0.000963333354 0.00123195129    0.000778393354    0.000916729216    0.000916729216
305    0.00825999957    0.00135333335    0.00135333335 0.00170637178    0.00111020182    0.0012943258    0.0012943258
315    0.00889999978    0.00164333335    0.00164333335 0.00200680643    0.00139302306    0.00156715489    0.00156715489
325    0.00963999983    0.00216333335    0.00216333335 0.0025706708    0.001882607    0.00206267182    0.00206267182
335    0.0116600003    0.00305666658    0.00305666658 0.00356371608    0.00270688091    0.00291991583    0.00291991583
345    0.0137999998    0.00415666681    0.00415666681 0.004764996    0.00373786362    0.00396458618    0.00396458618
355    0.0168200005    0.00584000023    0.00584000023 0.00656460924    0.00534240901    0.00555885909    0.00555885909
365    0.0207400005    0.00867999997    0.00867999997 0.00969963707    0.00798240397    0.00824669655    0.00824669655
375    0.0265999995    0.0137833329    0.0137833329 0.0152750835    0.012766446    0.0130700618    0.0130700618
385    0.0350200012    0.0219000001    0.0219000001 0.024079334    0.0204194896    0.0206222758    0.0206222758
395    0.0533800013    0.0387299992    0.0387299992 0.042064406    0.0364672393    0.0361869931    0.0361869931
405    0.0820000023    0.0708099976    0.0708099976 0.0753812641    0.0677115321    0.0652193502    0.0652193502
415    0.126540005    0.133796662    0.133796662 0.138665751    0.130499735    0.123063996    0.123063996
425    0.156059995    0.187156662    0.187156662 0.188715503    0.185929209    0.187143624    0.187143624
435    0.117279999    0.152423337    0.152423337 0.148532197    0.155057535    0.16313605    0.16313605
445    0.0692799985    0.0915233344    0.0915233344 0.0864972547    0.0949239656    0.0971026644    0.0971026644
455    0.0398200005    0.0550033338    0.0550033338 0.05056227    0.0580090731    0.0575398058    0.0575398058
465    0.0236399993    0.0351633318    0.0351633318 0.0315620378    0.0376012251    0.0364370793    0.0364370793
475    0.0151800001    0.0248466674    0.0248466674 0.0218399372    0.0268820636    0.0255572442    0.0255572442
485    0.0100400001    0.0185533334    0.0185533334 0.0159999114    0.0202821009    0.0189847369    0.0189847369
495    0.00618000003    0.0146300001    0.0146300001 0.0123665873    0.0161626134    0.0149097145    0.0149097145
505    0.00609999988    0.0114466669    0.0114466669 0.00952834729    0.0127459848    0.0116376597    0.0116376597
515    0.00347999996    0.00958999991    0.00958999991 0.00784967095    0.0107684638    0.0097258687    0.0097258687
525    0.00312000001    0.00810333341    0.00810333341 0.00656382367    0.00914569758    0.00820327923    0.00820327923
535    0.00230000005    0.00630666688    0.00630666688 0.00500083016    0.00719129341    0.00638229121    0.00638229121
545    0.00171999994    0.00580333313    0.00580333313 0.00455388846    0.00665009161    0.00586184207    0.00586184207
555    0.00147999998    0.00482999999    0.00482999999 0.00365625089    0.00562493224    0.00487620011    0.00487620011
565    0.00150000001    0.00444333348    0.00444333348 0.00339527358    0.00515415613    0.00448041176    0.00448041176
575    0.00101999997    0.00413999986    0.00413999986 0.00306944945    0.00486677047    0.00417019334    0.00417019334
585    0.00100000005    0.00349333324    0.00349333324 0.00255145412    0.00413282309    0.00351826334    0.00351826334
595    0.000699999975    0.0030433333    0.0030433333 0.00216387445    0.00363944238    0.00306414813    0.00306414813
605    0.000500000024    0.00292999996    0.00292999996 0.00200587302    0.00355599332    0.00294753723    0.00294753723
615    0.000440000003    0.00265666656    0.00265666656 0.00183024688    0.00321706641    0.00267158658    0.00267158658
625    0.000560000015    0.00236999989    0.00236999989 0.00156322191    0.00291638938    0.00238280045    0.00238280045
635    0.000319999992    0.00219999999    0.00219999999 0.00139100908    0.00274818228    0.00221105781    0.00221105781
645    0.000339999999    0.0020033333    0.0020033333 0.00124020199    0.00251993514    0.00201295293    0.00201295293
655    0.000239999994    0.00184000004    0.00184000004 0.00112899533    0.00232025073    0.00184841896    0.00184841896
665    0.000319999992    0.00176999997    0.00176999997 0.000970230962    0.00230978359    0.00177740422    0.00177740422
675    0.000319999992    0.00158000004    0.00158000004 0.000831193931    0.00208529085    0.00158655364    0.00158655364
685    0.000119999997    0.00162999996    0.00162999996 0.000853480888    0.0021544951    0.0016358135    0.0016358135
695    0.000260000001    0.00149333337    0.00149333337 0.000705055019    0.00202566781    0.00149852433    0.00149852433
705    0.000199999995    0.0012233333    0.0012233333 0.000547764997    0.00167919393    0.00122799771    0.00122799771
715    0.000159999996    0.00134666672    0.00134666672 0.000686119078    0.00179160945    0.0013508494    0.0013508494
725    0.000119999997    0.0012233333    0.0012233333 0.000541217683    0.00168249337    0.00122711249    0.00122711249
735    0.000159999996    0.00106666668    0.00106666668 0.000536789012    0.00142349431    0.00107009569    0.00107009569
745    3.9999999e-05    0.00100333337    0.00100333337 0.000481320312    0.00135410414    0.00100644934    0.00100644934
755    3.9999999e-05    0.000986666651    0.000986666651 0.000252120197    0.00147973164    0.000989503576    0.000989503576
765    1.99999995e-05    0.000850000011    0.000850000011 0.000204732787    0.00128321629    0.00085259811    0.00085259811
775    1.99999995e-05    0.000916666642    0.000916666642 0.00026640133    0.00135223998    0.000919039303    0.000919039303
785    5.99999985e-05    0.00092666666    0.00092666666 0.000259901339    0.00137283385    0.000928841589    0.000928841589
795    3.9999999e-05    0.000720000011    0.000720000011 0.000192221021    0.00107308058    0.000722013006    0.000722013006
805    0    0.00079666666    0.00079666666 0.00158284686    0.00027166793    0.000798515975    0.000798515975
815    0    0.00066666666    0.00066666666 0.00108957803    0.000384813466    0.000668382505    0.000668382505
825    3.9999999e-05    0.000636666664    0.000636666664 0.00104209641    0.000366797613    0.000638255908    0.000638255908
835    0    0.000699999975    0.000699999975 0.00114765251    0.000402490055    0.00070146838    0.00070146838
845    5.99999985e-05    0.000616666686    0.000616666686 0.00101289211    0.0003537882    0.000618035207    0.000618035207
855    7.9999998e-05    0.000513333362    0.000513333362 0.000844731927    0.000293858524    0.000514612999    0.000514612999
865    5.99999985e-05    0.000623333326    0.000623333326 0.00102780701    0.000355983997    0.000624517852    0.000624517852
875    1.99999995e-05    0.000539999979    0.000539999979 0.00089181267    0.000307766895    0.000541110348    0.000541110348
885    3.9999999e-05    0.000556666695    0.000556666695 0.000920691178    0.000316703168    0.000557702733    0.000557702733
895    0    0.000469999999    0.000469999999 0.000779271941    0.000266631774    0.000470975006    0.000470975006
905    1.99999995e-05    0.000440000003    0.000440000003 0.000731126347    0.000248973578    0.000440915523    0.000440915523
915    1.99999995e-05    0.000426666666    0.000426666666 0.00071074249    0.000240727313    0.000427526393    0.000427526393
925    1.99999995e-05    0.000419999997    0.000419999997 0.000701192417    0.000236356049    0.000420807948    0.000420807948
935    3.9999999e-05    0.000426666666    0.000426666666 0.000713914575    0.000239491041    0.000427425897    0.000427425897
945    1.99999995e-05    0.00039999999    0.00039999999 0.000670789275    0.000223947805    0.000400716497    0.000400716497
955    0    0.000386666681    0.000386666681 0.000649823807    0.000215943379    0.000387342792    0.000387342792
965    0    0.000446666672    0.000446666672 0.000752837863    0.000248624681    0.000447300321    0.000447300321
975    1.99999995e-05    0.000376666663    0.000376666663 0.000636237441    0.000209141988    0.000377269607    0.000377269607
985    1.99999995e-05    0.000339999999    0.000339999999 0.000575844955    0.0001882082    0.000340572413    0.000340572413
995    0    0.000289999996    0.000289999996 0.0004925502    0.000160019961    0.000290545111    0.000290545111
1005    1.99999995e-05    0.000306666654    0.000306666654 0    0    0.000307181908    0.000307181908
1015    0    0.000343333348    0.000343333348 0    0    0.000343819207    0.000343819207
1025    0    0.000296666665    0.000296666665 0    0    0.000297130755    0.000297130755
1035    0    0.000243333328    0.000243333328 0    0    0.000243777686    0.000243777686
1045    0    0.000310000003    0.000310000003 0    0    0.000310417759    0.000310417759
1055    1.99999995e-05    0.000306666654    0.000306666654 0    0    0.000307064096    0.000307064096
1065    0    0.000236666659    0.000236666659 0    0    0.000237049637    0.000237049637
1075    0    0.000263333321    0.000263333321 0    0    0.000263696333    0.000263696333
1085    1.99999995e-05    0.000246666663    0.000246666663 0    0    0.000247013755    0.000247013755
1095    0    0.000273333339    0.000273333339 0    0    0.000273662503    0.000273662503
1105    0    0.00023333334    0.00023333334 0    0    0.000233650164    0.000233650164
1115    0    0.000199999995    0.000199999995 0    0    0.000200304887    0.000200304887
1125    0    0.000213333333    0.000213333333 0    0    0.000213623818    0.000213623818
1135    0    0.000203333329    0.000203333329 0    0    0.000203611809    0.000203611809
1145    0    0.000180000003    0.000180000003 0    0    0.000180268078    0.000180268078
1155    0    0.000213333333    0.000213333333 0    0    0.000213587729    0.000213587729
1165    0    0.000220000002    0.000220000002 0    0    0.00022024315    0.00022024315
1175    0    0.000180000003    0.000180000003 0    0    0.000180235758    0.000180235758
1185    0    0.000220000002    0.000220000002 0    0    0.000220223301    0.000220223301
1195    0    0.000153333327    0.000153333327 0    0    0.000153552115    0.000153552115
1205    0    0.000159999996    0.000159999996 0    0    0.000160209602    0.000160209602
1215    0    0.000150000007    0.000150000007 0    0    0.000150202017    0.000150202017
1225    0    0.000150000007    0.000150000007 0    0    0.000150194144    0.000150194144
1235    0    0.000146666673    0.000146666673 0    0    0.000146853577    0.000146853577
1245    0    0.000190000006    0.000190000006 0    0    0.000190176768    0.000190176768
1255    0    0.000169999999    0.000169999999 0    0    0.000170171363    0.000170171363
1265    0    0.000113333335    0.000113333335 0    0    0.000113502196    0.000113502196
1275    0    0.000150000007    0.000150000007 0    0    0.000150160136    0.000150160136
1285    1.99999995e-05    0.000150000007    0.000150000007 0    0    0.000150154257    0.000150154257
1295    0    0.000166666665    0.000166666665 0    0    0.000166814163    0.000166814163
1305    0    0.000150000007    0.000150000007 0    0    0.000150143285    0.000150143285
1315    0    0.000123333331    0.000123333331 0    0    0.000123473365    0.000123473365
1325    0    9.66666703e-05    9.66666703e-05 0    0    9.68036547e-05    9.68036547e-05
1335    0    0.00011666667    0.00011666667 0    0    0.000116797572    0.000116797572
1345    0    0.000119999997    0.000119999997 0    0    0.000120126198    0.000120126198
1355    0    8.66666669e-05    8.66666669e-05 0    0    8.67908893e-05    8.67908893e-05
1365    0    7.00000019e-05    7.00000019e-05 0    0    7.01212775e-05    7.01212775e-05
1375    0    9.33333358e-05    9.33333358e-05 0    0    9.34490454e-05    9.34490454e-05
1385    0    0.000126666666    0.000126666666 0    0    0.000126776271    0.000126776271
1395    0    7.9999998e-05    7.9999998e-05 0    0    8.01092319e-05    8.01092319e-05
1405    0    9.00000014e-05    9.00000014e-05 0    0    9.01050589e-05    9.01050589e-05
1415    0    7.00000019e-05    7.00000019e-05 0    0    7.01031167e-05    7.01031167e-05
1425    0    9.00000014e-05    9.00000014e-05 0    0    9.00985178e-05    9.00985178e-05
1435    0    7.66666635e-05    7.66666635e-05 0    0    7.67630263e-05    7.67630263e-05
1445    0    6.66666674e-05    6.66666674e-05 0    0    6.67607601e-05    6.67607601e-05
1455    0    8.33333324e-05    8.33333324e-05 0    0    8.34234161e-05    8.34234161e-05
1465    0    7.00000019e-05    7.00000019e-05 0    0    7.00882738e-05    7.00882738e-05
1475    0    7.33333363e-05    7.33333363e-05 0    0    7.34187415e-05    7.34187415e-05
1485    0    7.33333363e-05    7.33333363e-05 0    0    7.34162095e-05    7.34162095e-05
1495    0    7.66666635e-05    7.66666635e-05 0    0    7.67468591e-05    7.67468591e-05
1505    0    8.33333324e-05    8.33333324e-05 0    0    8.34107123e-05    8.34107123e-05
1515    1.99999995e-05    5.66666677e-05    5.66666677e-05 0    0    5.67436327e-05    5.67436327e-05
1525    0    3.9999999e-05    3.9999999e-05 0    0    4.00759454e-05    4.00759454e-05
1535    0    7.9999998e-05    7.9999998e-05 0    0    8.00710477e-05    8.00710477e-05
1545    1.99999995e-05    8.33333324e-05    8.33333324e-05 0    0    8.34021193e-05    8.34021193e-05
1555    0    1.33333333e-05    1.33333333e-05 0    0    1.34050324e-05    1.34050324e-05
1565    0    0    0 0    0    7.07348065e-08    7.07348065e-08
1575    0    0    0 0    0    6.89059405e-08    6.89059405e-08
1585    0    0    0 0    0    6.71395739e-08    6.71395739e-08
1595    0    0    0 0    0    6.54330776e-08    6.54330776e-08
1605    0    0    0 0    0    6.37839079e-08    6.37839079e-08
1615    0    0    0 0    0    6.21897058e-08    6.21897058e-08
1625    0    0    0 0    0    6.06481834e-08    6.06481834e-08
1635    0    0    0 0    0    5.91571911e-08    5.91571911e-08
1645    0    0    0 0    0    5.77146757e-08    5.77146757e-08
1655    0    0    0 0    0    5.63186688e-08    5.63186688e-08
1665    0    0    0 0    0    5.49673267e-08    5.49673267e-08
1675    0    0    0 0    0    5.36588729e-08    5.36588729e-08
1685    0    0    0 0    0    5.23916235e-08    5.23916235e-08
1695    0    0    0 0    0    5.11639584e-08    5.11639584e-08
1705    0    0    0 0    0    4.99743535e-08    4.99743535e-08
1715    0    0    0 0    0    4.88213416e-08    4.88213416e-08
1725    0    0    0 0    0    4.77035229e-08    4.77035229e-08
1735    0    0    0 0    0    4.66195758e-08    4.66195758e-08
1745    0    0    0 0    0    4.55682141e-08    4.55682141e-08
1755    0    0    0 0    0    4.45482335e-08    4.45482335e-08
1765    0    0    0 0    0    4.35584653e-08    4.35584653e-08
1775    0    0    0 0    0    4.25977973e-08    4.25977973e-08
1785    0    0    0 0    0    4.1665178e-08    4.1665178e-08
1795    0    0    0 0    0    4.07595806e-08    4.07595806e-08
1805    0    0    0 0    0    3.98800388e-08    3.98800388e-08
1815    0    0    0 0    0    3.90256218e-08    3.90256218e-08
1825    0    0    0 0    0    3.81954379e-08    3.81954379e-08
1835    0    0    0 0    0    3.73886309e-08    3.73886309e-08
1845    0    0    0 0    0    3.66043906e-08    3.66043906e-08
1855    0    0    0 0    0    3.58419321e-08    3.58419321e-08
1865    0    0    0 0    0    3.51004985e-08    3.51004985e-08
1875    0    0    0 0    0    3.43793758e-08    3.43793758e-08
1885    0    0    0 0    0    3.36778676e-08    3.36778676e-08
1895    0    0    0 0    0    3.29953203e-08    3.29953203e-08
1905    0    0    0 0    0    3.23310907e-08    3.23310907e-08
1915    0    0    0 0    0    3.16845714e-08    3.16845714e-08
1925    0    0    0 0    0    3.10551727e-08    3.10551727e-08
1935    0    0    0 0    0    3.04423331e-08    3.04423331e-08
1945    0    0    0 0    0    2.98455163e-08    2.98455163e-08
1955    0    0    0 0    0    2.92641982e-08    2.92641982e-08
1965    0    0    0 0    0    2.86978779e-08    2.86978779e-08
1975    0    0    0 0    0    2.81460775e-08    2.81460775e-08
1985    0    0    0 0    0    2.76083281e-08    2.76083281e-08
1995    0    0    0 0    0    2.70841944e-08    2.70841944e-08
2005    0    0    0 0    0    2.65732449e-08    2.65732449e-08
2015    0    0    0 0    0    2.60750657e-08    2.60750657e-08
2025    0    0    0 0    0    2.55892587e-08    2.55892587e-08
2035    0    0    0 0    0    2.51154475e-08    2.51154475e-08
2045    0    0    0 0    0    2.46532625e-08    2.46532625e-08
2055    0    0    0 0    0    2.42023468e-08    2.42023468e-08
2065    0    0    0 0    0    2.3762361e-08    2.3762361e-08
2075    0    0    0 0    0    2.33329764e-08    2.33329764e-08
2085    0    0    0 0    0    2.29138735e-08    2.29138735e-08
2095    0    0    0 0    0    2.25047501e-08    2.25047501e-08
2105    0    0    0 0    0    2.2105306e-08    2.2105306e-08
2115    0    0    0 0    0    2.17152607e-08    2.17152607e-08
2125    0    0    0 0    0    2.1334337e-08    2.1334337e-08
2135    0    0    0 0    0    2.09622701e-08    2.09622701e-08
2145    0    0    0 0    0    2.05988062e-08    2.05988062e-08
2155    0    0    0 0    0    2.02436965e-08    2.02436965e-08
2165    0    0    0 0    0    1.98966994e-08    1.98966994e-08
2175    0    0    0 0    0    1.95575911e-08    1.95575911e-08
2185    0    0    0 0    0    1.92261442e-08    1.92261442e-08
2195    0    0    0 0    0    1.89021439e-08    1.89021439e-08
2205    0    0    0 0    0    1.85853839e-08    1.85853839e-08
2215    0    0    0 0    0    1.82756601e-08    1.82756601e-08
2225    0    0    0 0    0    1.79727824e-08    1.79727824e-08
2235    0    0    0 0    0    1.76765589e-08    1.76765589e-08
2245    0    0    0 0    0    1.73868102e-08    1.73868102e-08
2255    0    0    0 0    0    1.71033587e-08    1.71033587e-08
2265    0    0    0 0    0    1.68260339e-08    1.68260339e-08
2275    0    0    0 0    0    1.65546759e-08    1.65546759e-08
2285    0    0    0 0    0    1.62891194e-08    1.62891194e-08
2295    0    0    0 0    0    1.60292117e-08    1.60292117e-08
2305    0    0    0 0    0    1.57748055e-08    1.57748055e-08
2315    0    0    0 0    0    1.55257531e-08    1.55257531e-08
2325    0    0    0 0    0    1.5281918e-08    1.5281918e-08
2335    0    0    0 0    0    1.50431614e-08    1.50431614e-08
2345    0    0    0 0    0    1.48093511e-08    1.48093511e-08
2355    0    0    0 0    0    1.45803627e-08    1.45803627e-08
2365    0    0    0 0    0    1.43560692e-08    1.43560692e-08
2375    0    0    0 0    0    1.41363543e-08    1.41363543e-08
2385    0    0    0 0    0    1.39210989e-08    1.39210989e-08
2395    0    0    0 0    0    1.37101921e-08    1.37101921e-08
