5    0.00148002955    0    0 0    0    0    0
15    0.00430008583    0    0 0    0    0    0
25    0.00708014145    0    0 0    0    0    0
35    0.00820016395    0    0 0    0    0    0
45    0.00888017751    0    0 0    0    0    0
55    0.0102602048    0    0 0    0    0    0
65    0.0105402106    0    0 0    0    0    0
75    0.010900218    0    0 0    0    0    0
85    0.0113602271    0    0 0    0    0    0
95    0.0108402167    0    0 0    0    0    0
105    0.011340227    0    0 0    0    0    0
115    0.0125602512    0    0 0    0    0    0
125    0.0116802333    0    0 0    0    0    0
135    0.0121202422    0    0 0    0    0    0
145    0.0114202285    0    0 0    0    0    0
155    0.0110802213    0    0 0    0    0    0
165    0.0104002077    3.63907634e-06    3.63907634e-06 3.63907634e-06    3.63907634e-06    0    0
175    0.0124602495    1.09172288e-05    1.09172288e-05 1.09172288e-05    1.09172288e-05    0    0
185    0.0108602168    2.54735351e-05    2.54735351e-05 2.54735351e-05    2.54735351e-05    0    0
195    0.0104002077    1.09172288e-05    1.09172288e-05 1.09172288e-05    1.09172288e-05    0    0
205    0.0114602288    2.91126107e-05    2.91126107e-05 2.91126107e-05    2.91126107e-05    0    0
215    0.0109402183    4.36689152e-05    4.36689152e-05 6.12426811e-05    3.14432582e-05    0    0
225    0.0105202105    6.18642953e-05    6.18642953e-05 8.6827924e-05    4.44810285e-05    0    0
235    0.0103402073    9.46159853e-05    9.46159853e-05 0.000132292975    6.833925e-05    3.90900232e-06    3.90900232e-06
245    0.0102602048    9.46159853e-05    9.46159853e-05 0.000131943481    6.855213e-05    0    0
255    0.00984019693    7.27815277e-05    7.27815277e-05 0.00010070276    5.32425111e-05    0    0
265    0.0100602014    0.0001382849    0.0001382849 0.000190848383    0.000101424026    3.0556992e-05    3.0556992e-05
275    0.0101802032    0.000109172295    0.000109172295 0.00014985945    8.06385651e-05    0    0
285    0.00976019539    0.000149202126    0.000149202126 0.000203641568    0.000110962719    2.77872768e-05    2.77872768e-05
295    0.00932018645    0.00016739752    0.00016739752 0.000226301854    0.000125989958    3.82528742e-05    3.82528742e-05
305    0.00974019524    0.00020378828    0.00020378828 0.000272083766    0.000155757341    6.62234743e-05    6.62234743e-05
315    0.00848016981    0.000229261816    0.000229261816 0.000302429748    0.000177694033    8.25741881e-05    8.25741881e-05
325    0.0089401789    0.000236539971    0.000236539971 0.000308156101    0.000185967627    7.99625341e-05    7.99625341e-05
335    0.00836016703    0.000356629491    0.000356629491 0.000456260197    0.000286011025    0.000189047671    0.000189047671
345    0.00846016966    0.000378463941    0.000378463941 0.000473062915    0.00031081427    0.000199079237    0.000199079237
355    0.00906018075    0.000443967321    0.000443967321 0.00054449134    0.000371867587    0.000251586665    0.000251586665
365    0.00960019231    0.000604086672    0.000604086672 0.000731337466    0.000513150299    0.000397286291    0.000397286291
375    0.00884017721    0.000607725757    0.000607725757 0.000736314745    0.000516022788    0.000385429536    0.000385429536
385    0.00912018213    0.000687785447    0.000687785447 0.000824387942    0.000590671669    0.000448287843    0.000448287843
395    0.00940018799    0.000782401417    0.000782401417 0.000924519554    0.000681638368    0.000523925119    0.000523925119
405    0.00862017274    0.000917047262    0.000917047262 0.00107714802    0.000803803327    0.000637541816    0.000637541816
415    0.0089401789    0.00101530226    0.00101530226 0.00118305848    0.000896880461    0.000712611829    0.000712611829
425    0.00958019122    0.0011062792    0.0011062792 0.0012875899    0.000978573458    0.000777894573    0.000777894573
435    0.00996019877    0.00127731578    0.00127731578 0.00147398701    0.00113902125    0.000920213759    0.000920213759
445    0.00852017011    0.00130278931    0.00130278931 0.00150968425    0.00115766842    0.000913996075    0.000913996075
455    0.00902018044    0.00175039575    0.00175039575 0.00199771579    0.00157733192    0.00132535677    0.00132535677
465    0.00916018337    0.00173220038    0.00173220038 0.00196623616    0.00156839786    0.00126757962    0.00126757962
475    0.0093401866    0.00217616768    0.00217616768 0.00246041361    0.00197715289    0.00166617334    0.00166617334
485    0.0093401866    0.00228533987    0.00228533987 0.00260582031    0.00206138869    0.00172502617    0.00172502617
495    0.0101202028    0.00254007522    0.00254007522 0.00287686125    0.00230505108    0.00192269753    0.00192269753
505    0.0107202148    0.00291490019    0.00291490019 0.00328066386    0.00265991851    0.0022327702    0.0022327702
515    0.00926018506    0.00327880774    0.00327880774 0.00369903259    0.00298646325    0.00252333283    0.00252333283
525    0.0106602134    0.0033151987    0.0033151987 0.00372792874    0.00302857114    0.00247705379    0.00247705379
535    0.00976019539    0.00383194746    0.00383194746 0.00431268103    0.00349813141    0.00289862952    0.00289862952
545    0.0110002197    0.00428319303    0.00428319303 0.00482630637    0.00390595361    0.00324144005    0.00324144005
555    0.0108002163    0.0048800013    0.0048800013 0.00548761291    0.00445830496    0.00371401757    0.00371401757
565    0.0111202225    0.00554231321    0.00554231321 0.00626616692    0.00504080532    0.00423404435    0.00423404435
575    0.0110602211    0.00601539342    0.00601539342 0.00677125016    0.00549218105    0.00454457663    0.00454457663
585    0.0117802359    0.00687785447    0.00687785447 0.00771897752    0.00629599392    0.00522011612    0.00522011612
595    0.0115602314    0.0076711732    0.0076711732 0.00859920587    0.0070297881    0.00579992542    0.00579992542
605    0.0125202509    0.0085045211    0.0085045211 0.00953189097    0.00779572129    0.00638990663    0.00638990663
615    0.0131602632    0.0094106514    0.0094106514 0.0105214762    0.00864509307    0.00702015776    0.00702015776
625    0.0126602529    0.0105351266    0.0105351266 0.0117689855    0.0096854046    0.00783451181    0.00783451181
635    0.013420268    0.0124056116    0.0124056116 0.0138603598    0.0114049101    0.00936040282    0.00936040282
645    0.0145202903    0.0136501752    0.0136501752 0.0151176564    0.0126420427    0.0102333734    0.0102333734
655    0.0148402965    0.0154369622    0.0154369622 0.0170599315    0.0143229272    0.0116304541    0.0116304541
665    0.0146002918    0.0175367091    0.0175367091 0.0193111878    0.0163202621    0.013343744    0.013343744
675    0.0145202903    0.0196546521    0.0196546521 0.0214717444    0.0184105132    0.0151135297    0.0151135297
685    0.0164603293    0.0218854062    0.0218854062 0.0237991139    0.0205760803    0.017085664    0.017085664
695    0.0156403128    0.0243490599    0.0243490599 0.0263364781    0.0229914784    0.0194491558    0.0194491558
705    0.0173803475    0.0271911789    0.0271911789 0.029151991    0.0258539133    0.0224308055    0.0224308055
715    0.0159403179    0.0295165479    0.0295165479 0.0314359963    0.0282087643    0.0252156276    0.0252156276
725    0.0174603499    0.032471478    0.032471478 0.0342360251    0.0312711298    0.0289965179    0.0289965179
735    0.0170403402    0.0342655443    0.0342655443 0.0357545912    0.0332542583    0.0319744833    0.0319744833
745    0.0171403419    0.0360050201    0.0360050201 0.0371467732    0.035230808    0.0351604    0.0351604
755    0.0159003176    0.0368019789    0.0368019789 0.0363072492    0.0375327989    0.037502829    0.037502829
765    0.0159403179    0.0365399644    0.0365399644 0.0363650545    0.0367986038    0.038691204    0.038691204
775    0.0159003176    0.0364526287    0.0364526287 0.0362208821    0.0366090015    0.0397914872    0.0397914872
785    0.0145802917    0.0352007858    0.0352007858 0.0344937965    0.0356768221    0.0393739082    0.0393739082
795    0.0122802453    0.0331410691    0.0331410691 0.0319758505    0.0339242853    0.0377823077    0.0377823077
805    0.0114202285    0.0313615613    0.0313615613 0.0298213176    0.0323951542    0.0361514539    0.0361514539
815    0.0102402046    0.0287159514    0.0287159514 0.0268366262    0.029974347    0.033415772    0.033415772
825    0.00916018337    0.0265579801    0.0265579801 0.0244840905    0.0279453844    0.031007845    0.031007845
835    0.00880017597    0.0239633173    0.0239633173 0.0215962753    0.0255415738    0.0280743334    0.0280743334
845    0.00770015409    0.0222638696    0.0222638696 0.0198170878    0.0238914955    0.0259959288    0.0259959288
855    0.00722014438    0.0198220499    0.0198220499 0.0171629228    0.0215884931    0.0231727529    0.0231727529
865    0.00582011649    0.0178278349    0.0178278349 0.0152363675    0.0195431337    0.0208133422    0.0208133422
875    0.00466009323    0.0164922941    0.0164922941 0.013666233    0.0183582064    0.0191395376    0.0191395376
885    0.00432008645    0.0152695645    0.0152695645 0.0124614704    0.0171202384    0.0176113211    0.0176113211
895    0.00438008783    0.0137120401    0.0137120401 0.0108401356    0.0155978976    0.0157827828    0.0157827828
905    0.00298005971    0.0124711152    0.0124711152 0.00986942183    0.0141747817    0.0143025881    0.0143025881
915    0.00306006125    0.0111901602    0.0111901602 0.00844970252    0.0129814809    0.0128122196    0.0128122196
925    0.00294005871    0.0105860736    0.0105860736 0.00765552931    0.01249432    0.0120241074    0.0120241074
935    0.00216004322    0.00965083018    0.00965083018 0.00704655657    0.0113419928    0.0109290974    0.0109290974
945    0.00230004592    0.00906857848    0.00906857848 0.00600679405    0.011052954    0.0102070179    0.0102070179
955    0.00192003837    0.00855546817    0.00855546817 0.00594348321    0.0102426    0.00957186893    0.00957186893
965    0.00168003363    0.00777306734    0.00777306734 0.00498394435    0.00956671499    0.00868346822    0.00868346822
975    0.00164003274    0.00708528189    0.00708528189 0.00466775987    0.00863445457    0.00790288858    0.00790288858
985    0.00118002365    0.006903328    0.006903328 0.0043526995    0.00853305403    0.00763869612    0.00763869612
995    0.000940018799    0.00619006902    0.00619006902 0.00378830335    0.00772060081    0.00685421936    0.00685421936
1005    0.000940018799    0.00600083685    0.00600083685 0.00363756483    0.00750216283    0.00660134898    0.00660134898
1015    0.00104002084    0.00577521417    0.00577521417 0.00339343492    0.00728352787    0.0063196104    0.0063196104
1025    0.000900018029    0.00546953175    0.00546953175 0.00282341242    0.00713957101    0.00596442865    0.00596442865
1035    0.000700014003    0.00492003141    0.00492003141 0.0019609991    0.00678062206    0.0053715161    0.0053715161
1045    0.000560011191    0.00469804741    0.00469804741 0.00246137776    0.00609912956    0.00511035277    0.00511035277
1055    0.00064001279    0.00431958353    0.00431958353 0.000560090994    0.00666522607    0.00469727488    0.00469727488
1065    0.000500009977    0.00414854707    0.00414854707 0.000483994081    0.00642610434    0.00449493481    0.00449493481
1075    0.000740014773    0.00403209683    0.00403209683 0.00153657398    0.00557583384    0.00435033487    0.00435033487
1085    0.000400007993    0.00348623516    0.00348623516 0.000852219411    0.00510866148    0.0037800367    0.0037800367
1095    0.000460009207    0.0038246694    0.0038246694 0.000527584925    0.00584660098    0.00409481116    0.00409481116
1105    0.00064001279    0.00332247675    0.00332247675 0.0011638382    0.00464003906    0.003572847    0.003572847
1115    0.000440008793    0.00310777128    0.00310777128 0.00148150034    0.00409579836    0.00333977374    0.00333977374
1125    0.000460009207    0.00311868847    0.00311868847 0.000470249244    0.00471979473    0.00333362631    0.00333362631
1135    0.000280005595    0.00290762214    0.00290762214 0.000656411226    0.00426191604    0.00310748792    0.00310748792
1145    0.00026000521    0.00266016484    0.00266016484 0    0.0043681995    0.00284641585    0.00284641585
1155    0.00030000601    0.00270019472    0.00270019472 0.000770016923    0.00385035784    0.00287350011    0.00287350011
1165    0.000200003997    0.00270383386    0.00270383386 0    0.0049870871    0.00286537223    0.00286537223
1175    0.00026000521    0.00234720437    0.00234720437 0    0.00433064718    0.00249867956    0.00249867956
1185    0.000100001998    0.00235084328    0.00235084328 0.000444146164    0.00346946437    0.00249243621    0.00249243621
1195    0.000160003197    0.00231445255    0.00231445255 0.000317305647    0.00348000904    0.00244704471    0.00244704471
1205    0.000120002398    0.00210702512    0.00210702512 0    0.00391764566    0.00223167869    0.00223167869
1215    0.000200003997    0.002147055    0.002147055 0    0.00356161152    0.00226393552    0.00226393552
1225    0.000100001998    0.00197965745    0.00197965745 0.000210267288    0.00299605564    0.00208976725    0.00208976725
1235    6.0001199e-05    0.00177223026    0.00177223026 0.000528678182    0.00248286291    0.00187618542    0.00187618542
1245    0.000100001998    0.00179042562    0.00179042562 0    0.00391552551    0.00188826886    0.00188826886
1255    0.00026000521    0.00180134282    0.00180134282 0    0.00515142176    0.00189353293    0.00189353293
1265    0.000160003197    0.0015502465    0.0015502465 0.000175310255    0.00232330267    0.00163770549    0.00163770549
1275    0.000100001998    0.00155388564    0.00155388564 0.000162415628    0.00233194767    0.00163647986    0.00163647986
1285    0.000160003197    0.0016157499    0.0016157499 0.000479580805    0.00224752421    0.00169370219    0.00169370219
1295    6.0001199e-05    0.0016266671    0.0016266671 0    0.0031720947    0.00170038734    0.00170038734
1305    4.00007993e-05    0.00140468345    0.00140468345 0    0.00234089582    0.00147491496    0.00147491496
1315    6.0001199e-05    0.00137920992    0.00137920992 0    0.00429507671    0.00144582498    0.00144582498
1325    0.000120002398    0.00132826285    0.00132826285 0.000305805734    0.0018838431    0.00139155099    0.00139155099
1335    4.00007993e-05    0.00118633895    0.00118633895 0.000159762712    0.00174091605    0.00124669995    0.00124669995
1345    4.00007993e-05    0.00129187212    0.00129187212 0    0.00223688595    0.00134902052    0.00134902052
1355    6.0001199e-05    0.00114266993    0.00114266993 0    0.00296179089    0.00119729608    0.00119729608
1365    0    0.00108808384    0.00108808384 0    0.00196167128    0.00114017387    0.00114017387
1375    0.000100001998    0.00102621957    0.00102621957 0.0152604859    0    0.00107594789    0.00107594789
1385    8.00015987e-05    0.00122636871    0.00122636871 0    0.00225291285    0.00127336627    0.00127336627
1395    0    0.000978911528    0.000978911528 0    0.00367954187    0.00102419965    0.00102419965
1405    2.00003997e-05    0.0010189414    0.0010189414 9.41738108e-05    0.00149761199    0.0010620798    0.0010620798
1415    4.00007993e-05    0.000975272502    0.000975272502 0    0.00152686122    0.00101654499    0.00101654499
1425    2.00003997e-05    0.00103349774    0.00103349774 0    0.00504493481    0.00107281329    0.00107281329
1435    6.0001199e-05    0.000931603543    0.000931603543 0    0.00237441901    0.000969381013    0.000969381013
1445    2.00003997e-05    0.000924325432    0.000924325432 0    0.0014759741    0.000960473379    0.000960473379
1455    6.0001199e-05    0.000847904827    0.000847904827 0    0.00137423701    0.000882649096    0.000882649096
1465    2.00003997e-05    0.000804235868    0.000804235868 0    0.00200704555    0.000837595027    0.000837595027
1475    2.00003997e-05    0.000793318672    0.000793318672 0    0.0019657393    0.000825305702    0.000825305702
1485    2.00003997e-05    0.000727815263    0.000727815263 0.0571127199    0    0.000758610724    0.000758610724
1495    0    0.000687785447    0.000687785447 0    0.00117554399    0.000717407092    0.000717407092
1505    2.00003997e-05    0.000775123248    0.000775123248 0    0.00131199788    0.0008033833    0.0008033833
1515    2.00003997e-05    0.000727815263    0.000727815263 0.00623307889    0    0.000755039393    0.000755039393
1525    2.00003997e-05    0.000665950996    0.000665950996 0    0.00117483491    0.000692223955    0.000692223955
1535    2.00003997e-05    0.000560417771    0.000560417771 0.00391789572    0    0.000585878559    0.000585878559
1545    2.00003997e-05    0.000684146362    0.000684146362 0    0.00332759647    0.000708391657    0.000708391657
1555    0    0.000636838377    0.000636838377 0.00833605323    0    0.000660252583    0.000660252583
1565    2.00003997e-05    0.000593169476    0.000593169476 0.00759966113    0    0.000615789089    0.000615789089
1575    0    0.000531305152    0.000531305152 0.037792854    0    0.000553207414    0.000553207414
1585    2.00003997e-05    0.000585891306    0.000585891306 0    0.000918422476    0.000606885122    0.000606885122
1595    0    0.000574974052    0.000574974052 0    0.00103080121    0.000595225487    0.000595225487
1605    0    0.000462162716    0.000462162716 0    0.00340073556    0.000481907453    0.000481907453
1615    0    0.000367546716    0.000367546716 0    0.000675274641    0.000386781525    0.000386781525
1625    2.00003997e-05    0.000513109786    0.000513109786 0.00398620358    0    0.000531391241    0.000531391241
1635    0    0.000440328236    0.000440328236 0    0.000698855438    0.00045811673    0.00045811673
1645    0    0.000443967321    0.000443967321 0.00150236057    0    0.000461139512    0.000461139512
1655    0    0.000367546716    0.000367546716 0.0113300411    0    0.000384286803    0.000384286803
1665    0    0.000363907631    0.000363907631 0    0.000580442895    0.000380096695    0.000380096695
1675    0    0.000440328236    0.000440328236 0    0.000704866368    0.000455831643    0.000455831643
1685    0    0.000291126111    0.000291126111 0    0.000466986181    0.000306411588    0.000306411588
1695    4.00007993e-05    0.000349351321    0.000349351321 0    0.000561204331    0.000364030391    0.000364030391
1705    0    0.000269291661    0.000269291661 0.000727385166    7.71800842e-05    0.000283657399    0.000283657399
1715    0    0.000331155956    0.000331155956 0    0.000533781655    0.000344947155    0.000344947155
1725    2.00003997e-05    0.000338434096    0.000338434096 0    0.000545593735    0.000351776602    0.000351776602
1735    0    0.000305682421    0.000305682421 0    0.000493930827    0.000318672479    0.000318672479
1745    0    0.000305682421    0.000305682421 0    0.000494029664    0.00031827169    0.00031827169
1755    0    0.000294765196    0.000294765196 0.0015890823    0    0.000306990783    0.000306990783
1765    2.00003997e-05    0.000291126111    0.000291126111 0    0.000670676876    0.000302988454    0.000302988454
1775    0    0.000302043336    0.000302043336 0    0.000490578008    0.000313527824    0.000313527824
1785    0    0.000236539971    0.000236539971 0.00224569952    0    0.000247810938    0.000247810938
1795    0    0.000287487026    0.000287487026 0    0.000466977683    0.000298327359    0.000298327359
1805    0    0.000262013491    0.000262013491 0.000968585722    0    0.000272586301    0.000272586301
1815    0    0.000225622731    0.000225622731 0    0.000367769797    0.000235961226    0.000235961226
1825    0    0.000254735351    0.000254735351 0.00126332825    0    0.000264721311    0.000264721311
1835    0    0.000236539971    0.000236539971 0    0.000385526713    0.000246277486    0.000246277486
1845    0    0.000276569801    0.000276569801 0.00130943605    0    0.00028595404    0.00028595404
1855    0    0.000196510126    0.000196510126 0    0.000320658786    0.000205787946    0.000205787946
1865    0    0.000232900886    0.000232900886 0    0.000379866484    0.000241851638    0.000241851638
1875    0    0.000211066435    0.000211066435 0    0.000344240485    0.000219813941    0.000219813941
1885    0    0.000211066435    0.000211066435 0.0010427871    0    0.000219576119    0.000219576119
1895    0    0.000200149196    0.000200149196 0    0.000631007715    0.000208450758    0.000208450758
1905    0    0.000192871055    0.000192871055 0    0.000314683828    0.000200965063    0.000200965063
1915    2.00003997e-05    0.000211066435    0.000211066435 0    0.000344200991    0.000218910092    0.000218910092
1925    0    0.000149202126    0.000149202126 0    0.000242956681    0.000156960683    0.000156960683
1935    0    0.000178314745    0.000178314745 0    0.00101327256    0.000185815385    0.000185815385
1945    2.00003997e-05    0.000178314745    0.000178314745 0    0    0.000185621568    0.000185621568
1955    0    0.00017103659    0.00017103659 0    0    0.000178170259    0.000178170259
1965    0    0.000145563055    0.000145563055 0    0    0.000152565583    0.000152565583
1975    0    0.000189231971    0.000189231971 0.000572279445    5.9679347e-05    0.000195972621    0.000195972621
1985    0    0.00012008952    0.00012008952 0    0    0.000126796658    0.000126796658
1995    0    0.000141923985    0.000141923985 0    0    0.000148423307    0.000148423307
2005    0    9.46159853e-05    9.46159853e-05 0    0    0.000101049205    0.000101049205
2015    0    9.46159853e-05    9.46159853e-05 0    0    0.000100894627    0.000100894627
2025    0    0.000112811365    0.000112811365 0    0    0.000118904274    0.000118904274
2035    0    0.000109172295    0.000109172295 0    0    0.000115127164    0.000115127164
2045    0    9.09769078e-05    9.09769078e-05 0    0    9.68268942e-05    9.68268942e-05
2055    0    0.000123728591    0.000123728591 0    0    0.000129377338    0.000129377338
2065    0    0.000112811365    0.000112811365 0    0    0.000118349191    0.000118349191
2075    0    0.000145563055    0.000145563055 0    0    0.000150907654    0.000150907654
2085    0    0.000105533218    0.000105533218 0    0    0.000110832101    0.000110832101
2095    0    0.00012008952    0.00012008952 0    0    0.00012523857    0.00012523857
2105    0    9.46159853e-05    9.46159853e-05 0    0    9.96977396e-05    9.96977396e-05
2115    0    0.000105533218    0.000105533218 0    0    0.000110479217    0.000110479217
2125    0    0.000105533218    0.000105533218 0    0    0.000110368288    0.000110368288
2135    0    9.46159853e-05    9.46159853e-05 0    0    9.936485e-05    9.936485e-05
2145    0    7.27815277e-05    7.27815277e-05 0    0    7.74687869e-05    7.74687869e-05
2155    0    0.00010189414    0.00010189414 0    0    0.000106422121    0.000106422121
2165    0    9.82550628e-05    9.82550628e-05 0    0    0.000102691272    0.000102691272
2175    0    5.82252214e-05    5.82252214e-05 0    0    6.26442707e-05    6.26442707e-05
2185    0    7.64206052e-05    7.64206052e-05 0    0    8.07101533e-05    8.07101533e-05
2195    0    5.45861476e-05    5.45861476e-05 0    0    5.88277944e-05    5.88277944e-05
2205    0    5.09470701e-05    5.09470701e-05 0    0    5.51073499e-05    5.51073499e-05
2215    0    6.91424502e-05    6.91424502e-05 0    0    7.31806358e-05    7.31806358e-05
2225    0    7.64206052e-05    7.64206052e-05 0    0    8.03605508e-05    8.03605508e-05
2235    0    5.45861476e-05    5.45861476e-05 0    0    5.84875816e-05    5.84875816e-05
2245    0    8.00596827e-05    8.00596827e-05 0    0    8.38313281e-05    8.38313281e-05
2255    0    7.27815277e-05    7.27815277e-05 0    0    7.64901561e-05    7.64901561e-05
2265    0    6.55033728e-05    6.55033728e-05 0    0    6.91509922e-05    6.91509922e-05
2275    0    8.00596827e-05    8.00596827e-05 0    0    8.36051331e-05    8.36051331e-05
2285    0    4.36689152e-05    4.36689152e-05 0    0    4.72146894e-05    4.72146894e-05
2295    0    3.63907639e-05    3.63907639e-05 0    0    3.98811972e-05    3.98811972e-05
2305    0    5.09470701e-05    5.09470701e-05 0    0    5.43408169e-05    5.43408169e-05
2315    0    4.36689152e-05    4.36689152e-05 0    0    4.70108134e-05    4.70108134e-05
2325    0    4.36689152e-05    4.36689152e-05 0    0    4.69462502e-05    4.69462502e-05
2335    0    6.55033728e-05    6.55033728e-05 0    0    6.86746353e-05    6.86746353e-05
2345    0    5.09470701e-05    5.09470701e-05 0    0    5.40856781e-05    5.40856781e-05
2355    0    3.27516864e-05    3.27516864e-05 0    0    3.58663419e-05    3.58663419e-05
2365    0    4.36689152e-05    4.36689152e-05 0    0    4.67035934e-05    4.67035934e-05
2375    0    5.45861476e-05    5.45861476e-05 0    0    5.75422673e-05    5.75422673e-05
2385    0    3.63907639e-05    3.63907639e-05 0    0    3.93271948e-05    3.93271948e-05
2395    0    3.27516864e-05    3.27516864e-05 0    0    3.56410201e-05    3.56410201e-05
