5    0.000419999997    0    0 0    0    0    0
15    0.00113999995    0    0 0    0    0    0
25    0.00219999999    0    0 0    0    0    0
35    0.00246000011    0    0 0    0    0    0
45    0.00329999998    0    0 0    0    0    0
55    0.00387999997    0    0 0    0    0    0
65    0.0039400002    0    0 0    0    0    0
75    0.00467999978    0    0 0    0    0    0
85    0.00365999993    0    0 0    0    0    0
95    0.00478000008    0    0 0    0    0    0
105    0.0046000001    0    0 0    0    0    0
115    0.0045599998    0    0 0    0    0    0
125    0.00478000008    3.33333332e-06    3.33333332e-06 0    0    0    0
135    0.0046000001    0    0 0    0    0    0
145    0.0046000001    0    0 0    0    0    0
155    0.00442000013    3.33333332e-06    3.33333332e-06 0    0    0    0
165    0.00490000006    9.99999975e-06    9.99999975e-06 0    0    2.23694201e-06    2.23694201e-06
175    0.00481999991    1.66666669e-05    1.66666669e-05 1.66666669e-05    1.66666669e-05    8.03018702e-06    8.03018702e-06
185    0.00433999998    2.99999992e-05    2.99999992e-05 2.99999992e-05    2.99999992e-05    2.03537675e-05    2.03537675e-05
195    0.00547999982    7.66666635e-05    7.66666635e-05 7.66666635e-05    7.66666635e-05    6.58443605e-05    6.58443605e-05
205    0.00469999993    5.33333332e-05    5.33333332e-05 5.33333332e-05    5.33333332e-05    4.11445144e-05    4.11445144e-05
215    0.00523999985    9.66666703e-05    9.66666703e-05 0.000132594563    7.19524251e-05    8.28642151e-05    8.28642151e-05
225    0.00522000017    0.000113333335    0.000113333335 0.000155561851    8.42705267e-05    9.76241718e-05    9.76241718e-05
235    0.00490000006    0.000159999996    0.000159999996 0.000220451038    0.000118349759    0.000142014513    0.000142014513
245    0.00516000018    0.000236666659    0.000236666659 0.000318774575    0.000180030664    0.00021594287    0.00021594287
255    0.00547999982    0.000326666661    0.000326666661 0.000434936199    0.000251784659    0.00030262256    0.00030262256
265    0.00615999987    0.000416666677    0.000416666677 0.00054867717    0.000325122091    0.000388559216    0.000388559216
275    0.00591999991    0.000536666659    0.000536666659 0.000688397384    0.000431368913    0.000503530086    0.000503530086
285    0.00687999977    0.000579999993    0.000579999993 0.000739877403    0.000468842918    0.000540576817    0.000540576817
295    0.00700000022    0.000709999993    0.000709999993 0.000882943976    0.000589592732    0.000662593578    0.000662593578
305    0.0080199996    0.000986666651    0.000986666651 0.00118486688    0.000848562515    0.000928971043    0.000928971043
315    0.00846000016    0.00131333328    0.00131333328 0.00155649998    0.00114350778    0.00124217174    0.00124217174
325    0.00960000046    0.00164999999    0.00164999999 0.00191075704    0.0014675766    0.00156088406    0.00156088406
335    0.00903999992    0.00184000004    0.00184000004 0.00208960148    0.00166482548    0.00172643573    0.00172643573
345    0.0111400001    0.00256666658    0.00256666658 0.00287996954    0.0023462472    0.0024188878    0.0024188878
355    0.0124199996    0.0035633333    0.0035633333 0.00393721461    0.00330074294    0.0033663318    0.0033663318
365    0.0146199996    0.0047066668    0.0047066668 0.00516282953    0.00438678637    0.00443641888    0.00443641888
375    0.0164199993    0.00643333327    0.00643333327 0.00700242026    0.00603472628    0.00604954502    0.00604954502
385    0.0205199998    0.00975999981    0.00975999981 0.0105885044    0.00918045547    0.00919145718    0.00919145718
395    0.0270600002    0.0144833336    0.0144833336 0.0156485476    0.0136688892    0.0135966046    0.0135966046
405    0.0351000018    0.0212166663    0.0212166663 0.0228032414    0.0201085713    0.0197443627    0.0197443627
415    0.0462599993    0.033706665    0.033706665 0.0359476618    0.0321424641    0.0310802218    0.0310802218
425    0.0658600032    0.0551966652    0.0551966652 0.0581920706    0.0531072617    0.0502223633    0.0502223633
435    0.0967200026    0.0955666676    0.0955666676 0.0990667865    0.0931260362    0.0867257342    0.0867257342
445    0.117760003    0.143866673    0.143866673 0.146073192    0.142329589    0.136652872    0.136652872
455    0.11524    0.153636664    0.153636664 0.152427226    0.154508069    0.160821244    0.160821244
465    0.0841199979    0.113523334    0.113523334 0.110157251    0.11586789    0.122343726    0.122343726
475    0.0513599999    0.0727433339    0.0727433339 0.069076702    0.0753009021    0.0777050778    0.0777050778
485    0.0329400003    0.0493099988    0.0493099988 0.0459125154    0.0516777486    0.051928293    0.051928293
495    0.0215799995    0.0332566649    0.0332566649 0.0304270498    0.0352281295    0.0347236209    0.0347236209
505    0.01456    0.0243166666    0.0243166666 0.0219147597    0.0259905029    0.0251995847    0.0251995847
515    0.0102399997    0.0192333329    0.0192333329 0.0170647372    0.020742761    0.0197990295    0.0197990295
525    0.00813999958    0.0146366665    0.0146366665 0.0128378766    0.0158874784    0.0150183868    0.0150183868
535    0.00555999996    0.0120866671    0.0120866671 0.0104626464    0.0132170329    0.0123552652    0.0123552652
545    0.00431999983    0.00985999964    0.00985999964 0.00843663607    0.0108518321    0.0100556836    0.0100556836
555    0.00294000003    0.00835333299    0.00835333299 0.00704864319    0.00926258974    0.00850004051    0.00850004051
565    0.00206000009    0.00709333317    0.00709333317 0.0059108804    0.00791680999    0.00720602088    0.00720602088
575    0.00215999992    0.00609333348    0.00609333348 0.00501980446    0.00684083859    0.00618168898    0.00618168898
585    0.00208000001    0.00540333334    0.00540333334 0.00441730767    0.00609014649    0.00547383539    0.00547383539
595    0.00127999997    0.00467333337    0.00467333337 0.00376471225    0.00530597102    0.00473047327    0.00473047327
605    0.00120000006    0.00422666688    0.00422666688 0.00331363804    0.00486192107    0.0042735883    0.0042735883
615    0.000959999976    0.00377999991    0.00377999991 0.00290082628    0.00439147698    0.00381899509    0.00381899509
625    0.000699999975    0.00331333326    0.00331333326 0.00252518384    0.0038615542    0.00334609183    0.00334609183
635    0.000560000015    0.00304999994    0.00304999994 0.00226798328    0.00359383319    0.00307776709    0.00307776709
645    0.000739999989    0.00270333327    0.00270333327 0.0019859944    0.003201921    0.0027270799    0.0027270799
655    0.000520000001    0.00250333338    0.00250333338 0.00182783604    0.00297285663    0.00252378802    0.00252378802
665    0.000600000028    0.00255666673    0.00255666673 0.00179936667    0.0030828719    0.00257438538    0.00257438538
675    0.000339999999    0.00231666677    0.00231666677 0.00160255609    0.00281246076    0.0023321372    0.0023321372
685    0.000300000014    0.00212333328    0.00212333328 0.00146324618    0.00258177915    0.00213691778    0.00213691778
695    0.000239999994    0.00188333332    0.00188333332 0.00126637705    0.00231146975    0.00189533201    0.00189533201
705    0.000220000002    0.0017133333    0.0017133333 0.00105014083    0.00217319722    0.00172397983    0.00172397983
715    3.9999999e-05    0.00155000004    0.00155000004 0.000947707624    0.00196756888    0.00155949115    0.00155949115
725    9.99999975e-05    0.00145666662    0.00145666662 0.000915914541    0.00183120009    0.00146515842    0.00146515842
735    7.9999998e-05    0.00131333328    0.00131333328 0.000824637304    0.00165155553    0.00132096652    0.00132096652
745    0.000140000004    0.00137333339    0.00137333339 0.000813111779    0.0017607687    0.00138020143    0.00138020143
755    0.000199999995    0.00127333333    0.00127333333 0.000676471158    0.00168584473    0.00127954781    0.00127954781
765    9.99999975e-05    0.00113666663    0.00113666663 0.000566857634    0.00153021736    0.00114231231    0.00114231231
775    9.99999975e-05    0.0011933333    0.0011933333 0.000600356841    0.00160247949    0.00119846023    0.00119846023
785    7.9999998e-05    0.00106000004    0.00106000004 0.000561750727    0.00140339299    0.0010646861    0.0010646861
795    7.9999998e-05    0.000986666651    0.000986666651 0.000440877979    0.0013624063    0.000990956905    0.000990956905
805    3.9999999e-05    0.000986666651    0.000986666651 0.00044317494    0.00136052119    0.000990597648    0.000990597648
815    7.9999998e-05    0.000883333327    0.000883333327 0.000423184625    0.0011993791    0.000886953378    0.000886953378
825    3.9999999e-05    0.000873333309    0.000873333309 0    0.00149553583    0.000876666629    0.000876666629
835    1.99999995e-05    0.000853333331    0.000853333331 0.000331021962    0.00121116987    0.000856409722    0.000856409722
845    1.99999995e-05    0.000783333322    0.000783333322 0.00030182075    0.0011127108    0.000786183344    0.000786183344
855    7.9999998e-05    0.000690000015    0.000690000015 6.6117158e-05    0.00111664052    0.000692648173    0.000692648173
865    1.99999995e-05    0.000750000007    0.000750000007 7.70399274e-05    0.00120889593    0.000752451131    0.000752451131
875    0.000119999997    0.000716666691    0.000716666691 9.00805608e-05    0.00114316458    0.000718947442    0.000718947442
885    7.9999998e-05    0.000579999993    0.000579999993 0    0.00108522945    0.000582136156    0.000582136156
895    3.9999999e-05    0.000606666668    0.000606666668 0    0.00116556708    0.000608655973    0.000608655973
905    3.9999999e-05    0.000620000006    0.000620000006 0.000159474905    0.000931674149    0.000621856074    0.000621856074
915    0    0.000516666682    0.000516666682 1.57527757e-05    0.000855348189    0.000518412096    0.000518412096
925    1.99999995e-05    0.000566666655    0.000566666655 0.00087342714    0.000359869766    0.000568296353    0.000568296353
935    0    0.000500000024    0.000500000024 0.000772266299    0.000316787191    0.000501534319    0.000501534319
945    1.99999995e-05    0.000490000006    0.000490000006 0.00075786229    0.000309929193    0.000491441402    0.000491441402
955    1.99999995e-05    0.000506666664    0.000506666664 0.000785711745    0.00031954117    0.000508019817    0.000508019817
965    1.99999995e-05    0.00039666667    0.00039666667 0.000617537415    0.000249115925    0.000397950615    0.000397950615
975    3.9999999e-05    0.000440000003    0.000440000003 0.000686635845    0.000275610044    0.000441205659    0.000441205659
985    0    0.000433333335    0.000433333335 0.000677986012    0.000270642457    0.000434471032    0.000434471032
995    3.9999999e-05    0.000390000001    0.000390000001 0.000611276424    0.000243072893    0.000391078269    0.000391078269
1005    3.9999999e-05    0.000349999988    0.000349999988 0    0    0.000351022987    0.000351022987
1015    0    0.000403333339    0.000403333339 0    0    0.000404296006    0.000404296006
1025    0    0.000313333323    0.000313333323 0    0    0.000314253528    0.000314253528
1035    0    0.000363333325    0.000363333325 0    0    0.000364200736    0.000364200736
1045    0    0.000273333339    0.000273333339 0    0    0.000274164864    0.000274164864
1055    1.99999995e-05    0.000319999992    0.000319999992 0    0    0.000320785126    0.000320785126
1065    1.99999995e-05    0.000303333334    0.000303333334 0    0    0.000304080953    0.000304080953
1075    0    0.000326666661    0.000326666661 0    0    0.00032737531    0.00032737531
1085    0    0.000276666658    0.000276666658 0    0    0.000277345796    0.000277345796
1095    3.9999999e-05    0.000236666659    0.000236666659 0    0    0.00023731745    0.00023731745
1105    0    0.000313333323    0.000313333323 0    0    0.000313946191    0.000313946191
1115    0    0.000283333327    0.000283333327 0    0    0.000283920584    0.000283920584
1125    0    0.000283333327    0.000283333327 0    0    0.000283893663    0.000283893663
1135    1.99999995e-05    0.000190000006    0.000190000006 0    0    0.000190544131    0.000190544131
1145    0    0.000246666663    0.000246666663 0    0    0.000247181306    0.000247181306
1155    0    0.000236666659    0.000236666659 0    0    0.000237159707    0.000237159707
1165    0    0.000220000002    0.000220000002 0    0    0.000220473346    0.000220473346
1175    0    0.000223333336    0.000223333336 0    0    0.000223786163    0.000223786163
1185    0    0.000206666664    0.000206666664 0    0    0.000207102028    0.000207102028
1195    0    0.000183333337    0.000183333337 0    0    0.000183752898    0.000183752898
1205    0    0.000183333337    0.000183333337 0    0    0.000183735756    0.000183735756
1215    0    0.000183333337    0.000183333337 0    0    0.000183719501    0.000183719501
1225    0    0.000169999999    0.000169999999 0    0    0.000170372034    0.000170372034
1235    0    0.00019666666    0.00019666666 0    0    0.000197021422    0.000197021422
1245    0    0.000180000003    0.000180000003 0    0    0.000180342468    0.000180342468
1255    1.99999995e-05    0.00019666666    0.00019666666 0    0    0.000196994253    0.000196994253
1265    0    0.000156666661    0.000156666661 0    0    0.000156985567    0.000156985567
1275    0    0.000190000006    0.000190000006 0    0    0.000190303632    0.000190303632
1285    0    0.000180000003    0.000180000003 0    0    0.00018029318    0.00018029318
1295    0    0.000123333331    0.000123333331 0    0    0.000123621183    0.000123621183
1305    0    0.000176666668    0.000176666668 0    0    0.000176938876    0.000176938876
1315    0    0.000153333327    0.000153333327 0    0    0.000153597925    0.000153597925
1325    0    0.00013    0.00013 0    0    0.000130257409    0.000130257409
1335    0    0.000106666666    0.000106666666 0    0    0.000106917309    0.000106917309
1345    0    0.000126666666    0.000126666666 0    0    0.0001269067    0.0001269067
1355    0    0.00016333333    0.00016333333 0    0    0.00016356149    0.00016356149
1365    0    0.000150000007    0.000150000007 0    0    0.00015022156    0.00015022156
1375    0    8.66666669e-05    8.66666669e-05 0    0    8.68868592e-05    8.68868592e-05
1385    0    0.000106666666    0.000106666666 0    0    0.00010687764    0.00010687764
1395    0    0.000123333331    0.000123333331 0    0    0.000123535719    0.000123535719
1405    0    0.000106666666    0.000106666666 0    0    0.000106864019    0.000106864019
1415    0    8.66666669e-05    8.66666669e-05 0    0    8.68595962e-05    8.68595962e-05
1425    0    0.000103333332    0.000103333332 0    0    0.000103518491    0.000103518491
1435    0    0.000103333332    0.000103333332 0    0    0.000103512604    0.000103512604
1445    0    0.000110000001    0.000110000001 0    0    0.000110172972    0.000110172972
1455    0    0.000103333332    0.000103333332 0    0    0.000103501523    0.000103501523
1465    0    0.000113333335    0.000113333335 0    0    0.000113495327    0.000113495327
1475    0    6.66666674e-05    6.66666674e-05 0    0    6.682823e-05    6.682823e-05
1485    0    9.00000014e-05    9.00000014e-05 0    0    9.01544481e-05    9.01544481e-05
1495    0    4.33333335e-05    4.33333335e-05 0    0    4.3487722e-05    4.3487722e-05
1505    0    9.66666703e-05    9.66666703e-05 0    0    9.68113527e-05    9.68113527e-05
1515    0    0.000103333332    0.000103333332 0    0    0.000103473067    0.000103473067
1525    0    7.66666635e-05    7.66666635e-05 0    0    7.68048703e-05    7.68048703e-05
1535    0    7.66666635e-05    7.66666635e-05 0    0    7.68008758e-05    7.68008758e-05
1545    0    7.33333363e-05    7.33333363e-05 0    0    7.34640271e-05    7.34640271e-05
1555    0    6.33333329e-05    6.33333329e-05 0    0    6.34613025e-05    6.34613025e-05
1565    0    6.66666674e-05    6.66666674e-05 0    0    6.67907298e-05    6.67907298e-05
1575    0    0.000106666666    0.000106666666 0    0    0.000106783351    0.000106783351
1585    0    6.33333329e-05    6.33333329e-05 0    0    6.34509415e-05    6.34509415e-05
1595    0    7.00000019e-05    7.00000019e-05 0    0    7.01137396e-05    7.01137396e-05
1605    0    6.66666674e-05    6.66666674e-05 0    0    6.67776258e-05    6.67776258e-05
1615    0    4.99999987e-05    4.99999987e-05 0    0    5.01096001e-05    5.01096001e-05
1625    0    7.00000019e-05    7.00000019e-05 0    0    7.01047393e-05    7.01047393e-05
1635    0    7.66666635e-05    7.66666635e-05 0    0    7.67679448e-05    7.67679448e-05
1645    0    6.66666674e-05    6.66666674e-05 0    0    6.67662243e-05    6.67662243e-05
1655    0    2.99999992e-05    2.99999992e-05 0    0    3.01005366e-05    3.01005366e-05
1665    0    3.33333337e-05    3.33333337e-05 0    0    3.34310098e-05    3.34310098e-05
1675    0    5.33333332e-05    5.33333332e-05 0    0    5.34265964e-05    5.34265964e-05
1685    0    4.66666679e-05    4.66666679e-05 0    0    4.67582104e-05    4.67582104e-05
1695    0    4.33333335e-05    4.33333335e-05 0    0    4.34229078e-05    4.34229078e-05
1705    0    4.66666679e-05    4.66666679e-05 0    0    4.67536884e-05    4.67536884e-05
1715    0    5.33333332e-05    5.33333332e-05 0    0    5.34175488e-05    5.34175488e-05
1725    0    4.99999987e-05    4.99999987e-05 0    0    5.00824499e-05    5.00824499e-05
1735    0    3.9999999e-05    3.9999999e-05 0    0    4.00814097e-05    4.00814097e-05
1745    0    1.99999995e-05    1.99999995e-05 0    0    2.00814138e-05    2.00814138e-05
1755    0    4.99999987e-05    4.99999987e-05 0    0    5.00765673e-05    5.00765673e-05
1765    0    2.3333334e-05    2.3333334e-05 0    0    2.34106737e-05    2.34106737e-05
1775    0    4.66666679e-05    4.66666679e-05 0    0    4.67399295e-05    4.67399295e-05
1785    0    2.3333334e-05    2.3333334e-05 0    0    2.34071485e-05    2.34071485e-05
1795    0    4.33333335e-05    4.33333335e-05 0    0    4.34035028e-05    4.34035028e-05
1805    0    3.9999999e-05    3.9999999e-05 0    0    4.00688587e-05    4.00688587e-05
1815    0    3.66666682e-05    3.66666682e-05 0    0    3.67342654e-05    3.67342654e-05
1825    0    2.66666666e-05    2.66666666e-05 0    0    2.67337073e-05    2.67337073e-05
1835    0    2.66666666e-05    2.66666666e-05 0    0    2.67322102e-05    2.67322102e-05
1845    0    1.99999995e-05    1.99999995e-05 0    0    2.00647428e-05    2.00647428e-05
1855    0    1.33333333e-05    1.33333333e-05 0    0    1.33973153e-05    1.33973153e-05
1865    0    0    0 0    0    6.39172981e-08    6.39172981e-08
1875    0    0    0 0    0    6.25813783e-08    6.25813783e-08
1885    0    0    0 0    0    6.1282428e-08    6.1282428e-08
1895    0    0    0 0    0    6.00191754e-08    6.00191754e-08
1905    0    0    0 0    0    5.8790409e-08    5.8790409e-08
1915    0    0    0 0    0    5.75949493e-08    5.75949493e-08
1925    0    0    0 0    0    5.64316878e-08    5.64316878e-08
1935    0    0    0 0    0    5.52995409e-08    5.52995409e-08
1945    0    0    0 0    0    5.41974714e-08    5.41974714e-08
1955    0    0    0 0    0    5.3124495e-08    5.3124495e-08
1965    0    0    0 0    0    5.20796455e-08    5.20796455e-08
1975    0    0    0 0    0    5.10620275e-08    5.10620275e-08
1985    0    0    0 0    0    5.00707458e-08    5.00707458e-08
1995    0    0    0 0    0    4.91049548e-08    4.91049548e-08
2005    0    0    0 0    0    4.81638409e-08    4.81638409e-08
2015    0    0    0 0    0    4.72466226e-08    4.72466226e-08
2025    0    0    0 0    0    4.63525467e-08    4.63525467e-08
2035    0    0    0 0    0    4.54808884e-08    4.54808884e-08
2045    0    0    0 0    0    4.46309478e-08    4.46309478e-08
2055    0    0    0 0    0    4.380205e-08    4.380205e-08
2065    0    0    0 0    0    4.29935518e-08    4.29935518e-08
2075    0    0    0 0    0    4.22048316e-08    4.22048316e-08
2085    0    0    0 0    0    4.14352854e-08    4.14352854e-08
2095    0    0    0 0    0    4.06843341e-08    4.06843341e-08
2105    0    0    0 0    0    3.99514164e-08    3.99514164e-08
2115    0    0    0 0    0    3.92359993e-08    3.92359993e-08
2125    0    0    0 0    0    3.85375607e-08    3.85375607e-08
2135    0    0    0 0    0    3.78555995e-08    3.78555995e-08
2145    0    0    0 0    0    3.71896363e-08    3.71896363e-08
2155    0    0    0 0    0    3.65392019e-08    3.65392019e-08
2165    0    0    0 0    0    3.59038452e-08    3.59038452e-08
2175    0    0    0 0    0    3.52831364e-08    3.52831364e-08
2185    0    0    0 0    0    3.46766491e-08    3.46766491e-08
2195    0    0    0 0    0    3.4083989e-08    3.4083989e-08
2205    0    0    0 0    0    3.35047474e-08    3.35047474e-08
2215    0    0    0 0    0    3.29385621e-08    3.29385621e-08
2225    0    0    0 0    0    3.23850635e-08    3.23850635e-08
2235    0    0    0 0    0    3.18438964e-08    3.18438964e-08
2245    0    0    0 0    0    3.13147162e-08    3.13147162e-08
2255    0    0    0 0    0    3.07971959e-08    3.07971959e-08
2265    0    0    0 0    0    3.02910195e-08    3.02910195e-08
2275    0    0    0 0    0    2.97958724e-08    2.97958724e-08
2285    0    0    0 0    0    2.93114617e-08    2.93114617e-08
2295    0    0    0 0    0    2.88374906e-08    2.88374906e-08
2305    0    0    0 0    0    2.83736838e-08    2.83736838e-08
2315    0    0    0 0    0    2.79197714e-08    2.79197714e-08
2325    0    0    0 0    0    2.74754903e-08    2.74754903e-08
2335    0    0    0 0    0    2.70405831e-08    2.70405831e-08
2345    0    0    0 0    0    2.66148064e-08    2.66148064e-08
2355    0    0    0 0    0    2.61979221e-08    2.61979221e-08
2365    0    0    0 0    0    2.57896993e-08    2.57896993e-08
2375    0    0    0 0    0    2.53899142e-08    2.53899142e-08
2385    0    0    0 0    0    2.49983483e-08    2.49983483e-08
2395    0    0    0 0    0    2.46147938e-08    2.46147938e-08
