5    0.00234004669    0    0 0    0    0    0
15    0.0068801376    0    0 0    0    0    0
25    0.0109802196    0    0 0    0    0    0
35    0.0121802436    0    0 0    0    0    0
45    0.0149602992    0    0 0    0    0    0
55    0.0154003082    0    0 0    0    0    0
65    0.0163403265    0    0 0    0    0    0
75    0.0179003589    0    0 0    0    0    0
85    0.018340366    0    0 0    0    0    0
95    0.0175003503    0    0 0    0    0    0
105    0.0178803578    0    0 0    0    0    0
115    0.0175003503    0    0 0    0    0    0
125    0.0167803355    0    0 0    0    0    0
135    0.0178403575    0    0 0    0    0    0
145    0.017620353    0    0 0    0    0    0
155    0.0159003176    0    0 0    0    0    0
165    0.0155003099    0    0 0    0    0    0
175    0.0156603139    4.09893164e-06    4.09893164e-06 4.09893164e-06    4.09893164e-06    0    0
185    0.0160203204    2.04946591e-05    2.04946591e-05 2.04946591e-05    2.04946591e-05    0    0
195    0.0154003082    1.63957266e-05    1.63957266e-05 1.63957266e-05    1.63957266e-05    0    0
205    0.0146402931    5.73850448e-05    5.73850448e-05 5.73850448e-05    5.73850448e-05    0    0
215    0.0139402784    6.14839737e-05    6.14839737e-05 8.66894989e-05    4.39403448e-05    0    0
225    0.0144002885    4.09893182e-05    4.09893182e-05 5.78093277e-05    2.92795503e-05    0    0
235    0.0136402724    4.50882508e-05    4.50882508e-05 6.34091557e-05    3.23160093e-05    0    0
245    0.013880278    8.19786364e-05    8.19786364e-05 0.000115093171    5.88427429e-05    0    0
255    0.0142602855    8.19786364e-05    8.19786364e-05 0.000114548508    5.91961507e-05    0    0
265    0.0128002558    8.19786364e-05    8.19786364e-05 0.000114230672    5.93706973e-05    0    0
275    0.0122802453    0.000106572224    0.000106572224 0.000148227235    7.73476859e-05    0    0
285    0.0121802436    0.000131165812    0.000131165812 0.00018124099    9.5976553e-05    0    0
295    0.0121802436    0.000131165812    0.000131165812 0.000180689822    9.63597049e-05    0    0
305    0.0117002344    0.000184451928    0.000184451928 0.000250433077    0.000138051735    0    0
315    0.0114002284    0.000192649793    0.000192649793 0.000260715809    0.00014467891    0    0
325    0.0108002163    0.00027462843    0.00027462843 0.000369756104    0.000207461722    0    0
335    0.0105202105    0.000270529505    0.000270529505 0.000361146231    0.000206277371    0    0
345    0.0102602048    0.000323815621    0.000323815621 0.000419032818    0.000255707564    0    0
355    0.0105602108    0.000311518816    0.000311518816 0.000401634374    0.000246888492    0    0
365    0.0102202045    0.000393497467    0.000393497467 0.000501116505    0.00031659074    3.27332491e-05    3.27332491e-05
375    0.00998019986    0.000483673968    0.000483673968 0.000612699601    0.000391671172    0.000104229999    0.000104229999
385    0.00956019107    0.000659928017    0.000659928017 0.000828987628    0.000539751549    0.000260056084    0.000260056084
395    0.0093401866    0.000623037631    0.000623037631 0.000776647765    0.000514125451    0.000202854077    0.000202854077
405    0.00952019077    0.000733708788    0.000733708788 0.000913034135    0.000606859452    0.00029086796    0.00029086796
415    0.00968019385    0.000729609863    0.000729609863 0.000893987308    0.000613570795    0.000263371883    0.000263371883
425    0.00910018198    0.000799291709    0.000799291709 0.000977132353    0.000674031908    0.000307562179    0.000307562179
435    0.0101402029    0.000975545787    0.000975545787 0.00118908042    0.000825404655    0.000455883972    0.000455883972
445    0.00962019246    0.000963248953    0.000963248953 0.00116677547    0.00082049222    0.000415001821    0.000415001821
455    0.00826016534    0.00102063396    0.00102063396 0.00123903668    0.000867812021    0.000441302021    0.000441302021
465    0.00928018522    0.00130346033    0.00130346033 0.00156882161    0.00111773226    0.00068935426    0.00068935426
475    0.00750014978    0.00142642832    0.00142642832 0.00170589262    0.00123075722    0.000776194036    0.000776194036
485    0.00870017428    0.00153709948    0.00153709948 0.00185063668    0.00131800992    0.000848214899    0.000848214899
495    0.0085801715    0.00158218772    0.00158218772 0.0018903889    0.00136711053    0.000852258818    0.000852258818
505    0.00772015424    0.00170925457    0.00170925457 0.00203576847    0.00148163992    0.000934682204    0.000934682204
515    0.00754015101    0.00195109157    0.00195109157 0.0023364597    0.00168299244    0.00112780172    0.00112780172
525    0.00790015794    0.00202077348    0.00202077348 0.0023853865    0.00176755851    0.00114628754    0.00114628754
535    0.00758015178    0.00221752212    0.00221752212 0.00261996081    0.00193807972    0.00128709921    0.00128709921
545    0.00722014438    0.00237738038    0.00237738038 0.00279592257    0.00208666245    0.00138702372    0.00138702372
555    0.00786015764    0.0025659313    0.0025659313 0.00302937115    0.00224430324    0.00151086273    0.00151086273
565    0.00790015794    0.00299631921    0.00299631921 0.00354072871    0.00261912961    0.00186998909    0.00186998909
575    0.00680013606    0.00316437543    0.00316437543 0.00370764919    0.00278831832    0.00196313416    0.00196313416
585    0.00698013976    0.00321356254    0.00321356254 0.00374963623    0.00284272479    0.00193240121    0.00193240121
595    0.00714014284    0.0034963889    0.0034963889 0.00411092909    0.00307166972    0.00212755403    0.00212755403
605    0.00742014823    0.0037218302    0.0037218302 0.00438952772    0.00326117175    0.00225902279    0.00225902279
615    0.00732014654    0.00414401991    0.00414401991 0.0048602256    0.0036504264    0.00257882569    0.00257882569
625    0.00680013606    0.00410712976    0.00410712976 0.00480783079    0.00362458522    0.00243498036    0.00243498036
635    0.00762015255    0.00465228781    0.00465228781 0.0054731979    0.00408759667    0.0028613836    0.0028613836
645    0.00704014068    0.00507447775    0.00507447775 0.0059104953    0.0045001395    0.00315726129    0.00315726129
655    0.00746014901    0.00531221554    0.00531221554 0.00621578982    0.0046919845    0.00326123834    0.00326123834
665    0.00662013236    0.00584097765    0.00584097765 0.00684913527    0.0051499051    0.00364550506    0.00364550506
675    0.00704014068    0.00639023492    0.00639023492 0.0074673784    0.00565272337    0.00404129736    0.00404129736
685    0.00694013899    0.00668125879    0.00668125879 0.00774385408    0.0059542465    0.00417194329    0.00417194329
695    0.00710014207    0.00739037385    0.00739037385 0.00861441251    0.00655425619    0.00470989011    0.00470989011
705    0.0076401527    0.00772648631    0.00772648631 0.00901087467    0.00685054762    0.00487019401    0.00487019401
715    0.00666013313    0.00840690918    0.00840690918 0.00971578062    0.00751513522    0.00536698848    0.00536698848
725    0.00704014068    0.0089930566    0.0089930566 0.0103841871    0.00804674346    0.00576676195    0.00576676195
735    0.00718014361    0.00983743649    0.00983743649 0.0112741366    0.00886172242    0.00642277068    0.00642277068
745    0.00664013298    0.0104768695    0.0104768695 0.011997452    0.00944585353    0.00687894551    0.00687894551
755    0.00750014978    0.0111163035    0.0111163035 0.0127818631    0.00998883601    0.0073441756    0.0073441756
765    0.00702014053    0.0124074668    0.0124074668 0.014223    0.0111800171    0.00847256184    0.00847256184
775    0.00650013005    0.0129977129    0.0129977129 0.0147969304    0.0117835104    0.00892839581    0.00892839581
785    0.00678013545    0.0140511384    0.0140511384 0.0159067754    0.0128015531    0.00987771247    0.00987771247
795    0.00642012851    0.015321807    0.015321807 0.0173447225    0.0139620518    0.0110870451    0.0110870451
805    0.00754015101    0.0159284491    0.0159284491 0.0178834908    0.0146164419    0.0116927158    0.0116927158
815    0.00740014808    0.0165268928    0.0165268928 0.018421514    0.0152582377    0.0123584196    0.0123584196
825    0.00762015255    0.0182033554    0.0182033554 0.0202978235    0.0168021955    0.014174832    0.014174832
835    0.00690013822    0.0190231428    0.0190231428 0.0209548511    0.0177351423    0.0152296759    0.0152296759
845    0.00654013082    0.0198757201    0.0198757201 0.0217586569    0.0186231863    0.0164131243    0.0164131243
855    0.00750014978    0.0218514055    0.0218514055 0.0238280427    0.0205382537    0.0188101772    0.0188101772
865    0.00610012189    0.0222981889    0.0222981889 0.0240552835    0.0211350936    0.0197820179    0.0197820179
875    0.00602012035    0.0233352184    0.0233352184 0.0249654111    0.0222588573    0.0214230232    0.0214230232
885    0.00638012774    0.0237123203    0.0237123203 0.0251024608    0.0227961186    0.0224735569    0.0224735569
895    0.00558011141    0.0242861714    0.0242861714 0.0254423302    0.0235269684    0.023761265    0.023761265
905    0.00604012096    0.0253150035    0.0253150035 0.0247363839    0.0261985958    0.0255153477    0.0255153477
915    0.00560011202    0.0257986765    0.0257986765 0.025400158    0.0264083277    0.02671347    0.02671347
925    0.00524010463    0.024605887    0.024605887 0.0244254339    0.024882948    0.0262043849    0.0262043849
935    0.00512010232    0.0243845452    0.0243845452 0.0243065767    0.0244467352    0.0265952516    0.0265952516
945    0.00512010232    0.0243517533    0.0243517533 0.023979634    0.0245929137    0.0270906556    0.0270906556
955    0.00492009846    0.0229663141    0.0229663141 0.0222777296    0.0234110206    0.0261485763    0.0261485763
965    0.00464009261    0.0227080826    0.0227080826 0.0217464324    0.0233264938    0.0262284838    0.0262284838
975    0.00378007558    0.0222612992    0.0222612992 0.020940261    0.0231077988    0.0260250475    0.0260250475
985    0.0039400789    0.0212242696    0.0212242696 0.0196141265    0.0222530309    0.0251457188    0.0251457188
995    0.00318006356    0.0203962848    0.0203962848 0.018522488    0.0215903968    0.0243943296    0.0243943296
1005    0.00336006726    0.018924769    0.018924769 0.0167200416    0.0203254707    0.0229354408    0.0229354408
1015    0.00336006726    0.0185927544    0.0185927544 0.0162410438    0.0200820398    0.0225525778    0.0225525778
1025    0.00274005486    0.0169408843    0.0169408843 0.0145179639    0.0184699912    0.0208142996    0.0208142996
1035    0.00246004923    0.0164244194    0.0164244194 0.0137914605    0.0180799663    0.0201706663    0.0201706663
1045    0.0028200564    0.0150512774    0.0150512774 0.0122463433    0.0168082491    0.0186521802    0.0186521802
1055    0.00222004438    0.0143913496    0.0143913496 0.0113054216    0.0163167473    0.0178265497    0.0178265497
1065    0.00208004168    0.0134076057    0.0134076057 0.0105217667    0.0152008403    0.0166701693    0.0166701693
1075    0.00186003721    0.0126493033    0.0126493033 0.00963077229    0.0145169189    0.0157339834    0.0157339834
1085    0.00160003197    0.0120262662    0.0120262662 0.00868056715    0.0140872207    0.0149324844    0.0149324844
1095    0.00122002442    0.0112269744    0.0112269744 0.00795215927    0.0132350074    0.0139592467    0.0139592467
1105    0.00144002878    0.0106449258    0.0106449258 0.00739054475    0.0126315504    0.0132073974    0.0132073974
1115    0.00122002442    0.00984973274    0.00984973274 0.00646499544    0.0119059952    0.0122508798    0.0122508798
1125    0.00114002277    0.00918570627    0.00918570627 0.00577617064    0.0112472055    0.0114327231    0.0114327231
1135    0.00114002277    0.00880450569    0.00880450569 0.0053478335    0.010884474    0.0109041464    0.0109041464
1145    0.000900018029    0.00794782862    0.00794782862 0.00420921156    0.0101861078    0.00991204102    0.00991204102
1155    0.00102002046    0.00745185791    0.00745185791 0.00464409171    0.00912461337    0.0092871096    0.0092871096
1165    0.00102002046    0.00718132872    0.00718132872 0.00371370581    0.00923658162    0.00889480021    0.00889480021
1175    0.000920018414    0.00674684159    0.00674684159 0.00355630065    0.00862875395    0.0083479695    0.0083479695
1185    0.000700014003    0.0065623899    0.0065623899 0.00286397571    0.00873266626    0.00805752818    0.00805752818
1195    0.000720014388    0.00655009318    0.00655009318 0.00263653183    0.00883438624    0.00794568658    0.00794568658
1205    0.000580011576    0.00597624248    0.00597624248 0.00283013354    0.00780293997    0.00728309387    0.00728309387
1215    0.000580011576    0.00543518364    0.00543518364 0.00139562436    0.00776890106    0.00665975222    0.00665975222
1225    0.000500009977    0.00520564336    0.00520564336 0.00214381074    0.00696490332    0.00635211589    0.00635211589
1235    0.000500009977    0.0050129937    0.0050129937 0.0016654128    0.00692618825    0.00608691527    0.00608691527
1245    0.000340006809    0.00463999063    0.00463999063 0.000963555067    0.00672986405    0.00564790843    0.00564790843
1255    0.000340006809    0.00434076879    0.00434076879 0    0.00681285653    0.00528716575    0.00528716575
1265    0.000320006395    0.00411532773    0.00411532773 0.00111997395    0.00579955289    0.00500431191    0.00500431191
1275    0.00026000521    0.00404974446    0.00404974446 0    0.00638440344    0.0048845089    0.0048845089
1285    0.000160003197    0.0039144801    0.0039144801 0.00017327824    0.00599498488    0.00469938898    0.00469938898
1295    0.000320006395    0.00348409195    0.00348409195 0    0.00542074116    0.00422468223    0.00422468223
1305    0.000320006395    0.00343900383    0.00343900383 0    0.00606718473    0.00413607713    0.00413607713
1315    0.000320006395    0.00319716684    0.00319716684 0.00032176738    0.00476891734    0.00385507313    0.00385507313
1325    0.000220004396    0.00294713187    0.00294713187 0.000683829712    0.00417689513    0.00356874825    0.00356874825
1335    0.00026000521    0.0030823967    0.0030823967 0.000287511415    0.00459241774    0.00366780418    0.00366780418
1345    0.000120002398    0.00297582452    0.00297582452 0.000533502898    0.0042873607    0.00352900592    0.00352900592
1355    6.0001199e-05    0.00253313989    0.00253313989 0.000195412082    0.00378073915    0.00305850874    0.00305850874
1365    8.00015987e-05    0.00245935912    0.00245935912 0    0.00433988729    0.00295654475    0.00295654475
1375    0.000160003197    0.00239377609    0.00239377609 0.000463184289    0.0034120502    0.00286461227    0.00286461227
1385    0.000180003597    0.00245526014    0.00245526014 0    0.00404474558    0.00290065818    0.00290065818
1395    0.000200003997    0.00218473072    0.00218473072 0    0.00335613475    0.00260847504    0.00260847504
1405    0.000140002798    0.00213144463    0.00213144463 0    0.00366659951    0.00253360462    0.00253360462
1415    0.000100001998    0.00211094995    0.00211094995 0    0.00415122975    0.00249269069    0.00249269069
1425    4.00007993e-05    0.00181992573    0.00181992573 0    0.00303468946    0.00218429626    0.00218429626
1435    8.00015987e-05    0.00181172788    0.00181172788 0    0.00275631296    0.0021580623    0.0021580623
1445    6.0001199e-05    0.00170925457    0.00170925457 0.000356911216    0.00239133975    0.00203926908    0.00203926908
1455    6.0001199e-05    0.00167236419    0.00167236419 0    0.00257347967    0.00198665005    0.00198665005
1465    0.000120002398    0.00162317697    0.00162317697 0    0.00302490196    0.00192276272    0.00192276272
1475    0.000120002398    0.00144282402    0.00144282402 0    0.00256218831    0.00172944902    0.00172944902
1485    0.000140002798    0.00167236419    0.00167236419 0    0.00309965457    0.00194416626    0.00194416626
1495    8.00015987e-05    0.00143872504    0.00143872504 0.000171603679    0.00205683452    0.00169949851    0.00169949851
1505    4.00007993e-05    0.00126247096    0.00126247096 0    0.00210346305    0.00151255156    0.00151255156
1515    4.00007993e-05    0.00119278918    0.00119278918 0    0.0148331337    0.00143214269    0.00143214269
1525    0.000100001998    0.00129936135    0.00129936135 0    0.00220270874    0.00152745354    0.00152745354
1535    8.00015987e-05    0.00129526248    0.00129526248 0    0.00197682576    0.00151339523    0.00151339523
1545    4.00007993e-05    0.00115589879    0.00115589879 0    0.00341517897    0.00136549736    0.00136549736
1555    6.0001199e-05    0.000991941546    0.000991941546 0    0.00472602574    0.00119367184    0.00119367184
1565    0    0.0011026127    0.0011026127 0    0.00674899342    0.00129515037    0.00129515037
1575    2.00003997e-05    0.000955051102    0.000955051102 0    0.00172746519    0.00114052847    0.00114052847
1585    6.0001199e-05    0.00107801904    0.00107801904 0    0.00392321544    0.00125508069    0.00125508069
1595    4.00007993e-05    0.00103702978    0.00103702978 0    0.00153624848    0.00120713725    0.00120713725
1605    4.00007993e-05    0.000975545787    0.000975545787 0    0.00195820606    0.00113919843    0.00113919843
1615    0    0.00084028102    0.00084028102 0    0.0352164768    0.000998304342    0.000998304342
1625    0    0.000774698099    0.000774698099 0    0.00115849718    0.000926958106    0.000926958106
1635    4.00007993e-05    0.000762401323    0.000762401323 0    0.00114296575    0.000908852089    0.000908852089
1645    2.00003997e-05    0.000823885319    0.000823885319 0    0.00123931281    0.000964328996    0.000964328996
1655    0    0.000700917328    0.000700917328 0.037867561    0    0.000836829073    0.000836829073
1665    0    0.000565652619    0.000565652619 0    0.000853889389    0.000697365555    0.000697365555
1675    0    0.00063943339    0.00063943339 0    0.00096826331    0.000765817822    0.000765817822
1685    0    0.000651730166    0.000651730166 0    0.000989475637    0.000773413049    0.000773413049
1695    2.00003997e-05    0.000668125867    0.000668125867 0    0.00264571514    0.000785292359    0.000785292359
1705    4.00007993e-05    0.000623037631    0.000623037631 0    0.00200259755    0.00073629024    0.00073629024
1715    0    0.00060664193    0.00060664193 0    0.000926602166    0.000715981994    0.000715981994
1725    0    0.000434486778    0.000434486778 0    0.000770736835    0.000541112269    0.000541112269
1735    2.00003997e-05    0.000598444021    0.000598444021 0    0.000917152385    0.000700324832    0.000700324832
1745    6.0001199e-05    0.000487772893    0.000487772893 0    0.000748147781    0.000586865994    0.000586865994
1755    0    0.000475476088    0.000475476088 0    0.000730735774    0.000571289391    0.000571289391
1765    0    0.000500069698    0.000500069698 0    0.000770522631    0.000592505385    0.000592505385
1775    0    0.00054925686    0.00054925686 0    0.00349345431    0.000638290076    0.000638290076
1785    2.00003997e-05    0.000471377163    0.000471377163 0    0.000728274987    0.000557968509    0.000557968509
1795    2.00003997e-05    0.000426288898    0.000426288898 0    0.00719546899    0.000510346261    0.000510346261
1805    2.00003997e-05    0.000450882508    0.000450882508 0.0252549909    0    0.000532066217    0.000532066217
1815    0    0.000348409201    0.000348409201 0    0.000540430832    0.000427661173    0.000427661173
1825    0    0.000336112396    0.000336112396 0    0.000521767186    0.000412947498    0.000412947498
1835    2.00003997e-05    0.000315617741    0.000315617741 0    0.000490108505    0.00039018938    0.00039018938
1845    0    0.000332013471    0.000332013471 0.00179530273    0    0.000404175138    0.000404175138
1855    0    0.000250034849    0.000250034849 0    0.000388976157    0.000320520601    0.000320520601
1865    0    0.000286925235    0.000286925235 0.00182631204    0    0.000355043216    0.000355043216
1875    2.00003997e-05    0.000254133774    0.000254133774 0    0.000395553914    0.000320421823    0.000320421823
1885    0    0.000254133774    0.000254133774 0.0020492794    0    0.000318455364    0.000318455364
1895    2.00003997e-05    0.0002582327    0.0002582327 0    0.0030290836    0.000320635387    0.000320635387
1905    0    0.000262331625    0.000262331625 0    0.000409070693    0.000322886335    0.000322886335
1915    2.00003997e-05    0.000278727355    0.000278727355 0    0.00043465395    0.000337421283    0.000337421283
1925    0    0.000245935895    0.000245935895 0    0.000383429258    0.00030315551    0.00030315551
1935    0    0.000250034849    0.000250034849 0    0.000389917113    0.000305600377    0.000305600377
1945    0    0.000213144449    0.000213144449 0.000629850547    6.88409418e-05    0.00026738309    0.00026738309
1955    0    0.000254133774    0.000254133774 0    0    0.000306592148    0.000306592148
1965    0    0.000237738044    0.000237738044 0    0    0.000288845476    0.000288845476
1975    0    0.00030741989    0.00030741989 0    0    0.000356664619    0.000356664619
1985    0    0.000192649793    0.000192649793 0.000587112329    6.02800137e-05    0.000241287984    0.000241287984
1995    0    0.000159858348    0.000159858348 0    0    0.000207400721    0.000207400721
2005    2.00003997e-05    0.000188550868    0.000188550868 0    0    0.000234640174    0.000234640174
2015    0    0.000131165812    0.000131165812 0    0    0.000176408532    0.000176408532
2025    0    0.000159858348    0.000159858348 0    0    0.00020373259    0.00020373259
2035    0    0.000151660483    0.000151660483 0    0    0.000194447319    0.000194447319
2045    0    0.000159858348    0.000159858348 0    0    0.00020148851    0.00020148851
2055    0    0.000147561543    0.000147561543 0    0    0.000188205624    0.000188205624
2065    0    9.83743666e-05    9.83743666e-05 0    0    0.000138308707    0.000138308707
2075    0    0.000127066887    0.000127066887 0    0    0.000165815465    0.000165815465
2085    0    0.00011477009    0.00011477009 0    0    0.000152633365    0.000152633365
2095    0    0.000131165812    0.000131165812 0    0    0.00016798696    0.00016798696
2105    0    0.000143462617    0.000143462617 0    0    0.000179298208    0.000179298208
2115    0    0.000110671157    0.000110671157 0    0    0.000145844751    0.000145844751
2125    0    6.96818388e-05    6.96818388e-05 0    0    0.00010427455    0.00010427455
2135    0    6.96818388e-05    6.96818388e-05 0    0    0.000103451843    0.000103451843
2145    0    7.37807713e-05    7.37807713e-05 0    0    0.000106726635    0.000106726635
2155    0    0.000151660483    0.000151660483 0    0    0.000183323835    0.000183323835
2165    2.00003997e-05    0.000135264752    0.000135264752 0    0    0.000166285972    0.000166285972
2175    0    0.00011477009    0.00011477009 0    0    0.000145198646    0.000145198646
2185    0    8.19786364e-05    8.19786364e-05 0    0    0.000111916728    0.000111916728
2195    0    0.000102473292    0.000102473292 0    0    0.000131593217    0.000131593217
2205    0    6.14839737e-05    6.14839737e-05 0    0    9.02082611e-05    9.02082611e-05
2215    0    7.78797039e-05    7.78797039e-05 0    0    0.000105852319    0.000105852319
2225    0    8.19786364e-05    8.19786364e-05 0    0    0.000109298802    0.000109298802
2235    0    5.73850448e-05    5.73850448e-05 0    0    8.42585941e-05    8.42585941e-05
2245    0    8.19786364e-05    8.19786364e-05 0    0    0.000108101158    0.000108101158
2255    0    7.37807713e-05    7.37807713e-05 0    0    9.93836584e-05    9.93836584e-05
2265    0    8.19786364e-05    8.19786364e-05 0    0    0.000106970838    0.000106970838
2275    0    7.37807713e-05    7.37807713e-05 0    0    9.82852362e-05    9.82852362e-05
2285    0    5.32861122e-05    5.32861122e-05 0    0    7.73984139e-05    7.73984139e-05
2295    0    4.50882508e-05    4.50882508e-05 0    0    6.87425345e-05    6.87425345e-05
2305    0    3.68903857e-05    3.68903857e-05 0    0    6.0100745e-05    6.0100745e-05
2315    0    7.37807713e-05    7.37807713e-05 0    0    9.62658014e-05    9.62658014e-05
2325    0    6.14839737e-05    6.14839737e-05 0    0    8.3578685e-05    8.3578685e-05
2335    0    6.55829062e-05    6.55829062e-05 0    0    8.71927259e-05    8.71927259e-05
2345    0    3.68903857e-05    3.68903857e-05 0    0    5.82421708e-05    5.82421708e-05
2355    0    5.32861122e-05    5.32861122e-05 0    0    7.40967225e-05    7.40967225e-05
2365    0    5.73850448e-05    5.73850448e-05 0    0    7.77464302e-05    7.77464302e-05
2375    0    3.68903857e-05    3.68903857e-05 0    0    5.69745935e-05    5.69745935e-05
2385    0    4.09893182e-05    4.09893182e-05 0    0    6.06461763e-05    6.06461763e-05
2395    0    4.91871833e-05    4.91871833e-05 0    0    6.84002807e-05    6.84002807e-05
