5    0.00170003402    0    0 0    0    0    0
15    0.00556011125    0    0 0    0    0    0
25    0.00902018044    0    0 0    0    0    0
35    0.0100202002    0    0 0    0    0    0
45    0.0113202268    0    0 0    0    0    0
55    0.0122002438    0    0 0    0    0    0
65    0.014620292    0    0 0    0    0    0
75    0.014920298    0    0 0    0    0    0
85    0.0135002704    0    0 0    0    0    0
95    0.0140802814    0    0 0    0    0    0
105    0.0140602812    0    0 0    0    0    0
115    0.0145802917    0    0 0    0    0    0
125    0.0148802977    0    0 0    0    0    0
135    0.0146002918    0    0 0    0    0    0
145    0.0144202886    0    0 0    0    0    0
155    0.0133202663    0    0 0    0    0    0
165    0.0135202706    0    0 0    0    0    0
175    0.0127802556    0    0 0    0    0    0
185    0.0128602572    3.92830043e-06    3.92830043e-06 3.92830043e-06    3.92830043e-06    0    0
195    0.0126802539    3.92830043e-06    3.92830043e-06 3.92830043e-06    3.92830043e-06    0    0
205    0.0129602589    2.35698044e-05    2.35698044e-05 2.35698044e-05    2.35698044e-05    0    0
215    0.012540251    3.14264034e-05    3.14264034e-05 4.41878365e-05    2.2539316e-05    0    0
225    0.0120402407    2.74981048e-05    2.74981048e-05 3.87125292e-05    1.96878736e-05    0    0
235    0.0123802479    4.32113084e-05    4.32113084e-05 6.04679954e-05    3.11765471e-05    0    0
245    0.011940239    5.10679092e-05    5.10679092e-05 7.16728537e-05    3.66813219e-05    0    0
255    0.0114002284    3.53547075e-05    3.53547075e-05 4.91025276e-05    2.57407701e-05    0    0
265    0.0113002257    9.03509135e-05    9.03509135e-05 0.000125245482    6.58810241e-05    0    0
275    0.0109602194    8.64226167e-05    8.64226167e-05 0.00011967311    6.30978539e-05    0    0
285    0.0106802136    0.00014141883    0.00014141883 0.000194053617    0.000104455772    0    0
295    0.0107002137    0.000133562222    0.000133562222 0.000181425959    9.9931538e-05    0    0
305    0.0112602254    0.000164988625    0.000164988625 0.000222775125    0.000124352475    0    0
315    0.0106402133    0.000223913143    0.000223913143 0.000301447872    0.000169271778    5.10581413e-06    5.10581413e-06
325    0.0100002    0.000204271637    0.000204271637 0.000269762357    0.000158030569    0    0
335    0.0100002    0.000290694239    0.000290694239 0.000378991856    0.000228103818    4.77925605e-05    4.77925605e-05
345    0.0104202088    0.000290694239    0.000290694239 0.000373093004    0.000231748563    3.46289162e-05    3.46289162e-05
355    0.0100402012    0.000373188552    0.000373188552 0.00047110772    0.000302957284    0.000102641578    0.000102641578
365    0.00948018953    0.000353547046    0.000353547046 0.000440475094    0.000291421718    6.79558216e-05    6.79558216e-05
375    0.00954019092    0.000491037557    0.000491037557 0.000609119073    0.000406816776    0.000188570979    0.000188570979
385    0.00884017721    0.000459611183    0.000459611183 0.000563483511    0.000385770079    0.000139817552    0.000139817552
395    0.00904018059    0.000557818683    0.000557818683 0.00067596673    0.000474050961    0.000218779591    0.000218779591
405    0.00882017612    0.000636384706    0.000636384706 0.000770852261    0.000541276007    0.000276736217    0.000276736217
415    0.00974019524    0.000683524297    0.000683524297 0.000821316324    0.000586254406    0.000301819819    0.000301819819
425    0.0093001863    0.000707094092    0.000707094092 0.000847185089    0.000608423201    0.000301700376    0.000301700376
435    0.0102802059    0.000821014866    0.000821014866 0.000979022589    0.000709912856    0.000389614259    0.000389614259
445    0.00924018491    0.000982075115    0.000982075115 0.00116427557    0.000854277401    0.000522360788    0.000522360788
455    0.00870017428    0.00108421093    0.00108421093 0.00128122722    0.000946354005    0.000594151614    0.000594151614
465    0.00890017767    0.00127669773    0.00127669773 0.00148973614    0.00112759368    0.000753356027    0.000753356027
475    0.00838016719    0.00133955048    0.00133955048 0.00156329572    0.00118289259    0.000780734408    0.000780734408
485    0.00850016996    0.00158310519    0.00158310519 0.00186070183    0.00138911558    0.000984931714    0.000984931714
495    0.00866017304    0.00169702584    0.00169702584 0.00197507604    0.001502992    0.00105670874    0.00105670874
505    0.00860017166    0.00175987871    0.00175987871 0.002032283    0.00156997738    0.00107392797    0.00107392797
515    0.00882017612    0.00182273146    0.00182273146 0.00210984331    0.00162299571    0.00108704087    0.00108704087
525    0.00872017443    0.00212128228    0.00212128228 0.00244491315    0.00189652853    0.00133025029    0.00133025029
535    0.00900018029    0.00243947469    0.00243947469 0.00282490673    0.00217183377    0.00158801035    0.00158801035
545    0.00798015948    0.0024905426    0.0024905426 0.00288483291    0.00221667532    0.00157433969    0.00157433969
555    0.0086801732    0.00276552374    0.00276552374 0.0031880422    0.00247228448    0.00177747861    0.00177747861
565    0.00836016703    0.00296586705    0.00296586705 0.00344307953    0.00263524079    0.0018996119    0.0018996119
575    0.00870017428    0.00342940656    0.00342940656 0.00396207254    0.0030606871    0.00227636728    0.00227636728
585    0.0089401789    0.00339798001    0.00339798001 0.00390983094    0.00304389861    0.0021523037    0.0021523037
595    0.00790015794    0.00371617242    0.00371617242 0.00428797258    0.00332098617    0.00236740452    0.00236740452
605    0.00860017166    0.00428184774    0.00428184774 0.0049178116    0.0038430756    0.00281919981    0.00281919981
615    0.00910018198    0.00478859851    0.00478859851 0.00549192214    0.00430388469    0.00320185954    0.00320185954
625    0.0085401712    0.0047100326    0.0047100326 0.00542740757    0.00421600509    0.00299058366    0.00299058366
635    0.00888017751    0.00533856079    0.00533856079 0.00616794871    0.0047680405    0.00347117544    0.00347117544
645    0.0086801732    0.00594351906    0.00594351906 0.0067754793    0.00537196547    0.00391567079    0.00391567079
655    0.00844016857    0.00658383174    0.00658383174 0.00751922606    0.00594176119    0.00438231835    0.00438231835
665    0.0081801638    0.00693737902    0.00693737902 0.00792665966    0.00625919737    0.00455038715    0.00455038715
675    0.00924018491    0.00755019393    0.00755019393 0.00853894744    0.00687321136    0.00496385898    0.00496385898
685    0.00876017567    0.00851655565    0.00851655565 0.00965373218    0.00773850968    0.00571773108    0.00571773108
695    0.00884017721    0.0095929103    0.0095929103 0.0109037533    0.00869750232    0.00657170033    0.00657170033
705    0.00882017612    0.00969504565    0.00969504565 0.0109415539    0.00884494465    0.00644997088    0.00644997088
715    0.00974019524    0.010963887    0.010963887 0.0124590071    0.00994523242    0.00748899858    0.00748899858
725    0.00982019678    0.0120206    0.0120206 0.0135528846    0.010978247    0.00832367223    0.00832367223
735    0.0103202062    0.0131794484    0.0131794484 0.0148130022    0.0120700728    0.00927695818    0.00927695818
745    0.00982019678    0.0143343695    0.0143343695 0.016001543    0.0132039487    0.0102564339    0.0102564339
755    0.00998019986    0.0154735763    0.0154735763 0.0172585379    0.014265269    0.0112667102    0.0112667102
765    0.0101202028    0.0171666741    0.0171666741 0.0190314297    0.0159059912    0.0128940688    0.0128940688
775    0.0104802093    0.0183451641    0.0183451641 0.0203020778    0.0170245077    0.0140961641    0.0140961641
785    0.00944018923    0.0194097329    0.0194097329 0.0212838948    0.0181476623    0.0152934631    0.0152934631
795    0.0106402133    0.020258246    0.020258246 0.0221211519    0.0190060418    0.0164035205    0.0164035205
805    0.0102802059    0.0220731217    0.0220731217 0.0238496345    0.0208809469    0.0186167322    0.0186167322
815    0.0102802059    0.023660155    0.023660155 0.0254060738    0.0224910602    0.0207479354    0.0207479354
825    0.00950018968    0.0250389893    0.0250389893 0.0265711527    0.024013998    0.0228072703    0.0228072703
835    0.00918018352    0.0263942517    0.0263942517 0.0278163739    0.0254459437    0.0249544214    0.0249544214
845    0.00886017736    0.0267006587    0.0267006587 0.0277867895    0.0259781647    0.0261308793    0.0261308793
855    0.00846016966    0.027062064    0.027062064 0.026503589    0.0279026888    0.0273877513    0.0273877513
865    0.00884017721    0.0274273958    0.0274273958 0.0271021854    0.0279186368    0.0286228657    0.0286228657
875    0.00852017011    0.0276788063    0.0276788063 0.0275776014    0.0278320555    0.0296711773    0.0296711773
885    0.00804016087    0.0262842588    0.0262842588 0.0260803197    0.0264186449    0.0289697237    0.0289697237
895    0.00758015178    0.0265985243    0.0265985243 0.0260211192    0.0269776247    0.0298339371    0.0298339371
905    0.00638012774    0.026103558    0.026103558 0.0251952969    0.0266983192    0.0297477935    0.0297477935
915    0.00726014515    0.0247365087    0.0247365087 0.0234886743    0.0255521052    0.0286523476    0.0286523476
925    0.00602012035    0.0235815886    0.0235815886 0.0219867732    0.0246200543    0.0276402365    0.0276402365
935    0.00600012019    0.022568088    0.022568088 0.0207780413    0.0237304755    0.0266602896    0.0266602896
945    0.00498009939    0.0210556909    0.0210556909 0.0189001728    0.0224527307    0.0250967089    0.0250967089
955    0.00504010078    0.0194372311    0.0194372311 0.0172964819    0.0208200365    0.0233618394    0.0233618394
965    0.00400007982    0.0182037447    0.0182037447 0.015773939    0.0197663475    0.0219637509    0.0219637509
975    0.00462009246    0.0176027156    0.0176027156 0.0151035264    0.0192041826    0.0211651493    0.0211651493
985    0.00360007212    0.0166481379    0.0166481379 0.0139767509    0.0183549523    0.0199976619    0.0199976619
995    0.0030000601    0.0153203728    0.0153203728 0.0126034124    0.017051775    0.0184518732    0.0184518732
1005    0.0028200564    0.0139101129    0.0139101129 0.0112334387    0.015610571    0.0168246161    0.0168246161
1015    0.0030000601    0.013493713    0.013493713 0.010683639    0.0152732581    0.0161926076    0.0161926076
1025    0.0026400527    0.0123623619    0.0123623619 0.00939157419    0.0142372325    0.0148582915    0.0148582915
1035    0.00198003952    0.0118006151    0.0118006151 0.00850369595    0.013873593    0.0141025335    0.0141025335
1045    0.00196003914    0.010952102    0.010952102 0.00810490455    0.0127356183    0.0130740004    0.0130740004
1055    0.00190003798    0.0105906986    0.0105906986 0.00655390834    0.0131093217    0.012543479    0.012543479
1065    0.00202004029    0.00954969879    0.00954969879 0.00578778936    0.0118877301    0.011349488    0.011349488
1075    0.00168003363    0.00898795202    0.00898795202 0.0059120045    0.0108909635    0.0106452098    0.0106452098
1085    0.00144002878    0.0085479822    0.0085479822 0.0050708577    0.0106897224    0.0100741703    0.0100741703
1095    0.00148002955    0.00793909561    0.00793909561 0.00452605821    0.0100321462    0.00934625883    0.00934625883
1105    0.00118002365    0.00753448065    0.00753448065 0.00459558098    0.00932838768    0.00883216783    0.00883216783
1115    0.00100001995    0.00678417506    0.00678417506 0.00435708044    0.00825870968    0.00798362307    0.00798362307
1125    0.000840016815    0.00688238256    0.00688238256 0.00353149674    0.00890822057    0.00798860472    0.00798860472
1135    0.000720014388    0.00617528846    0.00617528846 0.00321780914    0.00795468781    0.00720004132    0.00720004132
1145    0.0008600172    0.00577067351    0.00577067351 0.00232751505    0.00783220213    0.00671996316    0.00671996316
1155    0.000800015987    0.00586495269    0.00586495269 0.003055637    0.00753888255    0.00674322061    0.00674322061
1165    0.00064001279    0.00546033774    0.00546033774 0.00121848111    0.00797484815    0.00627593603    0.00627593603
1175    0.000540010806    0.00526785105    0.00526785105 0.00152576901    0.00747537846    0.00602533529    0.00602533529
1185    0.000700014003    0.00518142851    0.00518142851 0.00230134279    0.00687114056    0.00588531885    0.00588531885
1195    0.000400007993    0.00476895692    0.00476895692 0.00197187345    0.00640132558    0.00542526599    0.00542526599
1205    0.000620012404    0.00451754592    0.00451754592 0.000974138442    0.00657538418    0.00512964744    0.00512964744
1215    0.000480009592    0.00429756101    0.00429756101 0.00118655001    0.00609509787    0.00486903498    0.00486903498
1225    0.000360007194    0.00394008541    0.00394008541 0.00133877795    0.005434494    0.00447493093    0.00447493093
1235    0.000520010421    0.00386937615    0.00386937615 0.00174795219    0.00508165313    0.00436935388    0.00436935388
1245    0.000400007993    0.00363760651    0.00363760651 0    0.005756984    0.00410622777    0.00410622777
1255    0.00026000521    0.00370831578    0.00370831578 0    0.00674431492    0.00414673518    0.00414673518
1265    0.000480009592    0.00321334996    0.00321334996 0.00104949309    0.00443013478    0.0036264339    0.0036264339
1275    0.000280005595    0.00302086328    0.00302086328 0.000973048271    0.00416584499    0.00340933143    0.00340933143
1285    0.000200003997    0.00300907833    0.00300907833 0.00123765087    0.00399421295    0.00337401778    0.00337401778
1295    0.00030000601    0.00307193119    0.00307193119 0    0.00499067968    0.00341474335    0.00341474335
1305    0.000240004796    0.00277730846    0.00277730846 0.000399783545    0.00408445764    0.00310120569    0.00310120569
1315    0.000340006809    0.00279695005    0.00279695005 0    0.00538149895    0.00310195843    0.00310195843
1325    0.00030000601    0.00252196891    0.00252196891 0.00086825958    0.0034206023    0.00281075621    0.00281075621
1335    0.000220004396    0.00260839169    0.00260839169 0.000725932652    0.00362542551    0.00288053532    0.00288053532
1345    8.00015987e-05    0.00264374632    0.00264374632 0    0.00416864408    0.00290059601    0.00290059601
1355    0.000100001998    0.00230984087    0.00230984087 0    0.00493072066    0.00255409908    0.00255409908
1365    0.000140002798    0.00215270882    0.00215270882 0    0.00336501026    0.00238451711    0.00238451711
1375    0.000200003997    0.00214092387    0.00214092387 0    0.0172689687    0.00236049015    0.00236049015
1385    6.0001199e-05    0.00219984842    0.00219984842 0    0.00355930836    0.00240765139    0.00240765139
1395    0.000140002798    0.00183451641    0.00183451641 0    0.00413717469    0.00203321991    0.00203321991
1405    0.000100001998    0.00184237305    0.00184237305 0.000382953935    0.0025974866    0.00203096378    0.00203096378
1415    0.000100001998    0.00179916166    0.00179916166 0.000157268776    0.00264360127    0.00197850028    0.00197850028
1425    6.0001199e-05    0.00172845228    0.00172845228 0    0.00668498548    0.00189924566    0.00189924566
1435    8.00015987e-05    0.00171666744    0.00171666744 0    0.00340657262    0.00187918672    0.00187918672
1445    8.00015987e-05    0.0015359656    0.0015359656 1.51159029e-05    0.00230289483    0.00169147726    0.00169147726
1455    8.00015987e-05    0.00148489769    0.00148489769 0    0.00225415709    0.00163327658    0.00163327658
1465    0.000100001998    0.00146132789    0.00146132789 0    0.00271152053    0.00160287926    0.00160287926
1475    6.0001199e-05    0.00149275421    0.00149275421 0    0.00325054908    0.00162762834    0.00162762834
1485    2.00003997e-05    0.00130419584    0.00130419584 0    0.00558759272    0.0014337633    0.0014337633
1495    8.00015987e-05    0.00137490523    0.00137490523 0    0.00215591188    0.00149833551    0.00149833551
1505    8.00015987e-05    0.00127276941    0.00127276941 0    0.00202846131    0.00139116996    0.00139116996
1515    0.000100001998    0.0012217015    0.0012217015 0    0.0061234301    0.0013351416    0.0013351416
1525    0    0.00122955814    0.00122955814 0    0.0019767012    0.00133805117    0.00133805117
1535    0.000100001998    0.00110385253    0.00110385253 0    0.0330551937    0.00120826776    0.00120826776
1545    4.00007993e-05    0.00112742232    0.00112742232 0    0.00377471163    0.00122732739    0.00122732739
1555    4.00007993e-05    0.00100564491    0.00100564491 0    0.011550202    0.00110192981    0.00110192981
1565    8.00015987e-05    0.000915294047    0.000915294047 0.0135092624    0    0.00100803096    0.00100803096
1575    2.00003997e-05    0.0010252865    0.0010252865 0    0.00298958016    0.00111376774    0.00111376774
1585    2.00003997e-05    0.00110778073    0.00110778073 0    0.00167312298    0.00119232037    0.00119232037
1595    2.00003997e-05    0.000887795934    0.000887795934 0    0.00155603467    0.000969944813    0.000969944813
1605    6.0001199e-05    0.000927078945    0.000927078945 0    0.00829948112    0.00100582675    0.00100582675
1615    6.0001199e-05    0.00090350915    0.00090350915 0    0.00158407749    0.000979298144    0.000979298144
1625    2.00003997e-05    0.000777803536    0.000777803536 0    0.0194118544    0.00085124484    0.00085124484
1635    2.00003997e-05    0.00080922991    0.00080922991 0    0.00123934168    0.000879749015    0.000879749015
1645    2.00003997e-05    0.000703165832    0.000703165832 0.00616233749    0    0.000771517691    0.000771517691
1655    0    0.000718879048    0.000718879048 0.0197521355    0    0.00078463403    0.00078463403
1665    2.00003997e-05    0.000726735627    0.000726735627 0    0.0011196679    0.000790045713    0.000790045713
1675    2.00003997e-05    0.000612814911    0.000612814911 0    0.000947229157    0.000674342678    0.000674342678
1685    2.00003997e-05    0.00056567532    0.00056567532 0    0.000876490434    0.000625221175    0.000625221175
1695    0    0.00062067149    0.00062067149 0    0.000963290106    0.000677869655    0.000677869655
1705    2.00003997e-05    0.00066388282    0.00066388282 0.00233550253    0    0.000718879281    0.000718879281
1715    2.00003997e-05    0.000597101694    0.000597101694 0    0.000930316688    0.000650483416    0.000650483416
1725    2.00003997e-05    0.000659954501    0.000659954501 0    0.00102923054    0.000711215776    0.000711215776
1735    0    0.000601030013    0.000601030013 0    0.000939118792    0.00065080222    0.00065080222
1745    0    0.000538177206    0.000538177206 0    0.000841909496    0.000586552545    0.000586552545
1755    2.00003997e-05    0.000557818683    0.000557818683 0.00377078471    0    0.000604493136    0.000604493136
1765    0    0.000506750774    0.000506750774 0    0.00109875028    0.000552112237    0.000552112237
1775    6.0001199e-05    0.000451754575    0.000451754575 0    0.000710337015    0.000495884393    0.000495884393
1785    0    0.000491037557    0.000491037557 0.00307529839    0    0.000533567916    0.000533567916
1795    0    0.000443897967    0.000443897967 0    0.000698576099    0.000485278521    0.000485278521
1805    2.00003997e-05    0.000471396081    0.000471396081 0.00339507475    0    0.000511342427    0.000511342427
1815    0    0.000424256461    0.000424256461 0    0.00066999183    0.000463159173    0.000463159173
1825    0    0.000439969677    0.000439969677 0.00259817764    0    0.000477592694    0.000477592694
1835    0    0.000408543274    0.000408543274 0    0.000645648746    0.000445147482    0.000445147482
1845    0    0.000349618756    0.000349618756 0.00267239893    0    0.000385373656    0.000385373656
1855    2.00003997e-05    0.00037711687    0.00037711687 0    0.000597084814    0.000411672634    0.000411672634
1865    0    0.000396758376    0.000396758376 0    0.000628116948    0.000430191198    0.000430191198
1875    0    0.000392830058    0.000392830058 0    0.000621830928    0.000425285631    0.000425285631
1885    0    0.000365331973    0.000365331973 0.00184648787    0    0.000396954129    0.000396954129
1895    2.00003997e-05    0.00028676595    0.00028676595 0    0.000925745233    0.000317821803    0.000317821803
1905    2.00003997e-05    0.000259267836    0.000259267836 0    0.000410947949    0.000289559161    0.000289559161
1915    0    0.000294622558    0.000294622558 0    0.000466910336    0.000323896063    0.000323896063
1925    0    0.000243554634    0.000243554634 0    0.000385727821    0.000272233388    0.000272233388
1935    0    0.000243554634    0.000243554634 0    0.00626922864    0.000271436089    0.000271436089
1945    0    0.000243554634    0.000243554634 0    0.000385658408    0.000270666787    0.000270666787
1955    0    0.000302479137    0.000302479137 0    0.000479077804    0.000328581344    0.000328581344
1965    0    0.000318192353    0.000318192353 0    0.00050334353    0.000343506457    0.000343506457
1975    0    0.000184630131    0.000184630131 0.00055836211    5.82283938e-05    0.000209858466    0.000209858466
1985    0    0.000204271637    0.000204271637 0    0    0.000228742167    0.000228742167
1995    2.00003997e-05    0.000251411228    0.000251411228 0    0    0.000275021681    0.000275021681
2005    0    0.000208199941    0.000208199941 0    0    0.000231382088    0.000231382088
2015    0    0.000216056535    0.000216056535 0    0    0.000238599285    0.000238599285
2025    0    0.000176773523    0.000176773523 0    0    0.00019891077    0.00019891077
2035    0    0.000188558435    0.000188558435 0    0    0.000210077385    0.000210077385
2045    0    0.000216056535    0.000216056535 0    0    0.000236904147    0.000236904147
2055    0    0.000200343333    0.000200343333 0    0    0.000220733389    0.000220733389
2065    0    0.000192486739    0.000192486739 0    0    0.00021240041    0.00021240041
2075    0    0.000188558435    0.000188558435 0    0    0.00020799409    0.00020799409
2085    0    0.000157132032    0.000157132032 0    0    0.000176230111    0.000176230111
2095    0    0.000149275424    0.000149275424 0    0    0.000167943872    0.000167943872
2105    0    0.000133562222    0.000133562222 0    0    0.000151851127    0.000151851127
2115    2.00003997e-05    0.000121777317    0.000121777317 0    0    0.00013968267    0.00013968267
2125    0    0.000149275424    0.000149275424 0    0    0.000166632191    0.000166632191
2135    0    0.000125705614    0.000125705614 0    0    0.000142758479    0.000142758479
2145    0    0.000168916929    0.000168916929 0    0    0.000185375015    0.000185375015
2155    0    0.000168916929    0.000168916929 0    0    0.000184988312    0.000184988312
2165    0    0.000157132032    0.000157132032 0    0    0.000172881671    0.000172881671
2175    0    9.42792176e-05    9.42792176e-05 0    0    0.000109949993    0.000109949993
2185    0    0.000121777317    0.000121777317 0    0    0.00013696964    0.00013696964
2195    0    0.000109992419    0.000109992419 0    0    0.000124894883    0.000124894883
2205    0    0.000109992419    0.000109992419 0    0    0.000124561397    0.000124561397
2215    0    0.000109992419    0.000109992419 0    0    0.000124237427    0.000124237427
2225    0    0.000109992419    0.000109992419 0    0    0.00012392264    0.00012392264
2235    0    0.00011784902    0.00011784902 0    0    0.000131437671    0.000131437671
2245    0    6.28528069e-05    6.28528069e-05 0    0    7.63937933e-05    7.63937933e-05
2255    0    9.82075144e-05    9.82075144e-05 0    0    0.000111298883    0.000111298883
2265    0    9.42792176e-05    9.42792176e-05 0    0    0.000107107298    0.000107107298
2275    0    8.64226167e-05    8.64226167e-05 0    0    9.90129483e-05    9.90129483e-05
2285    0    7.85660159e-05    7.85660159e-05 0    0    9.09260416e-05    9.09260416e-05
2295    0    5.49962097e-05    5.49962097e-05 0    0    6.72044698e-05    6.72044698e-05
2305    0    5.10679092e-05    5.10679092e-05 0    0    6.30421782e-05    6.30421782e-05
2315    0    8.24943127e-05    8.24943127e-05 0    0    9.4080795e-05    9.4080795e-05
2325    0    8.24943127e-05    8.24943127e-05 0    0    9.38421799e-05    9.38421799e-05
2335    0    8.24943127e-05    8.24943127e-05 0    0    9.36098586e-05    9.36098586e-05
2345    0    8.64226167e-05    8.64226167e-05 0    0    9.72940688e-05    9.72940688e-05
2355    0    5.49962097e-05    5.49962097e-05 0    0    6.57899873e-05    6.57899873e-05
2365    0    5.10679092e-05    5.10679092e-05 0    0    6.1664854e-05    6.1664854e-05
2375    0    5.49962097e-05    5.49962097e-05 0    0    6.53661627e-05    6.53661627e-05
2385    0    7.85660159e-05    7.85660159e-05 0    0    8.86251364e-05    8.86251364e-05
2395    0    7.0709415e-05    7.0709415e-05 0    0    8.06055468e-05    8.06055468e-05
