5    0.000859999971    0    0 0    0    0    0
15    0.0039400002    0    0 0    0    0    0
25    0.00546000013    0    0 0    0    0    0
35    0.00731999986    0    0 0    0    0    0
45    0.00798000023    0    0 0    0    0    0
55    0.0092000002    0    0 0    0    0    0
65    0.00913999975    0    0 0    0    0    0
75    0.0102399997    0    0 0    0    0    0
85    0.00960000046    0    0 0    0    0    0
95    0.0101199998    0    0 0    0    0    0
105    0.0109000001    0    0 0    0    0    0
115    0.0102399997    0    0 0    0    0    0
125    0.0101800002    0    0 0    0    0    0
135    0.0104200002    0    0 0    0    0    0
145    0.0100400001    0    0 0    0    0    0
155    0.00944000017    0    0 0    0    0    0
165    0.0104200002    3.98722477e-06    3.98722477e-06 3.98722477e-06    3.98722477e-06    0    0
175    0.0101199998    7.97444955e-06    7.97444955e-06 0    0    0    0
185    0.0102000004    1.19616752e-05    1.19616752e-05 1.19616752e-05    1.19616752e-05    0    0
195    0.00947999954    2.39233505e-05    2.39233505e-05 2.39233505e-05    2.39233505e-05    0    0
205    0.00875999965    4.78467009e-05    4.78467009e-05 4.78467009e-05    4.78467009e-05    0    0
215    0.00985999964    4.78467009e-05    4.78467009e-05 6.70165318e-05    3.44964319e-05    0    0
225    0.0091599999    7.17700459e-05    7.17700459e-05 9.99156109e-05    5.21578804e-05    5.58940064e-06    5.58940064e-06
235    0.0102599999    4.78467009e-05    4.78467009e-05 6.64223116e-05    3.48923422e-05    0    0
245    0.00937999971    5.98083752e-05    5.98083752e-05 8.26163596e-05    4.38967727e-05    0    0
255    0.00898000039    9.56934018e-05    9.56934018e-05 0.000132444053    6.99779921e-05    1.57655959e-05    1.57655959e-05
265    0.00908000022    0.000123603968    0.000123603968 0.00016957245    9.13737895e-05    3.82387225e-05    3.82387225e-05
275    0.00913999975    0.000159488991    0.000159488991 0.000213769628    0.000121405123    6.81830497e-05    6.81830497e-05
285    0.00841999985    0.000203348478    0.000203348478 0.000274244085    0.000153553381    0.000105541869    0.000105541869
295    0.00906000007    0.000199361253    0.000199361253 0.000265940267    0.000152574823    9.45043867e-05    9.45043867e-05
305    0.00901999976    0.000227271827    0.000227271827 0.00030071623    0.000175614274    0.000114634138    0.000114634138
315    0.00908000022    0.000307016307    0.000307016307 0.000398816395    0.00024232213    0.000185755896    0.000185755896
325    0.00884000026    0.000299041858    0.000299041858 0.000383599196    0.000239332643    0.000168407176    0.000168407176
335    0.00834000017    0.000354863005    0.000354863005 0.000446937018    0.000289580639    0.000213787047    0.000213787047
345    0.00911999959    0.000326952431    0.000326952431 0.000408962514    0.000268300384    0.000174437111    0.000174437111
355    0.0092000002    0.000470492552    0.000470492552 0.000574922597    0.000395592215    0.000305047084    0.000305047084
365    0.00815999974    0.000681815436    0.000681815436 0.000812209386    0.000588621653    0.000501914183    0.000501914183
375    0.00850000046    0.000809406687    0.000809406687 0.000963234808    0.000699705735    0.000613524346    0.000613524346
385    0.0092000002    0.000825355586    0.000825355586 0.000972892565    0.00072047679    0.000611766649    0.000611766649
395    0.00837999955    0.000897125632    0.000897125632 0.0010502307    0.000788567006    0.00066360028    0.00066360028
405    0.00884000026    0.00116426963    0.00116426963 0.00134794868    0.00103435712    0.000908061687    0.000908061687
415    0.00970000029    0.0012878736    0.0012878736 0.00148205063    0.00115080131    0.00100630289    0.00100630289
425    0.00837999955    0.00141945202    0.00141945202 0.00162780716    0.00127270108    0.00110917306    0.00110917306
435    0.00951999985    0.0015749539    0.0015749539 0.0017876185    0.00142541761    0.00123204943    0.00123204943
445    0.0091599999    0.00190988078    0.00190988078 0.00217536441    0.00172366714    0.00152956718    0.00152956718
455    0.00942000002    0.00200956129    0.00200956129 0.00225938717    0.00183474913    0.00158682326    0.00158682326
465    0.00970000029    0.00240429654    0.00240429654 0.00269070896    0.00220383471    0.00193245627    0.00193245627
475    0.0107000005    0.00243220711    0.00243220711 0.00271584583    0.00223361515    0.0019043294    0.0019043294
485    0.0104799997    0.0032615501    0.0032615501 0.00365966861    0.00298334355    0.00266774162    0.00266774162
495    0.0108000003    0.00312598445    0.00312598445 0.00348731549    0.0028738312    0.00245704036    0.00245704036
505    0.0107399998    0.00384368491    0.00384368491 0.00426974706    0.00354666938    0.00308591081    0.00308591081
515    0.0106800003    0.00426234351    0.00426234351 0.00475055492    0.00392270228    0.00340110622    0.00340110622
525    0.0117199998    0.00503586512    0.00503586512 0.00559192942    0.00464969175    0.00405263575    0.00405263575
535    0.0115    0.00546249794    0.00546249794 0.006081047    0.00503298268    0.00433604885    0.00433604885
545    0.0130200004    0.00635563675    0.00635563675 0.00706965616    0.00585969072    0.00505928788    0.00505928788
555    0.0131400004    0.0072208643    0.0072208643 0.00802092906    0.00666561164    0.00572346291    0.00572346291
565    0.01346    0.00830140244    0.00830140244 0.00923497323    0.00765459612    0.00656557223    0.00656557223
575    0.0132999998    0.00942978729    0.00942978729 0.0104699573    0.00870977715    0.00741191627    0.00741191627
585    0.0151199996    0.0108452514    0.0108452514 0.0120053208    0.0100427484    0.0084949322    0.0084949322
595    0.0165199991    0.0125996312    0.0125996312 0.0139227174    0.0116852261    0.00986108929    0.00986108929
605    0.0165999997    0.0144576775    0.0144576775 0.0159110278    0.0134549839    0.0112736924    0.0112736924
615    0.0183400009    0.0169696286    0.0169696286 0.0186152402    0.0158355124    0.0132882008    0.0132882008
625    0.0189599991    0.019413799    0.019413799 0.021217268    0.0181718078    0.0152045162    0.0152045162
635    0.0192200001    0.0221889075    0.0221889075 0.0241278671    0.020855125    0.0174662787    0.0174662787
645    0.0219400004    0.026216004    0.026216004 0.0282548722    0.0248153284    0.0210758187    0.0210758187
655    0.0225799996    0.0299839322    0.0299839322 0.0320879109    0.0285397153    0.0246522985    0.0246522985
665    0.0221200008    0.0330700427    0.0330700427 0.035092555    0.0316835754    0.0279398635    0.0279398635
675    0.0231400002    0.0375357345    0.0375357345 0.0394132659    0.0362501964    0.0331583358    0.0331583358
685    0.0235200003    0.0401473679    0.0401473679 0.0417285189    0.039065551    0.0371494591    0.0371494591
695    0.0228199996    0.0429145023    0.0429145023 0.0440984331    0.0421057381    0.0418086164    0.0418086164
705    0.0223999992    0.0435006246    0.0435006246 0.0430636704    0.0441413186    0.0444904044    0.0444904044
715    0.0208000001    0.0434248671    0.0434248671 0.0433097631    0.0435597338    0.0463104919    0.0463104919
725    0.0200599991    0.0421968028    0.0421968028 0.0416745655    0.0425520279    0.0464670733    0.0464670733
735    0.0179200005    0.0401792638    0.0401792638 0.0391002446    0.0409120321    0.0452110283    0.0452110283
745    0.0157999992    0.0373323858    0.0373323858 0.0357932784    0.0383759551    0.0425735749    0.0425735749
755    0.0141799999    0.0334767401    0.0334767401 0.0315800942    0.0347606316    0.0385367274    0.0385367274
765    0.0131000001    0.029700838    0.029700838 0.0275720693    0.0311400089    0.0343537517    0.0343537517
775    0.0112199998    0.0269337036    0.0269337036 0.024528658    0.028556766    0.0310807135    0.0310807135
785    0.00946000032    0.0242503025    0.0242503025 0.0217437167    0.0259382594    0.0278763492    0.0278763492
795    0.00722000003    0.0214074105    0.0214074105 0.0187780876    0.0231747739    0.024543209    0.024543209
805    0.0066399998    0.019278232    0.019278232 0.0166675635    0.0210301988    0.0219739433    0.0219739433
815    0.00609999988    0.0174361337    0.0174361337 0.0146927442    0.0192730799    0.0197484568    0.0197484568
825    0.00558000011    0.0152710713    0.0152710713 0.012733723    0.0169685148    0.0172557551    0.0172557551
835    0.00431999983    0.0139991464    0.0139991464 0.0112518324    0.0158310439    0.0157050136    0.0157050136
845    0.00386000006    0.0125557715    0.0125557715 0.0100380154    0.0142305931    0.0140266009    0.0140266009
855    0.00328000006    0.0114154248    0.0114154248 0.00869590417    0.0132220229    0.0126878973    0.0126878973
865    0.00273999991    0.0101395128    0.0101395128 0.00769519666    0.0117574483    0.0112449992    0.0112449992
875    0.00264000008    0.00973680336    0.00973680336 0.00693384558    0.0115874652    0.0107001849    0.0107001849
885    0.00231999997    0.00902707689    0.00902707689 0.00641699275    0.0107472353    0.00987045933    0.00987045933
895    0.00191999995    0.00795052666    0.00795052666 0.00537930476    0.00963902008    0.00869245455    0.00869245455
905    0.00176000001    0.00738035329    0.00738035329 0.00512651308    0.00885624345    0.00803518109    0.00803518109
915    0.00173999998    0.00671448698    0.00671448698 0.00432673516    0.00827522669    0.0072948914    0.0072948914
925    0.00144000002    0.0063357004    0.0063357004 0.00376305357    0.0080108894    0.00685179792    0.00685179792
935    0.00139999995    0.00582134817    0.00582134817 0.00362245063    0.00724925147    0.00628213724    0.00628213724
945    0.00106000004    0.00557015324    0.00557015324 0.00280725397    0.00736084953    0.00598270725    0.00598270725
955    0.00079999998    0.00527111115    0.00527111115 0.00313351536    0.00665179221    0.0056417766    0.0056417766
965    0.000780000002    0.00477669528    0.00477669528 0.00234151655    0.00634271698    0.00511106616    0.00511106616
975    0.000780000002    0.0045334748    0.0045334748 0.00242845924    0.00588250766    0.00483575556    0.00483575556
985    0.000679999997    0.00429025386    0.00429025386 0.00225560926    0.00559025491    0.00456432998    0.00456432998
995    0.000679999997    0.00392342918    0.00392342918 0.00191073818    0.00520600984    0.00417280151    0.00417280151
1005    0.000560000015    0.0037280554    0.0037280554 0.00181145396    0.00494564138    0.00395536656    0.00395536656
1015    0.000520000001    0.00362438755    0.00362438755 0.0016788441    0.00485644164    0.00383199775    0.00383199775
1025    0.00039999999    0.00330939679    0.00330939679 0.00125429872    0.00460642576    0.00349974516    0.00349974516
1035    0.00046000001    0.00320572895    0.00320572895 0.000720745069    0.00476825191    0.00338040688    0.00338040688
1045    0.000440000003    0.00299041881    0.00299041881 0.00120250974    0.00411037588    0.00315121398    0.00315121398
1055    0.000380000012    0.00281896791    0.00281896791 0    0.00496780453    0.00296725659    0.00296725659
1065    0.000180000003    0.00252391328    0.00252391328 0    0.00458101463    0.00266112154    0.00266112154
1075    0.000260000001    0.0026714406    0.0026714406 0.000663721061    0.00391351245    0.0027980844    0.0027980844
1085    0.000280000007    0.00251195161    0.00251195161 0    0.00414851541    0.00262942468    0.00262942468
1095    0.000339999999    0.00242024544    0.00242024544 0    0.00402006134    0.0025293259    0.0025293259
1105    0.000280000007    0.00242423266    0.00242423266 0.000602609245    0.00353612402    0.00252556452    0.00252556452
1115    0.000119999997    0.00210525468    0.00210525468 0.000796606764    0.00290046725    0.00219995948    0.00219995948
1125    0.000220000002    0.0021092419    0.0021092419 0    0.00352879055    0.00219749962    0.00219749962
1135    0.000239999994    0.00184608519    0.00184608519 0.000199327231    0.00283674663    0.00192880398    0.00192880398
1145    0.000159999996    0.00179026404    0.00179026404 0    0.00344056799    0.00186765788    0.00186765788
1155    0.000220000002    0.00181020016    0.00181020016 0.000311142678    0.00270350836    0.00188260991    0.00188260991
1165    0.000140000004    0.00173843012    0.00173843012 0    0.00455547543    0.00180637755    0.00180637755
1175    0.000119999997    0.00170254509    0.00170254509 0    0.00346433395    0.00176634174    0.00176634174
1185    5.99999985e-05    0.00156697945    0.00156697945 8.22689835e-05    0.00243799784    0.00162708457    0.00162708457
1195    0.000180000003    0.00161083892    0.00161083892 0.000138746022    0.00246997806    0.00166730583    0.00166730583
1205    0.000140000004    0.00147128606    0.00147128606 0    0.00315914094    0.00152462861    0.00152462861
1215    7.9999998e-05    0.00133970752    0.00133970752 0    0.00254108524    0.00139015808    0.00139015808
1225    0.000140000004    0.00141546479    0.00141546479 0    0.00226857956    0.00146296585    0.00146296585
1235    9.99999975e-05    0.00133970752    0.00133970752 0.000299079635    0.00193428609    0.00138466468    0.00138466468
1245    3.9999999e-05    0.00128388638    0.00128388638 0    0.0037108846    0.00132645713    0.00132645713
1255    5.99999985e-05    0.00137559255    0.00137559255 0    0.0132463332    0.00141574745    0.00141574745
1265    3.9999999e-05    0.00123603968    0.00123603968 0    0.00193568144    0.00127424393    0.00127424393
1275    3.9999999e-05    0.00111243571    0.00111243571 7.98421524e-07    0.0017340898    0.0011488098    0.0011488098
1285    0    0.00112439739    0.00112439739 0.000287617702    0.00158974191    0.0011588895    0.0011588895
1295    3.9999999e-05    0.00103269122    0.00103269122 0    0.00278544007    0.0010655605    0.0010655605
1305    7.9999998e-05    0.00114433351    0.00114433351 0    0.00202019559    0.00117541745    0.00117541745
1315    9.99999975e-05    0.000976870069    0.000976870069 0    0.00574051682    0.00100664538    0.00100664538
1325    7.9999998e-05    0.000877189508    0.000877189508 0.00016537917    0.0012641463    0.000905659283    0.000905659283
1335    1.99999995e-05    0.000913074531    0.000913074531 3.00905231e-05    0.00138997869    0.000940143829    0.000940143829
1345    3.9999999e-05    0.000960921228    0.000960921228 0    0.00189359777    0.000986654544    0.000986654544
1355    3.9999999e-05    0.000873202283    0.000873202283 0    0.00264482293    0.000897856546    0.000897856546
1365    0    0.000873202283    0.000873202283 0    0.00161268748    0.000896729005    0.000896729005
1375    0    0.000793457788    0.000793457788 0.00426768465    0    0.000816028449    0.000816028449
1385    1.99999995e-05    0.000817381137    0.000817381137 0    0.00167925213    0.0008389164    0.0008389164
1395    1.99999995e-05    0.000801432237    0.000801432237 0    0.00369850406    0.000822041417    0.000822041417
1405    1.99999995e-05    0.000737636641    0.000737636641 3.46810812e-05    0.00110144599    0.000757435977    0.000757435977
1415    1.99999995e-05    0.00069377711    0.00069377711 0    0.00114756497    0.000712788373    0.000712788373
1425    0    0.000649917638    0.000649917638 0    0.102627188    0.000668185938    0.000668185938
1435    1.99999995e-05    0.000689789886    0.000689789886 0    0.00182486244    0.000707244966    0.000707244966
1445    0    0.000598083716    0.000598083716 0    0.000970090914    0.000614941935    0.000614941935
1455    1.99999995e-05    0.000661879312    0.000661879312 0    0.00108147576    0.000677968783    0.000677968783
1465    0    0.000649917638    0.000649917638 0    0.00314139202    0.00066537474    0.00066537474
1475    1.99999995e-05    0.000637955964    0.000637955964 0    0.00180054479    0.000652813236    0.000652813236
1485    0    0.000554224243    0.000554224243 0.00392795959    0    0.000568608521    0.000568608521
1495    0    0.000502390321    0.000502390321 0    0.000871742144    0.000516287459    0.000516287459
1505    0    0.000590109266    0.000590109266 0    0.00100668683    0.000603358669    0.000603358669
1515    0    0.000494415872    0.000494415872 0.0249138884    0    0.000507289311    0.000507289311
1525    0    0.00051833922    0.00051833922 0    0.00104052294    0.000530699734    0.000530699734
1535    0    0.000514351996    0.000514351996 0.00234437827    0    0.000526259537    0.000526259537
1545    0    0.000414671405    0.000414671405 0    0.00232457626    0.000426275656    0.000426275656
1555    1.99999995e-05    0.000466505327    0.000466505327 0.00322124641    0    0.0004776227    0.0004776227
1565    0    0.000494415872    0.000494415872 0.002311385    0    0.000505097385    0.000505097385
1575    0    0.000430620305    0.000430620305 0    0.00370993884    0.000441006821    0.000441006821
1585    0    0.00041865863    0.00041865863 0    0.00066603662    0.000428697385    0.000428697385
1595    1.99999995e-05    0.000410684181    0.000410684181 0    0.000749666418    0.000420385681    0.000420385681
1605    1.99999995e-05    0.000382773607    0.000382773607 0.00563340867    0    0.000392179674    0.000392179674
1615    1.99999995e-05    0.000366824708    0.000366824708 0    0.00094954815    0.000375933509    0.000375933509
1625    0    0.000386760832    0.000386760832 0.00346134044    0    0.000395537587    0.000395537587
1635    0    0.000346888555    0.000346888555 0    0.000559414155    0.000355426455    0.000355426455
1645    0    0.000338914106    0.000338914106 0.00144535804    0    0.000347182358    0.000347182358
1655    0    0.000299041858    0.000299041858 0.00197325717    0    0.00030709483    0.00030709483
1665    1.99999995e-05    0.000314990757    0.000314990757 0    0.000509966398    0.000322764361    0.000322764361
1675    0    0.000314990757    0.000314990757 0    0.000511543069    0.000322516804    0.000322516804
1685    0    0.000299041858    0.000299041858 0    0.000486898614    0.000306351605    0.000306351605
1695    0    0.000354863005    0.000354863005 0    0.000578362145    0.000361869403    0.000361869403
1705    1.99999995e-05    0.000291067408    0.000291067408 0.00106949557    0    0.000297940045    0.000297940045
1715    0    0.00026714406    0.00026714406 0    0.000436837145    0.000273837883    0.000273837883
1725    0    0.000275118509    0.000275118509 0    0.000450274238    0.000281598739    0.000281598739
1735    0    0.000271131285    0.000271131285 0    0.00044436779    0.00027742167    0.00027742167
1745    0    0.000231259051    0.000231259051 0    0.000378981174    0.000237415123    0.000237415123
1755    0    0.00025916961    0.00025916961 0.000970332068    0    0.000265107315    0.000265107315
1765    0    0.000251195161    0.000251195161 0    0.000633232412    0.00025696939    0.00025696939
1775    0    0.000187399579    0.000187399579 0    0.000308532617    0.000193091677    0.000193091677
1785    0    0.000239233501    0.000239233501 0.0014060355    0    0.000244694209    0.000244694209
1795    0    0.000227271827    0.000227271827 0    0.000374209398    0.000232592662    0.000232592662
1805    0    0.000239233501    0.000239233501 0.000634130905    8.64033282e-05    0.000244387862    0.000244387862
1815    1.99999995e-05    0.000211322927    0.000211322927 0    0    0.000216369692    0.000216369692
1825    0    0.000211322927    0.000211322927 0.000566670438    7.54213397e-05    0.000216229673    0.000216229673
1835    0    0.000207335703    0.000207335703 0    0    0.00021211266    0.00021211266
1845    0    0.00017543789    0.00017543789 0.000479657378    6.13741577e-05    0.000180127186    0.000180127186
1855    0    0.000215310152    0.000215310152 0    0    0.000219819791    0.000219819791
1865    0    0.000159488991    0.000159488991 0    0    0.00016395183    0.00016395183
1875    0    0.000131578417    0.000131578417 0    0    0.000135961032    0.000135961032
1885    0    9.56934018e-05    9.56934018e-05 0.000269899348    3.24229732e-05    0.000100010409    0.000100010409
1895    0    0.000147527317    0.000147527317 0.000419345539    4.95874119e-05    0.000151664615    0.000151664615
1905    0    0.000147527317    0.000147527317 0    0    0.000151558153    0.000151558153
1915    1.99999995e-05    9.96806266e-05    9.96806266e-05 0    0    0.000103672734    0.000103672734
1925    0    0.000163476216    0.000163476216 0    0    0.000167282924    0.000167282924
1935    0    0.000151514541    0.000151514541 0.000444269186    4.93258049e-05    0.000155240807    0.000155240807
1945    0    0.000143540092    0.000143540092 0    0    0.0001471836    0.0001471836
1955    0    9.96806266e-05    9.96806266e-05 0    0    0.000103292528    0.000103292528
1965    0    0.000155501766    0.000155501766 0    0    0.000158950992    0.000158950992
1975    0    0.000143540092    0.000143540092 0.000434097165    4.52693384e-05    0.000146920385    0.000146920385
1985    0    0.000103667851    0.000103667851 0    0    0.000107019332    0.000107019332
1995    0    0.000151514541    0.000151514541 0    0    0.000154721885    0.000154721885
2005    0    0.000115629526    0.000115629526 0    0    0.00011880762    0.00011880762
2015    0    0.00011961675    0.00011961675 0    0    0.000122714351    0.000122714351
2025    0    0.000123603968    0.000123603968 0    0    0.00012662333    0.00012662333
2035    1.99999995e-05    9.96806266e-05    9.96806266e-05 0    0    0.000102661397    0.000102661397
2045    0    0.00011961675    0.00011961675 0    0    0.000122502082    0.000122502082
2055    0    9.1706177e-05    9.1706177e-05 0    0    9.45623397e-05    9.45623397e-05
2065    0    0.000103667851    0.000103667851 0    0    0.000106443222    0.000106443222
2075    0    7.97444955e-05    7.97444955e-05 0    0    8.24891467e-05    8.24891467e-05
2085    0    9.1706177e-05    9.1706177e-05 0    0    9.43736741e-05    9.43736741e-05
2095    0    6.37955964e-05    6.37955964e-05 0    0    6.6441251e-05    6.6441251e-05
2105    0    5.58211505e-05    5.58211505e-05 0    0    5.84198424e-05    5.84198424e-05
2115    0    8.7718945e-05    8.7718945e-05 0    0    9.02187167e-05    9.02187167e-05
2125    0    8.7718945e-05    8.7718945e-05 0    0    9.01642125e-05    9.01642125e-05
2135    0    7.17700459e-05    7.17700459e-05 0    0    7.41837284e-05    7.41837284e-05
2145    0    7.17700459e-05    7.17700459e-05 0    0    7.41321637e-05    7.41321637e-05
2155    0    5.58211505e-05    5.58211505e-05 0    0    5.81545428e-05    5.81545428e-05
2165    0    7.17700459e-05    7.17700459e-05 0    0    7.40332034e-05    7.40332034e-05
2175    0    9.1706177e-05    9.1706177e-05 0    0    9.38950543e-05    9.38950543e-05
2185    0    7.17700459e-05    7.17700459e-05 0    0    7.39394891e-05    7.39394891e-05
2195    0    6.77828211e-05    6.77828211e-05 0    0    6.99126103e-05    6.99126103e-05
2205    0    3.5885023e-05    3.5885023e-05 0    0    3.80138481e-05    3.80138481e-05
2215    0    9.1706177e-05    9.1706177e-05 0    0    9.37173099e-05    9.37173099e-05
2225    0    5.98083752e-05    5.98083752e-05 0    0    6.18208069e-05    6.18208069e-05
2235    0    4.78467009e-05    4.78467009e-05 0    0    4.98346963e-05    4.98346963e-05
2245    1.99999995e-05    4.38594725e-05    4.38594725e-05 0    0    4.58133691e-05    4.58133691e-05
2255    0    5.18339257e-05    5.18339257e-05 0    0    5.37386477e-05    5.37386477e-05
2265    0    4.38594725e-05    4.38594725e-05 0    0    4.57374263e-05    4.57374263e-05
2275    0    4.78467009e-05    4.78467009e-05 0    0    4.96827524e-05    4.96827524e-05
2285    0    3.18977982e-05    3.18977982e-05 0    0    3.37196507e-05    3.37196507e-05
2295    0    5.58211505e-05    5.58211505e-05 0    0    5.75761114e-05    5.75761114e-05
2305    0    2.39233505e-05    2.39233505e-05 0    0    2.56872809e-05    2.56872809e-05
2315    0    3.5885023e-05    3.5885023e-05 0    0    3.75998279e-05    3.75998279e-05
2325    0    2.79105752e-05    2.79105752e-05 0    0    2.96038397e-05    2.96038397e-05
2335    0    2.39233505e-05    2.39233505e-05 0    0    2.55905015e-05    2.55905015e-05
2345    0    4.78467009e-05    4.78467009e-05 0    0    4.9450995e-05    4.9450995e-05
2355    0    3.18977982e-05    3.18977982e-05 0    0    3.34935503e-05    3.34935503e-05
2365    0    2.39233505e-05    2.39233505e-05 0    0    2.55005489e-05    2.55005489e-05
2375    0    5.58211505e-05    5.58211505e-05 0    0    5.73269172e-05    5.73269172e-05
2385    0    1.99361239e-05    1.99361239e-05 0    0    2.14622087e-05    2.14622087e-05
2395    0    1.99361239e-05    1.99361239e-05 0    0    2.1434962e-05    2.1434962e-05
