5    0.00254000002    0    0 0    0    0    0
15    0.00653999997    0    0 0    0    0    0
25    0.0099200001    0    0 0    0    0    0
35    0.0120000001    0    0 0    0    0    0
45    0.0143600004    0    0 0    0    0    0
55    0.0153000001    0    0 0    0    0    0
65    0.0166599993    0    0 0    0    0    0
75    0.0169399995    0    0 0    0    0    0
85    0.01688    0    0 0    0    0    0
95    0.0167399999    0    0 0    0    0    0
105    0.0173000004    0    0 0    0    0    0
115    0.0165800005    0    0 0    0    0    0
125    0.0174400005    0    0 0    0    0    0
135    0.0166999996    0    0 0    0    0    0
145    0.0160799995    0    0 0    0    0    0
155    0.0161199998    0    0 0    0    0    0
165    0.0156599991    7.9677784e-06    7.9677784e-06 0    0    0    0
175    0.0162799992    3.9838892e-06    3.9838892e-06 0    0    0    0
185    0.0147399995    1.99194455e-05    1.99194455e-05 0    0    0    0
195    0.0148    1.59355568e-05    1.59355568e-05 0    0    0    0
205    0.0132200001    2.78872249e-05    2.78872249e-05 0    0    0    0
215    0.01406    1.59355568e-05    1.59355568e-05 2.25612912e-05    1.13214073e-05    0    0
225    0.0138600003    3.18711136e-05    3.18711136e-05 4.51773449e-05    2.25984004e-05    0    0
235    0.0125599997    2.78872249e-05    2.78872249e-05 3.9538827e-05    1.97527206e-05    0    0
245    0.0140000004    4.78066686e-05    4.78066686e-05 6.78517317e-05    3.38111968e-05    0    0
255    0.0133600002    8.76455597e-05    8.76455597e-05 0.000124304235    6.19995481e-05    0    0
265    0.01284    6.77261123e-05    6.77261123e-05 9.59527606e-05    4.79322698e-05    0    0
275    0.0127800005    0.000123500562    0.000123500562 0.000175189241    8.72520031e-05    0    0
285    0.0120400004    0.000151387794    0.000151387794 0.000214725005    0.000106885636    0    0
295    0.0124000004    0.000111548899    0.000111548899 0.00015829617    7.86830133e-05    0    0
305    0.0119200004    0.000123500562    0.000123500562 0.000175375098    8.70239601e-05    0    0
315    0.0115799997    0.000123500562    0.000123500562 0.000175241265    8.70527074e-05    0    0
325    0.0108000003    0.000131468347    0.000131468347 0.000186392688    9.26793218e-05    0    0
335    0.0107000005    0.000159355564    0.000159355564 0.000225288517    0.000112614689    0    0
345    0.0100199999    0.000219113906    0.000219113906 0.00030749166    0.000155887246    0    0
355    0.00977999996    0.000294807804    0.000294807804 0.000412937312    0.000210088401    0    0
365    0.00963999983    0.000306759466    0.000306759466 0.000431647903    0.00021749716    0    0
375    0.0109999999    0.000342614454    0.000342614454 0.000483701297    0.000242000155    0    0
385    0.0103799999    0.000442211691    0.000442211691 0.000626998313    0.00031086299    0    0
395    0.00989999995    0.000486034463    0.000486034463 0.000691426045    0.000340417493    1.4068617e-05    1.4068617e-05
405    0.00934000034    0.000561728375    0.000561728375 0.000801676128    0.000391997513    6.73680042e-05    6.73680042e-05
415    0.00989999995    0.000609535025    0.000609535025 0.000749784638    0.000510531943    9.17586294e-05    9.17586294e-05
425    0.0100600002    0.00064937392    0.00064937392 0.00079719146    0.000545262243    0.000106886291    0.000106886291
435    0.00946000032    0.000709132291    0.000709132291 0.000859163876    0.000603636785    0.000140284115    0.000140284115
445    0.00860000029    0.000733035617    0.000733035617 0.000891928619    0.000621584768    0.000136594172    0.000136594172
455    0.0078800004    0.00085653615    0.00085653615 0.00103140983    0.00073416438    0.000229900019    0.000229900019
465    0.00908000022    0.000872471719    0.000872471719 0.00104120094    0.000754380657    0.000214848071    0.000214848071
475    0.00841999985    0.0010836178    0.0010836178 0.00129045662    0.000938801561    0.000391273381    0.000391273381
485    0.00815999974    0.00107166613    0.00107166613 0.00129193091    0.000917747151    0.000344621774    0.000344621774
495    0.00791999977    0.00109158561    0.00109158561 0.00130750076    0.000940905593    0.000327347982    0.000327347982
505    0.00757999998    0.0013545223    0.0013545223 0.00159636408    0.00118592987    0.00054848165    0.00054848165
515    0.0077399998    0.00140232896    0.00140232896 0.00166888209    0.00121688773    0.000553971156    0.000553971156
525    0.00757999998    0.00163339451    0.00163339451 0.00193492463    0.00142399129    0.000738328032    0.000738328032
535    0.00837999955    0.00156168453    0.00156168453 0.00185910938    0.001355157    0.000619852042    0.000619852042
545    0.00716000004    0.00192820234    0.00192820234 0.00229012338    0.00167682243    0.000932463678    0.000932463678
555    0.00748000015    0.00195210567    0.00195210567 0.00230291486    0.00170862989    0.000902375497    0.000902375497
565    0.00725999987    0.0021592679    0.0021592679 0.00257186894    0.00187340239    0.00105035875    0.00105035875
575    0.00749999983    0.00216723559    0.00216723559 0.0025712701    0.00188755686    0.000997293973    0.000997293973
585    0.00730000017    0.00262139901    0.00262139901 0.00310678151    0.00228562974    0.00138234394    0.00138234394
595    0.00725999987    0.00251383404    0.00251383404 0.00297213299    0.00219708984    0.00120672223    0.00120672223
605    0.00686000008    0.00277677085    0.00277677085 0.00327681913    0.00243177125    0.00139375997    0.00139375997
615    0.00704000005    0.00295206183    0.00295206183 0.00347706466    0.00259024277    0.00148933963    0.00148933963
625    0.00728000002    0.00299986848    0.00299986848 0.00354335317    0.00262558996    0.00145377219    0.00145377219
635    0.00724000018    0.00319507904    0.00319507904 0.0038028413    0.00277700694    0.00155918708    0.00155918708
645    0.00700000022    0.00340622524    0.00340622524 0.00394997234    0.00303267036    0.00167516025    0.00167516025
655    0.00677999994    0.00372095243    0.00372095243 0.00435000798    0.00328915613    0.00188838283    0.00188838283
665    0.00659999996    0.0040914542    0.0040914542 0.00479311123    0.00361043634    0.0021514059    0.0021514059
675    0.00662000012    0.00455756905    0.00455756905 0.00526115298    0.00407583732    0.00250368286    0.00250368286
685    0.00657999981    0.00476871524    0.00476871524 0.00554741407    0.00423594331    0.00259796926    0.00259796926
695    0.00638000015    0.00496790977    0.00496790977 0.00579877198    0.00440037297    0.00267522549    0.00267522549
705    0.00680000009    0.00521092722    0.00521092722 0.00601919182    0.00465969928    0.00279106293    0.00279106293
715    0.00620000018    0.0055694771    0.0055694771 0.00654674834    0.00490365084    0.00301707536    0.00301707536
725    0.00636    0.00621088315    0.00621088315 0.00722084567    0.00552383391    0.00351982052    0.00351982052
735    0.00639999984    0.00688017672    0.00688017672 0.00799936894    0.00612011971    0.00404777983    0.00404777983
745    0.00636    0.00706741959    0.00706741959 0.00814828277    0.00633454369    0.0040971851    0.0040971851
755    0.00596000021    0.00748572778    0.00748572778 0.00868297368    0.00667527225    0.00437636068    0.00437636068
765    0.00650000013    0.00815900508    0.00815900508 0.00944081228    0.00729244249    0.0049112984    0.0049112984
775    0.00638000015    0.0087008141    0.0087008141 0.0101363556    0.00773202023    0.00532199861    0.00532199861
785    0.00612000003    0.00912708975    0.00912708975 0.0105168112    0.00819123164    0.00562767871    0.00562767871
795    0.00704000005    0.00963702798    0.00963702798 0.0111779254    0.00860129017    0.00602973439    0.00602973439
805    0.00627999986    0.010413886    0.010413886 0.0119526247    0.00938134454    0.00671440363    0.00671440363
815    0.00650000013    0.0110871634    0.0110871634 0.0127601186    0.00996695552    0.00731991185    0.00731991185
825    0.00603999989    0.0116130365    0.0116130365 0.0131852711    0.0105612334    0.00780863641    0.00780863641
835    0.00651999982    0.0130591886    0.0130591886 0.0149236992    0.0118159344    0.00924448296    0.00924448296
845    0.00558000011    0.0136328684    0.0136328684 0.015362422    0.0124823479    0.00985762756    0.00985762756
855    0.00632000016    0.0147842122    0.0147842122 0.0167507026    0.0134778777    0.0110907722    0.0110907722
865    0.00585999992    0.0156128611    0.0156128611 0.017470954    0.0143829901    0.0120573342    0.0120573342
875    0.00636    0.0160710085    0.0160710085 0.017987771    0.0148054752    0.0127142314    0.0127142314
885    0.00594000006    0.0169833191    0.0169833191 0.0188273881    0.0157679841    0.0138810845    0.0138810845
895    0.00558000011    0.0175410639    0.0175410639 0.0193459187    0.0163558591    0.0147571303    0.0147571303
905    0.00537999999    0.0185808595    0.0185808595 0.0201958902    0.017523285    0.0161690526    0.0161690526
915    0.00573999994    0.0194453634    0.0194453634 0.0210598949    0.0183899943    0.0174605772    0.0174605772
925    0.00543999998    0.0204532873    0.0204532873 0.0219943393    0.0194497965    0.0189394783    0.0189394783
935    0.00487999991    0.0208277721    0.0208277721 0.0220928136    0.0200062804    0.0198254343    0.0198254343
945    0.00480000023    0.0213217754    0.0213217754 0.0224790629    0.0205716938    0.0208515208    0.0208515208
955    0.00461999979    0.021313807    0.021313807 0.0207759831    0.0221463554    0.0213877112    0.0213877112
965    0.00549999997    0.0214213729    0.0214213729 0.0210172851    0.0220496804    0.0220309515    0.0220309515
975    0.00461999979    0.0220149718    0.0220149718 0.0217850301    0.0223737359    0.0231339857    0.0231339857
985    0.00436000014    0.022070745    0.022070745 0.0220156945    0.0221568644    0.0236695874    0.0236695874
995    0.00475999992    0.0214492586    0.0214492586 0.0212548394    0.0215731226    0.0234889351    0.0234889351
1005    0.00424000015    0.0207002889    0.0207002889 0.0202499758    0.0209863354    0.02312872    0.02312872
1015    0.0037    0.0214651953    0.0214651953 0.020712221    0.0219420344    0.0242100041    0.0242100041
1025    0.00427999999    0.0206724014    0.0206724014 0.0196199864    0.021336535    0.023687603    0.023687603
1035    0.00337999989    0.0198995266    0.0198995266 0.0185230356    0.0207649916    0.0231249221    0.0231249221
1045    0.00350000011    0.0193178784    0.0193178784 0.0178183094    0.0202571824    0.022694299    0.022694299
1055    0.0030400001    0.0182103571    0.0182103571 0.0161548555    0.019492805    0.0216895752    0.0216895752
1065    0.00288000004    0.0178398564    0.0178398564 0.0155872116    0.019239733    0.0213673171    0.0213673171
1075    0.00298000011    0.016947465    0.016947465 0.0147566181    0.0183027722    0.0204863586    0.0204863586
1085    0.00277999998    0.0164454952    0.0164454952 0.0138706239    0.0180315301    0.0199567974    0.0199567974
1095    0.00270000007    0.0158319753    0.0158319753 0.0130539136    0.0175356977    0.0192874689    0.0192874689
1105    0.00209999993    0.0149316164    0.0149316164 0.0122988597    0.0165385697    0.0183105133    0.0183105133
1115    0.00212000008    0.0142224841    0.0142224841 0.0116793662    0.0157674588    0.0175048336    0.0175048336
1125    0.00218000007    0.0134416418    0.0134416418 0.0103921965    0.0152853047    0.0166146141    0.0166146141
1135    0.00182    0.0128121879    0.0128121879 0.00976504199    0.0146455513    0.0158649404    0.0158649404
1145    0.00152000005    0.0119237807    0.0119237807 0.00856750458    0.0139332125    0.0148527119    0.0148527119
1155    0.00165999995    0.0111389542    0.0111389542 0.00824543647    0.0128628891    0.0139399376    0.0139399376
1165    0.00144000002    0.0106051126    0.0106051126 0.00686916756    0.0128196785    0.0132749621    0.0132749621
1175    0.00150000001    0.0102107078    0.0102107078 0.00651512202    0.0123906648    0.0127491113    0.0127491113
1185    0.00104    0.0101629011    0.0101629011 0.00692558801    0.0120622516    0.0125690512    0.0125690512
1195    0.00135999999    0.0092705097    0.0092705097 0.00608980609    0.0111270249    0.0115557518    0.0115557518
1205    0.0013    0.00886813737    0.00886813737 0.00513997255    0.011033088    0.0110321986    0.0110321986
1215    0.00101999997    0.00843389332    0.00843389332 0.00488365581    0.0104849823    0.0104819043    0.0104819043
1225    0.000859999971    0.00794785842    0.00794785842 0.00473269494    0.00979500264    0.0098854918    0.0098854918
1235    0.000839999993    0.0078283418    0.0078283418 0.0049138898    0.00949391723    0.00965758134    0.00965758134
1245    0.00101999997    0.00697180582    0.00697180582 0.00296953972    0.00924640801    0.00870497338    0.00870497338
1255    0.000839999993    0.00690009585    0.00690009585 0.00201605959    0.00966126751    0.00853535067    0.00853535067
1265    0.000679999997    0.0064499164    0.0064499164 0.00347472751    0.00812278036    0.00799614657    0.00799614657
1275    0.000679999997    0.00631844811    0.00631844811 0.00334937801    0.00797877647    0.00777791953    0.00777791953
1285    0.00046000001    0.0059519303    0.0059519303 0.00335176312    0.00739794364    0.00733187841    0.00733187841
1295    0.000500000024    0.00543004088    0.00543004088 0.001741744    0.00746973418    0.0067367591    0.0067367591
1305    0.000500000024    0.00539020216    0.00539020216 0.00222328259    0.00713106757    0.00662383623    0.00662383623
1315    0.00046000001    0.00509141013    0.00509141013 0.000635546457    0.0075268154    0.00625876524    0.00625876524
1325    0.00046000001    0.00504758768    0.00504758768 0.00250408123    0.00642997026    0.00615045847    0.00615045847
1335    0.000600000028    0.00490815146    0.00490815146 0.00221682922    0.00636190455    0.00595135987    0.00595135987
1345    0.000380000012    0.00446195574    0.00446195574 0.00124642183    0.00618834374    0.00545205921    0.00545205921
1355    0.000180000003    0.00444203662    0.00444203662 0.000123653677    0.00674698828    0.00537855597    0.00537855597
1365    0.000280000007    0.00409942213    0.00409942213 0.00110390445    0.00568905752    0.00498862704    0.00498862704
1375    0.000319999992    0.00400380837    0.00400380837 0    0.00908657257    0.00484646996    0.00484646996
1385    0.000280000007    0.00378071074    0.00378071074 0.000595311692    0.00544947432    0.00458088564    0.00458088564
1395    0.000199999995    0.00358948414    0.00358948414 0    0.0058883545    0.0043495642    0.0043495642
1405    0.000199999995    0.00325882132    0.00325882132 0.00116617407    0.00434172386    0.00398261659    0.00398261659
1415    0.000119999997    0.00325085362    0.00325085362 0.00090595783    0.00445649307    0.00393771473    0.00393771473
1425    0.000180000003    0.00320703071    0.00320703071 0    0.00589787913    0.00385948829    0.00385948829
1435    0.000199999995    0.0029281585    0.0029281585 0    0.00470728707    0.00355045055    0.00355045055
1445    0.000220000002    0.00285644853    0.00285644853 0.000558834174    0.00401512347    0.00344856805    0.00344856805
1455    0.000220000002    0.00256960839    0.00256960839 0.000464625453    0.0036244588    0.00313534751    0.00313534751
1465    0.000140000004    0.00259351195    0.00259351195 0    0.00411680434    0.00313165784    0.00313165784
1475    0.000119999997    0.00256960839    0.00256960839 0    0.00427072076    0.00308217155    0.00308217155
1485    7.9999998e-05    0.0023345591    0.0023345591 0    0.00678696483    0.00282496656    0.00282496656
1495    0.000239999994    0.00224292953    0.00224292953 0.00475322641    0.00102048821    0.00271121715    0.00271121715
1505    0.000260000001    0.00226683286    0.00226683286 0.00481991144    0.00102780864    0.00271320739    0.00271320739
1515    7.9999998e-05    0.00213934854    0.00213934854 0.00458807265    0.00096140086    0.00256641582    0.00256641582
1525    0.000119999997    0.00195608963    0.00195608963 0.00421551242    0.000874660327    0.00236549019    0.00236549019
1535    5.99999985e-05    0.0020636546    0.0020636546 0.00447760383    0.000916283345    0.0024537358    0.0024537358
1545    9.99999975e-05    0.00187641184    0.00187641184 0.00411330117    0.000824324379    0.0022508984    0.0022508984
1555    3.9999999e-05    0.00188039569    0.00188039569 0.00413622661    0.000823146489    0.00223843311    0.00223843311
1565    9.99999975e-05    0.00171705626    0.00171705626 0.00381041993    0.000744805322    0.00206106482    0.00206106482
1575    0.000140000004    0.00148599071    0.00148599071 0.00331420638    0.000641232182    0.00181741174    0.00181741174
1585    5.99999985e-05    0.0016692495    0.0016692495 0    0    0.00198499369    0.00198499369
1595    3.9999999e-05    0.00160949118    0.00160949118 0.00365307066    0.000682104845    0.00191253307    0.00191253307
1605    0.000119999997    0.00150192622    0.00150192622 0.00342090637    0.000634205702    0.00179338246    0.00179338246
1615    1.99999995e-05    0.00151786173    0.00151786173 0.00349394185    0.000633947493    0.00179721648    0.00179721648
1625    9.99999975e-05    0.00145013561    0.00145013561 0.00335003692    0.000603466819    0.00171876082    0.00171876082
1635    0.000119999997    0.00127484452    0.00127484452 0    0    0.00153429946    0.00153429946
1645    0    0.00136647397    0.00136647397 0.00320775737    0.000559298322    0.00161480403    0.00161480403
1655    1.99999995e-05    0.00123500568    0.00123500568 0.00292529818    0.000500812777    0.00147478073    0.00147478073
1665    7.9999998e-05    0.00120711839    0.00120711839 0    0    0.00143784331    0.00143784331
1675    1.99999995e-05    0.00113939226    0.00113939226 0    0    0.00136187801    0.00136187801
1685    7.9999998e-05    0.00116329559    0.00116329559 0    0    0.00137710629    0.00137710629
1695    1.99999995e-05    0.000948165602    0.000948165602 0    0    0.00115591602    0.00115591602
1705    3.9999999e-05    0.00101589179    0.00101589179 0.00248980988    0.000397714233    0.00121532299    0.00121532299
1715    1.99999995e-05    0.000924262276    0.000924262276 0    0    0.00111720618    0.00111720618
1725    3.9999999e-05    0.000991988345    0.000991988345 0    0    0.00117729465    0.00117729465
1735    0    0.000904342858    0.000904342858 0    0    0.00108376902    0.00108376902
1745    3.9999999e-05    0.000920278369    0.000920278369 0    0    0.0010931578    0.0010931578
1755    1.99999995e-05    0.000880439475    0.000880439475 0.00223747548    0.000332053489    0.00104757131    0.00104757131
1765    5.99999985e-05    0.000768890604    0.000768890604 0.00197639456    0.000286600349    0.000931207091    0.000931207091
1775    1.99999995e-05    0.000780842267    0.000780842267 0    0    0.000937447243    0.000937447243
1785    1.99999995e-05    0.000808729499    0.000808729499 0.00211074622    0.000296748156    0.000959713536    0.000959713536
1795    0    0.000725067803    0.000725067803 0    0    0.000871694414    0.000871694414
1805    0    0.000725067803    0.000725067803 0.00192192092    0.000261871523    0.000866774004    0.000866774004
1815    1.99999995e-05    0.000744987279    0.000744987279 0    0    0.00088179193    0.00088179193
1825    0    0.000633438351    0.000633438351 0.00169858837    0.00022607483    0.000766757468    0.000766757468
1835    0    0.000677261152    0.000677261152 0    0    0.000805834483    0.000805834483
1845    1.99999995e-05    0.000621486688    0.000621486688 0.00169918011    0.0002174166    0.000746415113    0.000746415113
1855    1.99999995e-05    0.000581647793    0.000581647793 0    0    0.000702949706    0.000702949706
1865    0    0.000613518932    0.000613518932 0    0    0.000730686064    0.000730686064
1875    0    0.000597583363    0.000597583363 0    0    0.000711210945    0.000711210945
1885    3.9999999e-05    0.000490018341    0.000490018341 0.00138207537    0.000166029262    0.000601101783    0.000601101783
1895    1.99999995e-05    0.000446195598    0.000446195598 0.00126830756    0.000149976477    0.000554279075    0.000554279075
1905    0    0.000501970062    0.000501970062 0    0    0.000606258109    0.000606258109
1915    0    0.000557744468    0.000557744468 0    0    0.000658361358    0.000658361358
1925    0    0.000450179476    0.000450179476 0    0    0.000548762211    0.000548762211
1935    1.99999995e-05    0.000466115045    0.000466115045 0.00136673707    0.000151744578    0.000561628724    0.000561628724
1945    1.99999995e-05    0.000482050586    0.000482050586 0    0    0.000574603153    0.000574603153
1955    0    0.000442211691    0.000442211691 0    0    0.000532424834    0.000532424834
1965    7.9999998e-05    0.000330662791    0.000330662791 0    0    0.000419301621    0.000419301621
1975    0    0.000306759466    0.000306759466 0.000927707937    9.6744996e-05    0.000393103343    0.000393103343
1985    0    0.00039440504    0.00039440504 0    0    0.000477506954    0.000477506954
1995    0    0.000366517808    0.000366517808 0    0    0.000447537925    0.000447537925
2005    0    0.000422292243    0.000422292243 0    0    0.000500535127    0.000500535127
2015    0    0.000334646698    0.000334646698 0    0    0.000411524437    0.000411524437
2025    0    0.000306759466    0.000306759466 0    0    0.000381791993    0.000381791993
2035    0    0.000338630576    0.000338630576 0    0    0.000411334593    0.000411334593
2045    0    0.000346598361    0.000346598361 0    0    0.000417265313    0.000417265313
2055    0    0.000247001124    0.000247001124 0    0    0.000316697289    0.000316697289
2065    0    0.000266920571    0.000266920571 0    0    0.000334598502    0.000334598502
2075    0    0.000254968909    0.000254968909 0    0    0.000320985826    0.000320985826
2085    0    0.000247001124    0.000247001124 0    0    0.000311378564    0.000311378564
2095    0    0.000187242797    0.000187242797 0    0    0.000250518293    0.000250518293
2105    1.99999995e-05    0.000258952787    0.000258952787 0    0    0.000319958082    0.000319958082
2115    0    0.000227081677    0.000227081677 0    0    0.000286831404    0.000286831404
2125    0    0.000223097799    0.000223097799 0    0    0.000281382381    0.000281382381
2135    0    0.000231065569    0.000231065569 0    0    0.000287821691    0.000287821691
2145    1.99999995e-05    0.000163339457    0.000163339457 0    0    0.000219316615    0.000219316615
2155    0    0.000215130014    0.000215130014 0    0    0.000269261276    0.000269261276
2165    0    0.000215130014    0.000215130014 0    0    0.000267939235    0.000267939235
2175    0    0.000187242797    0.000187242797 0    0    0.000239029978    0.000239029978
2185    0    0.000159355564    0.000159355564 0    0    0.000210159982    0.000210159982
2195    0    0.000187242797    0.000187242797 0    0    0.000236583728    0.000236583728
2205    0    0.000135452225    0.000135452225 0    0    0.000184106728    0.000184106728
2215    0    0.000147403902    0.000147403902 0    0    0.000194814391    0.000194814391
2225    0    0.000111548899    0.000111548899 0    0    0.00015819355    0.00015819355
2235    0    0.000143420009    0.000143420009 0    0    0.000188701699    0.000188701699
2245    0    0.000155371672    0.000155371672 0    0    0.000199506874    0.000199506874
2255    0    0.000131468347    0.000131468347 0    0    0.00017482054    0.00017482054
2265    0    0.000151387794    0.000151387794 0    0    0.000193578686    0.000193578686
2275    0    0.000139436117    0.000139436117 0    0    0.00018079007    0.00018079007
2285    1.99999995e-05    0.000143420009    0.000143420009 0    0    0.000183815937    0.000183815937
2295    0    0.000107565007    0.000107565007 0    0    0.000147399362    0.000147399362
2305    0    0.000123500562    0.000123500562 0    0    0.000162317097    0.000162317097
2315    0    0.000139436117    0.000139436117 0    0    0.000177259149    0.000177259149
2325    0    9.95972296e-05    9.95972296e-05 0    0    0.000136968752    0.000136968752
2335    0    8.76455597e-05    8.76455597e-05 0    0    0.000124329017    0.000124329017
2345    0    0.000107565007    0.000107565007 0    0    0.000143286015    0.000143286015
2355    0    0.000107565007    0.000107565007 0    0    0.000142529927    0.000142529927
2365    0    0.000123500562    0.000123500562 0    0    0.000157581744    0.000157581744
2375    0    0.000103581115    0.000103581115 0    0    0.000137131618    0.000137131618
2385    0    0.000107565007    0.000107565007 0    0    0.000140381759    0.000140381759
2395    0    0.000131468347    0.000131468347 0    0    0.00016338467    0.00016338467
