5    0.00113999995    0    0 0    0    0    0
15    0.00301999995    0    0 0    0    0    0
25    0.00473999977    0    0 0    0    0    0
35    0.00620000018    0    0 0    0    0    0
45    0.00743999984    0    0 0    0    0    0
55    0.00767999981    0    0 0    0    0    0
65    0.00789999962    0    0 0    0    0    0
75    0.0091599999    0    0 0    0    0    0
85    0.00898000039    0    0 0    0    0    0
95    0.00846000016    0    0 0    0    0    0
105    0.00960000046    0    0 0    0    0    0
115    0.00975999981    0    0 0    0    0    0
125    0.00875999965    0    0 0    0    0    0
135    0.00769999996    0    0 0    0    0    0
145    0.00850000046    0    0 0    0    0    0
155    0.00860000029    0    0 0    0    0    0
165    0.00922000036    3.55755401e-06    3.55755401e-06 3.55755401e-06    3.55755401e-06    0    0
175    0.00850000046    7.11510802e-06    7.11510802e-06 7.11510802e-06    7.11510802e-06    0    0
185    0.00836000033    1.4230216e-05    1.4230216e-05 1.4230216e-05    1.4230216e-05    0    0
195    0.00860000029    1.4230216e-05    1.4230216e-05 1.4230216e-05    1.4230216e-05    0    0
205    0.00889999978    3.20179861e-05    3.20179861e-05 3.20179861e-05    3.20179861e-05    0    0
215    0.00796000008    6.75935298e-05    6.75935298e-05 9.4541916e-05    4.88385231e-05    2.98938812e-05    2.98938812e-05
225    0.0077399998    6.75935298e-05    6.75935298e-05 9.4028881e-05    4.91825849e-05    2.68665081e-05    2.68665081e-05
235    0.00851999968    7.11510802e-05    7.11510802e-05 9.86788218e-05    5.19490277e-05    2.70631426e-05    2.70631426e-05
245    0.00827999972    0.00013874461    0.00013874461 0.000192543186    0.000101179496    9.08788788e-05    9.08788788e-05
255    0.0088200001    0.000120956836    0.000120956836 0.000166234007    8.92856115e-05    6.89336957e-05    6.89336957e-05
265    0.00827999972    0.000177877708    0.000177877708 0.000242543756    0.000132540896    0.000121155732    0.000121155732
275    0.00820000004    0.000217010805    0.000217010805 0.00028840598    0.000166937258    0.000155029891    0.000155029891
285    0.00851999968    0.00027748922    0.00027748922 0.000369149697    0.000213113002    0.000209575956    0.000209575956
295    0.0080199996    0.000291719451    0.000291719451 0.00038264491    0.000227805707    0.000217135239    0.000217135239
305    0.00832000002    0.000441136712    0.000441136712 0.000570762029    0.000349974871    0.000358904334    0.000358904334
315    0.00767999981    0.000448251812    0.000448251812 0.000570880657    0.000361833605    0.000357410201    0.000357410201
325    0.00763999997    0.000490942446    0.000490942446 0.000618376886    0.000400952616    0.000390235626    0.000390235626
335    0.00858000014    0.000651032431    0.000651032431 0.000804981566    0.000541890797    0.000538927503    0.000538927503
345    0.00803999975    0.000679492834    0.000679492834 0.000812665618    0.000584226858    0.000554331811    0.000554331811
355    0.00820000004    0.000768431695    0.000768431695 0.000911545823    0.000665787084    0.000628096284    0.000628096284
365    0.00827999972    0.00104947842    0.00104947842 0.00123189588    0.000919106358    0.000891344156    0.000891344156
375    0.00879999995    0.00125225901    0.00125225901 0.00144347455    0.00111589173    0.00107333483    0.00107333483
385    0.00870000012    0.00144792453    0.00144792453 0.00165756454    0.00129889732    0.00124450459    0.00124450459
395    0.00968000013    0.0018712735    0.0018712735 0.00213090423    0.00168718165    0.00163865625    0.00163865625
405    0.0106199998    0.00226616208    0.00226616208 0.00256087957    0.00205770065    0.00199870998    0.00199870998
415    0.0109200003    0.00261480222    0.00261480222 0.00293367589    0.00238970341    0.00230547762    0.00230547762
425    0.01076    0.00271085626    0.00271085626 0.00302487635    0.00248968392    0.00235090544    0.00235090544
435    0.0104599996    0.0034935181    0.0034935181 0.00388904545    0.00321540353    0.00307118776    0.00307118776
445    0.0117800003    0.00407695724    0.00407695724 0.00451650331    0.00376866502    0.00357781397    0.00357781397
455    0.0123399999    0.00472443178    0.00472443178 0.00522483047    0.00437428895    0.00412955787    0.00412955787
465    0.0128600001    0.00577035267    0.00577035267 0.00635469798    0.00536137028    0.00505477609    0.00505477609
475    0.0142799998    0.00680560106    0.00680560106 0.00746996654    0.00634044642    0.00593662588    0.00593662588
485    0.0159799997    0.00829265825    0.00829265825 0.00910513941    0.00772490539    0.00722639216    0.00722639216
495    0.0167599991    0.00946665183    0.00946665183 0.0103682159    0.00883750338    0.0081447307    0.0081447307
505    0.0174599998    0.0117043527    0.0117043527 0.0127789294    0.0109552564    0.0100473417    0.0100473417
515    0.0216000006    0.0145254936    0.0145254936 0.0158514343    0.0136030698    0.0124276374    0.0124276374
525    0.0232200008    0.0176703706    0.0176703706 0.0191725101    0.0166271776    0.0149934869    0.0149934869
535    0.0242199991    0.0213986877    0.0213986877 0.0231358651    0.0201924145    0.0179714281    0.0179714281
545    0.0280600004    0.0269662607    0.0269662607 0.0289672073    0.0255764257    0.0226028636    0.0226028636
555    0.0326200016    0.0332702473    0.0332702473 0.0354994461    0.0317231715    0.0278441198    0.0278441198
565    0.0347199999    0.0410221554    0.0410221554 0.0433687493    0.0393963568    0.0346470922    0.0346470922
575    0.0379600003    0.0498626791    0.0498626791 0.0521611422    0.0482716337    0.0432211533    0.0432211533
585    0.0404400006    0.0580557249    0.0580557249 0.0599846169    0.0567213558    0.0526794754    0.0526794754
595    0.0402799994    0.0653380379    0.0653380379 0.0666193739    0.0644524395    0.0631939322    0.0631939322
605    0.0389400013    0.0664728954    0.0664728954 0.0662425905    0.0668066144    0.0685363188    0.0685363188
615    0.035459999    0.0644237474    0.0644237474 0.0637571961    0.0648830906    0.0697250217    0.0697250217
625    0.03046    0.0589557849    0.0589557849 0.0574201532    0.0600133054    0.065530695    0.065530695
635    0.0246600006    0.0509619638    0.0509619638 0.0488206223    0.052434992    0.0572807156    0.0572807156
645    0.0216799993    0.0424380638    0.0424380638 0.0399956591    0.0441159643    0.0478178412    0.0478178412
655    0.0178800002    0.0363439731    0.0363439731 0.0336531028    0.0381910577    0.0406686142    0.0406686142
665    0.0152599998    0.0299297031    0.0299297031 0.0272222664    0.031785693    0.0333255418    0.0333255418
675    0.0115    0.0255503543    0.0255503543 0.0228439979    0.0274033677    0.0282007791    0.0282007791
685    0.00944000017    0.0211674478    0.0211674478 0.0186055154    0.0229202751    0.0232434534    0.0232434534
695    0.00694000022    0.017666813    0.017666813 0.0152229108    0.0193362199    0.0193058457    0.0193058457
705    0.00609999988    0.0157172736    0.0157172736 0.0132536106    0.0173974708    0.0170237795    0.0170237795
715    0.00481999991    0.013529378    0.013529378 0.0112419883    0.0150878532    0.0145822857    0.0145822857
725    0.00481999991    0.0117150256    0.0117150256 0.00954430737    0.0131916683    0.0125726629    0.0125726629
735    0.00350000011    0.010028745    0.010028745 0.00806255452    0.011364039    0.0107346503    0.0107346503
745    0.00306000002    0.00919627771    0.00919627771 0.00722642662    0.0105319396    0.00978262909    0.00978262909
755    0.00233999989    0.00812545326    0.00812545326 0.0061529926    0.00946067274    0.00861712731    0.00861712731
765    0.00224000006    0.00749220885    0.00749220885 0.0055469512    0.00880733971    0.00790781435    0.00790781435
775    0.00147999998    0.00662060827    0.00662060827 0.00480647152    0.00784488022    0.00697484659    0.00697484659
785    0.00132000004    0.00595890312    0.00595890312 0.00421946263    0.00713024149    0.00626297947    0.00626297947
795    0.00127999997    0.00540392473    0.00540392473 0.00365941203    0.00657653995    0.00566668157    0.00566668157
805    0.00120000006    0.00494144252    0.00494144252 0.00331497425    0.00603295257    0.00516988942    0.00516988942
815    0.000899999985    0.00464616576    0.00464616576 0.00305416738    0.00571219204    0.00484585529    0.00484585529
825    0.000880000007    0.00429396797    0.00429396797 0.00251091388    0.00548679801    0.00446949666    0.00446949666
835    0.000620000006    0.00399869075    0.00399869075 0.00250990083    0.00499130879    0.00415373454    0.00415373454
845    0.000699999975    0.00368918362    0.00368918362 0.00215048785    0.00471273344    0.00382679026    0.00382679026
855    0.000620000006    0.00347573031    0.00347573031 0.00171608932    0.00464471523    0.00359834777    0.00359834777
865    0.000440000003    0.00304170884    0.00304170884 0.00156768493    0.00401739217    0.00315155322    0.00315155322
875    0.000360000005    0.00294209714    0.00294209714 0.00137498835    0.00397680141    0.00304070255    0.00304070255
885    0.000479999988    0.002760662    0.002760662 0.0011110967    0.00384782464    0.00284953928    0.00284953928
895    0.00039999999    0.00260768714    0.00260768714 0.00112433441    0.00358165451    0.00268805306    0.00268805306
905    0.000339999999    0.0023444281    0.0023444281 0.00100281741    0.00322295842    0.00241739862    0.00241739862
915    0.000199999995    0.00215587788    0.00215587788 0.000800004578    0.00304200384    0.00222230144    0.00222230144
925    0.00039999999    0.00207761163    0.00207761163 0.00056525541    0.00306232972    0.00213818788    0.00213818788
935    0.000119999997    0.00193175185    0.00193175185 0    0.0032862185    0.0019871823    0.0019871823
945    0.000280000007    0.00199934538    0.00199934538 0.000617095619    0.00289520668    0.00205007079    0.00205007079
955    0.000140000004    0.00187838858    0.00187838858 0.000243619143    0.00293429918    0.00192501943    0.00192501943
965    0.000119999997    0.00175743178    0.00175743178 0.000520595757    0.00255285855    0.00180040032    0.00180040032
975    0.000180000003    0.00164359005    0.00164359005 0.000144912236    0.00260405964    0.00168326951    0.00168326951
985    5.99999985e-05    0.00148350012    0.00148350012 0.000100335579    0.00236722827    0.00152025023    0.00152025023
995    0.000119999997    0.00146571232    0.00146571232 5.26212571e-05    0.00236626039    0.00149973761    0.00149973761
1005    5.99999985e-05    0.00129494967    0.00129494967 0    0.00281436672    0.00132660137    0.00132660137
1015    0.000140000004    0.00134119787    0.00134119787 0    0.00230506738    0.0013705712    0.0013705712
1025    1.99999995e-05    0.00125225901    0.00125225901 0    0.00207198411    0.00127963931    0.00127963931
1035    5.99999985e-05    0.0013056224    0.0013056224 0    0.00246867514    0.00133110257    0.00133110257
1045    0.000119999997    0.00114553247    0.00114553247 0    0.0021109425    0.00116940436    0.00116940436
1055    7.9999998e-05    0.00109928427    0.00109928427 0    0.00227631442    0.00112162228    0.00112162228
1065    0.000119999997    0.00114909001    0.00114909001 0    0.0022154795    0.00116996455    0.00116996455
1075    1.99999995e-05    0.000889388553    0.000889388553 0    0.00183615717    0.000909105293    0.000909105293
1085    3.9999999e-05    0.000921406492    0.000921406492 0    0.00201070355    0.000939891615    0.000939891615
1095    1.99999995e-05    0.000907176291    0.000907176291 0    0.0018795518    0.000924552442    0.000924552442
1105    7.9999998e-05    0.000942751823    0.000942751823 0    0.00183668209    0.000959074125    0.000959074125
1115    1.99999995e-05    0.00102813309    0.00102813309 0    0.00210506492    0.00104344846    0.00104344846
1125    5.99999985e-05    0.000850255426    0.000850255426 0    0.00185104809    0.000864795409    0.000864795409
1135    5.99999985e-05    0.000814679894    0.000814679894 0    0.00188375963    0.000828421442    0.000828421442
1145    0    0.000747086364    0.000747086364 0    0.00296912459    0.000760107476    0.000760107476
1155    7.9999998e-05    0.000828910095    0.000828910095 0    0.00175437506    0.00084117247    0.00084117247
1165    0    0.000732856162    0.000732856162 0    0.00201496505    0.000744517427    0.000744517427
1175    0    0.000626129506    0.000626129506 0    0.00136832392    0.000637240882    0.000637240882
1185    0    0.00061545684    0.00061545684 0    0.0018209822    0.000626000343    0.000626000343
1195    3.9999999e-05    0.000619014434    0.000619014434 0    0.00362232444    0.000629018876    0.000629018876
1205    1.99999995e-05    0.000576323771    0.000576323771 0    0.00126137387    0.000585852074    0.000585852074
1215    3.9999999e-05    0.000658147503    0.000658147503 0    0.00293877907    0.000667155196    0.000667155196
1225    0    0.000619014434    0.000619014434 0    0.00177378673    0.000627604953    0.000627604953
1235    3.9999999e-05    0.000643917301    0.000643917301 0    0.00162786106    0.000652078539    0.000652078539
1245    0    0.000551420904    0.000551420904 0    0.00430777576    0.000559249776    0.000559249776
1255    5.99999985e-05    0.000490942446    0.000490942446 0.0024690174    0    0.00049844262    0.00049844262
1265    1.99999995e-05    0.000473154709    0.000473154709 0    0.00134958478    0.00048032144    0.00048032144
1275    0    0.000466039579    0.000466039579 0    0.022821445    0.000472886313    0.000472886313
1285    1.99999995e-05    0.000444694277    0.000444694277 0    0.00227447529    0.000451248226    0.000451248226
1295    1.99999995e-05    0.000498057576    0.000498057576 0.00284860493    0    0.000504290219    0.000504290219
1305    1.99999995e-05    0.000416233845    0.000416233845 0.00478454027    0    0.00042224396    0.00042224396
1315    0    0.000362870516    0.000362870516 0    0.000977130141    0.00036865563    0.00036865563
1325    0    0.000448251812    0.000448251812 0    0.00080948713    0.000453740882    0.000453740882
1335    0    0.000402003614    0.000402003614 0    0.00103506714    0.000407290237    0.000407290237
1345    0    0.00034508275    0.00034508275 0    0.000719190983    0.000350185583    0.000350185583
1355    0    0.000341525185    0.000341525185 0    0.000911024283    0.000346422923    0.000346422923
1365    0    0.00041979138    0.00041979138 0    0.00900818501    0.00042444453    0.00042444453
1375    0    0.000352197851    0.000352197851 0    0.000603847846    0.000356705714    0.000356705714
1385    1.99999995e-05    0.00027748922    0.00027748922 0    0.00086119055    0.000281865417    0.000281865417
1395    1.99999995e-05    0.000284604321    0.000284604321 0    0.000706482737    0.000288807583    0.000288807583
1405    0    0.000327294983    0.000327294983 0    0.00150942546    0.000331311749    0.000331311749
1415    0    0.000281046785    0.000281046785 0.0114206597    0    0.000284939189    0.000284939189
1425    0    0.000252586353    0.000252586353 0    0.00395682175    0.000256350817    0.000256350817
1435    0    0.000256143889    0.000256143889 0    0.0005257515    0.000259767665    0.000259767665
1445    3.9999999e-05    0.000234798572    0.000234798572 0    0.000364811276    0.000238303328    0.000238303328
1455    0    0.000231241022    0.000231241022 0    0.000465587422    0.000234621941    0.000234621941
1465    0    0.000291719451    0.000291719451 0    0.000980944722    0.000294943049    0.000294943049
1475    0    0.000245471223    0.000245471223 0.00231927261    0    0.000248608325    0.000248608325
1485    0    0.000195665474    0.000195665474 0    0.000890930649    0.000198723283    0.000198723283
1495    0    0.00020633814    0.00020633814 0    0.000326581532    0.000209284481    0.000209284481
1505    0    0.00020633814    0.00020633814 0    0.000443022407    0.000209184116    0.000209184116
1515    0    0.000252586353    0.000252586353 0.000631220988    7.04851554e-05    0.000255307968    0.000255307968
1525    1.99999995e-05    0.000195665474    0.000195665474 0    0.000390046014    0.000198329974    0.000198329974
1535    0    0.000152974826    0.000152974826 0    0.000274611783    0.000155577392    0.000155577392
1545    0    0.000160089941    0.000160089941 0.00371141778    0    0.000162603726    0.000162603726
1555    1.99999995e-05    0.000184992808    0.000184992808 0.000666901353    0    0.000187410449    0.000187410449
1565    0    0.000167205042    0.000167205042 0.000861905981    0    0.000169555948    0.000169555948
1575    0    0.000181435258    0.000181435258 0.00109088654    0    0.000183702985    0.000183702985
1585    1.99999995e-05    0.000188550373    0.000188550373 0.00114442699    0    0.000190742227    0.000190742227
1595    1.99999995e-05    0.000128071944    0.000128071944 0    0.000209506426    0.000130232176    0.000130232176
1605    0    0.000110284178    0.000110284178 0    0.000916317804    0.000112389323    0.000112389323
1615    0    0.000131629509    0.000131629509 0.000390528556    1.5554142e-05    0.000133658177    0.000133658177
1625    0    0.00013874461    0.00013874461 0    0.00022865209    0.000140707984    0.000140707984
1635    0    0.000120956836    0.000120956836 0    0.000199821341    0.000122872472    0.000122872472
1645    0    0.000174320157    0.000174320157 0    0.000288532116    0.000176146685    0.000176146685
1655    0    0.00014230216    0.00014230216 0.00147778622    0    0.000144093996    0.000144093996
1665    0    0.000113841728    0.000113841728 0    0.000188754973    0.00011559869    0.00011559869
1675    0    9.96115123e-05    9.96115123e-05 0    0.000165755497    0.000101326812    0.000101326812
1685    0    0.00010316907    0.00010316907 0    0.000172090324    0.000104833649    0.000104833649
1695    0    0.000110284178    0.000110284178 0    0.000366838562    0.000111897622    0.000111897622
1705    0    0.00013518706    0.00013518706 0.0034233653    0    0.000136740142    0.000136740142
1715    0    0.000113841728    0.000113841728 0    0    0.000115364368    0.000115364368
1725    0    7.11510802e-05    7.11510802e-05 0.000176778936    2.74671802e-05    7.26578655e-05    7.26578655e-05
1735    0    8.18237459e-05    8.18237459e-05 0    0    8.32834703e-05    8.32834703e-05
1745    0    0.000113841728    0.000113841728 0    0    0.000115242728    0.000115242728
1755    0    8.89388539e-05    8.89388539e-05 0    0    9.03173132e-05    9.03173132e-05
1765    0    0.000117399286    0.000117399286 0    0    0.000118723816    0.000118723816
1775    0    8.53812962e-05    8.53812962e-05 0.000220299131    3.17013182e-05    8.6690161e-05    8.6690161e-05
1785    0    8.18237459e-05    8.18237459e-05 0    0    8.3100691e-05    8.3100691e-05
1795    0    4.98057561e-05    4.98057561e-05 0.000130493208    1.82032018e-05    5.10693353e-05    5.10693353e-05
1805    0    6.04784182e-05    6.04784182e-05 0.000159680727    2.19299454e-05    6.17035839e-05    6.17035839e-05
1815    0    9.96115123e-05    9.96115123e-05 0    0    0.000100781872    0.000100781872
1825    0    7.47086378e-05    7.47086378e-05 0    0    7.58643873e-05    7.58643873e-05
1835    0    9.96115123e-05    9.96115123e-05 0    0    0.000100723133    0.000100723133
1845    0    4.98057561e-05    4.98057561e-05 0.000135903028    1.74587312e-05    5.09198871e-05    5.09198871e-05
1855    0    4.26906481e-05    4.26906481e-05 0    0    4.37820454e-05    4.37820454e-05
1865    1.99999995e-05    3.20179861e-05    3.20179861e-05 8.89120493e-05    1.10231558e-05    3.30896692e-05    3.30896692e-05
1875    0    6.04784182e-05    6.04784182e-05 0    0    6.15072495e-05    6.15072495e-05
1885    0    7.47086378e-05    7.47086378e-05 0.00020989425    2.54137194e-05    7.57041125e-05    7.57041125e-05
1895    0    3.55755401e-05    3.55755401e-05 0.000101123172    1.19577626e-05    3.65710803e-05    3.65710803e-05
1905    0    5.69208642e-05    5.69208642e-05 0    0    5.78801737e-05    5.78801737e-05
1915    0    5.33633101e-05    5.33633101e-05 0    0    5.4302327e-05    5.4302327e-05
1925    0    3.55755401e-05    3.55755401e-05 0    0    3.65036467e-05    3.65036467e-05
1935    0    3.91330941e-05    3.91330941e-05 0    0    4.00378703e-05    4.00378703e-05
1945    0    2.84604321e-05    2.84604321e-05 8.41017027e-05    9.19209651e-06    2.93512148e-05    2.93512148e-05
1955    0    2.49028781e-05    2.49028781e-05 0    0    2.57759111e-05    2.57759111e-05
1965    0    3.55755401e-05    3.55755401e-05 0    0    3.64226944e-05    3.64226944e-05
1975    0    4.98057561e-05    4.98057561e-05 0    0    5.06254073e-05    5.06254073e-05
1985    0    2.13453241e-05    2.13453241e-05 6.50512229e-05    6.67895438e-06    2.2164144e-05    2.2164144e-05
1995    0    3.55755401e-05    3.55755401e-05 0    0    3.63679137e-05    3.63679137e-05
2005    0    4.62482021e-05    4.62482021e-05 0    0    4.70168088e-05    4.70168088e-05
2015    0    4.62482021e-05    4.62482021e-05 0    0    4.70000596e-05    4.70000596e-05
2025    0    4.98057561e-05    4.98057561e-05 0    0    5.05391508e-05    5.05391508e-05
2035    0    5.33633101e-05    5.33633101e-05 0    0    5.40786896e-05    5.40786896e-05
2045    0    1.4230216e-05    1.4230216e-05 0    0    1.49541474e-05    1.49541474e-05
2055    0    3.20179861e-05    3.20179861e-05 0    0    3.27160487e-05    3.27160487e-05
2065    0    2.13453241e-05    2.13453241e-05 0    0    2.2035345e-05    2.2035345e-05
2075    0    2.84604321e-05    2.84604321e-05 0    0    2.91319138e-05    2.91319138e-05
2085    0    3.91330941e-05    3.91330941e-05 0    0    3.97842377e-05    3.97842377e-05
2095    0    3.55755401e-05    3.55755401e-05 0    0    3.62154206e-05    3.62154206e-05
2105    0    1.778777e-05    1.778777e-05 0    0    1.84254568e-05    1.84254568e-05
2115    0    2.49028781e-05    2.49028781e-05 0    0    2.55234681e-05    2.55234681e-05
2125    0    7.11510802e-06    7.11510802e-06 0    0    7.7341756e-06    7.7341756e-06
2135    0    1.0672662e-05    1.0672662e-05 0    0    1.12774624e-05    1.12774624e-05
2145    0    2.13453241e-05    2.13453241e-05 0    0    2.19318135e-05    2.19318135e-05
2155    0    1.778777e-05    1.778777e-05 0    0    1.83649572e-05    1.83649572e-05
2165    0    2.13453241e-05    2.13453241e-05 0    0    2.19091471e-05    2.19091471e-05
2175    0    2.84604321e-05    2.84604321e-05 0    0    2.90089956e-05    2.90089956e-05
2185    0    7.11510802e-06    7.11510802e-06 0    0    7.66610356e-06    7.66610356e-06
2195    0    1.0672662e-05    1.0672662e-05 0    0    1.1211112e-05    1.1211112e-05
2205    0    1.4230216e-05    1.4230216e-05 0    0    1.47563769e-05    1.47563769e-05
2215    0    1.778777e-05    1.778777e-05 0    0    1.83018892e-05    1.83018892e-05
2225    0    1.0672662e-05    1.0672662e-05 0    0    1.11815161e-05    1.11815161e-05
2235    0    1.778777e-05    1.778777e-05 0    0    1.82828808e-05    1.82828808e-05
2245    0    1.778777e-05    1.778777e-05 0    0    1.82737185e-05    1.82737185e-05
2255    0    1.778777e-05    1.778777e-05 0    0    1.82647764e-05    1.82647764e-05
2265    0    2.13453241e-05    2.13453241e-05 0    0    2.18114237e-05    2.18114237e-05
2275    0    1.778777e-05    1.778777e-05 0    0    1.82475251e-05    1.82475251e-05
2285    0    1.4230216e-05    1.4230216e-05 0    0    1.46838283e-05    1.46838283e-05
2295    0    2.49028781e-05    2.49028781e-05 0    0    2.53418311e-05    2.53418311e-05
2305    0    1.0672662e-05    1.0672662e-05 0    0    1.111239e-05    1.111239e-05
2315    0    1.4230216e-05    1.4230216e-05 0    0    1.46600141e-05    1.46600141e-05
2325    0    1.778777e-05    1.778777e-05 0    0    1.82078147e-05    1.82078147e-05
2335    0    7.11510802e-06    7.11510802e-06 0    0    7.53428458e-06    7.53428458e-06
2345    0    3.55755401e-06    3.55755401e-06 0    0    3.97167605e-06    3.97167605e-06
2355    0    7.11510802e-06    7.11510802e-06 0    0    7.51998368e-06    7.51998368e-06
2365    0    1.4230216e-05    1.4230216e-05 0    0    1.46238272e-05    1.46238272e-05
2375    0    0    0 0    0    3.95566218e-07    3.95566218e-07
2385    0    1.778777e-05    1.778777e-05 0    0    1.81658415e-05    1.81658415e-05
2395    0    1.0672662e-05    1.0672662e-05 0    0    1.10486326e-05    1.10486326e-05
