5    0.00135999999    0    0 0    0    0    0
15    0.00508000003    0    0 0    0    0    0
25    0.00724000018    0    0 0    0    0    0
35    0.00946000032    0    0 0    0    0    0
45    0.0111400001    0    0 0    0    0    0
55    0.0120000001    0    0 0    0    0    0
65    0.0129000004    0    0 0    0    0    0
75    0.0132400002    0    0 0    0    0    0
85    0.0136599997    0    0 0    0    0    0
95    0.0141000003    0    0 0    0    0    0
105    0.0135599999    0    0 0    0    0    0
115    0.0141799999    0    0 0    0    0    0
125    0.0135599999    0    0 0    0    0    0
135    0.0135599999    0    0 0    0    0    0
145    0.0139600001    0    0 0    0    0    0
155    0.0133400001    0    0 0    0    0    0
165    0.0126999998    4.7945764e-06    4.7945764e-06 4.7945764e-06    4.7945764e-06    0    0
175    0.0126400003    1.91783056e-05    1.91783056e-05 1.91783056e-05    1.91783056e-05    0    0
185    0.0129000004    1.91783056e-05    1.91783056e-05 1.91783056e-05    1.91783056e-05    0    0
195    0.0114399996    9.5891528e-06    9.5891528e-06 9.5891528e-06    9.5891528e-06    0    0
205    0.0119599998    1.91783056e-05    1.91783056e-05 1.91783056e-05    1.91783056e-05    0    0
215    0.0122999996    3.83566112e-05    3.83566112e-05 5.39387838e-05    2.75163929e-05    0    0
225    0.0105999997    8.1507802e-05    8.1507802e-05 0.000114287141    5.86823589e-05    0    0
235    0.0105999997    4.79457631e-05    4.79457631e-05 6.69303117e-05    3.47055429e-05    0    0
245    0.0108599998    6.23294909e-05    6.23294909e-05 8.72194069e-05    4.49501676e-05    0    0
255    0.0103200004    0.000143837286    0.000143837286 0.000200125389    0.000104446954    3.80057063e-05    3.80057063e-05
265    0.00997999962    0.000158221024    0.000158221024 0.00021882492    0.000115721719    4.60345291e-05    4.60345291e-05
275    0.0100999996    0.000158221024    0.000158221024 0.000217425768    0.000116701034    3.92017901e-05    3.92017901e-05
285    0.00987999979    0.000148631865    0.000148631865 0.000202842988    0.000110553192    2.22407652e-05    2.22407652e-05
295    0.00972000044    0.000206166791    0.000206166791 0.000278443826    0.000155358415    7.16458235e-05    7.16458235e-05
305    0.00923999958    0.000225345095    0.000225345095 0.000302942848    0.000170772139    8.20937203e-05    8.20937203e-05
315    0.00977999996    0.000287674571    0.000287674571 0.000381602847    0.000221475188    0.000134848131    0.000134848131
325    0.00994000025    0.000321236614    0.000321236614 0.000420752825    0.000250962883    0.000158059862    0.000158059862
335    0.00999999978    0.000393155264    0.000393155264 0.000507867546    0.000311844487    0.00021861917    0.00021861917
345    0.00985999964    0.00044110103    0.00044110103 0.00055349007    0.00036072341    0.000254222861    0.000254222861
355    0.00949999969    0.00044110103    0.00044110103 0.000544304843    0.000367078173    0.00024082954    0.00024082954
365    0.00887999963    0.000599322026    0.000599322026 0.000733810768    0.000503213261    0.000384036801    0.000384036801
375    0.00932000019    0.000762337644    0.000762337644 0.000929918082    0.000642828818    0.000530586636    0.000530586636
385    0.00972000044    0.000723981007    0.000723981007 0.000868397183    0.000621310552    0.000474569853    0.000474569853
395    0.00944000017    0.000992477289    0.000992477289 0.00118829345    0.000853639445    0.000722940022    0.000722940022
405    0.00887999963    0.000954120711    0.000954120711 0.00113053643    0.000829335419    0.000663050858    0.000663050858
415    0.00903999992    0.00121302786    0.00121302786 0.00142308918    0.00106473919    0.00089748099    0.00089748099
425    0.00786000025    0.00117946579    0.00117946579 0.00137865928    0.00103916239    0.000837430707    0.000837430707
435    0.00970000029    0.00157741562    0.00157741562 0.00184116117    0.00139195612    0.00120500172    0.00120500172
445    0.00961999968    0.00160138856    0.00160138856 0.00185035856    0.00142676046    0.00119598804    0.00119598804
455    0.00870000012    0.00172604749    0.00172604749 0.00199294416    0.00153928786    0.00128357532    0.00128357532
465    0.00906000007    0.002128792    0.002128792 0.00244211662    0.00190949219    0.00164423266    0.00164423266
475    0.0087799998    0.0021719432    0.0021719432 0.00248496816    0.0019527789    0.00164097466    0.00164097466
485    0.00898000039    0.00254591997    0.00254591997 0.00290262513    0.00229666056    0.00196201005    0.00196201005
495    0.00942000002    0.00287195132    0.00287195132 0.00327944127    0.00258758757    0.0022284789    0.0022284789
505    0.00982000027    0.00309729623    0.00309729623 0.00351310032    0.00280743674    0.00238671713    0.00238671713
515    0.00913999975    0.00341373845    0.00341373845 0.0038836184    0.00308684958    0.00262689404    0.00262689404
525    0.0091599999    0.00373976957    0.00373976957 0.00421134708    0.00341227697    0.00286625978    0.00286625978
535    0.0103399996    0.00443498325    0.00443498325 0.00501111988    0.00403492199    0.00346200378    0.00346200378
545    0.00985999964    0.00515896408    0.00515896408 0.00580456527    0.00471053738    0.00407251529    0.00407251529
555    0.00965999998    0.00526444474    0.00526444474 0.00595572917    0.00478468742    0.00404968392    0.00404968392
565    0.0105600003    0.00591650745    0.00591650745 0.0066505922    0.00540791452    0.00455362629    0.00455362629
575    0.0113399997    0.00639596488    0.00639596488 0.00718733249    0.00584817212    0.00486384565    0.00486384565
585    0.0116999997    0.00763296569    0.00763296569 0.0085469326    0.00700071268    0.00590544287    0.00590544287
595    0.0119000003    0.00800694246    0.00800694246 0.00899278093    0.00732560456    0.00605801446    0.00605801446
605    0.0115400003    0.00932065677    0.00932065677 0.0104656881    0.00853068754    0.00711734733    0.00711734733
615    0.0121600004    0.0101453234    0.0101453234 0.0113552827    0.00931144785    0.00765496958    0.00765496958
625    0.0121600004    0.01143027    0.01143027 0.01277103    0.0105069336    0.00861670729    0.00861670729
635    0.0136200003    0.0128206974    0.0128206974 0.0143204089    0.0117890611    0.0096493531    0.0096493531
645    0.0136399996    0.0141344108    0.0141344108 0.0157016926    0.0130577181    0.0105760563    0.0105760563
655    0.0138800004    0.0162056684    0.0162056684 0.0179450177    0.0150117446    0.0122409686    0.0122409686
665    0.0141200004    0.0184974764    0.0184974764 0.0204110499    0.0171857234    0.0141299926    0.0141299926
675    0.0151199996    0.0199070815    0.0199070815 0.0218329355    0.0185884666    0.015178577    0.015178577
685    0.0144600002    0.0231194478    0.0231194478 0.0251846984    0.0217064396    0.0181195624    0.0181195624
695    0.01492    0.0253009796    0.0253009796 0.0274017639    0.0238659419    0.0201973077    0.0201973077
705    0.0160000008    0.0283455364    0.0283455364 0.0304777119    0.0268914066    0.0233865399    0.0233865399
715    0.0154999997    0.0304599442    0.0304599442 0.0324248821    0.0291211605    0.0259795394    0.0259795394
725    0.0162400007    0.0337058716    0.0337058716 0.0355452895    0.0324546024    0.0300844833    0.0300844833
735    0.0161000006    0.035360001    0.035360001 0.0368892513    0.0343214087    0.032971181    0.032971181
745    0.0149400001    0.0369470045    0.0369470045 0.0381274745    0.0361465476    0.0360640734    0.0360640734
755    0.0154999997    0.0367791951    0.0367791951 0.0362768769    0.0375212245    0.0375069901    0.0375069901
765    0.01382    0.0383134596    0.0383134596 0.0381262675    0.0385902636    0.0405472517    0.0405472517
775    0.0137999998    0.0368798822    0.0368798822 0.0366436057    0.0370393097    0.0403527394    0.0403527394
785    0.0123399999    0.0355805531    0.0355805531 0.0348645896    0.036062628    0.0399219878    0.0399219878
795    0.0108000003    0.0336627215    0.0336627215 0.0324800462    0.0344576724    0.0384912342    0.0384912342
805    0.0102000004    0.0312798172    0.0312798172 0.0297329985    0.0323178433    0.036264427    0.036264427
815    0.00761999981    0.0291893817    0.0291893817 0.0273231305    0.0304390099    0.0340791941    0.0340791941
825    0.00898000039    0.0263174288    0.0263174288 0.0241524149    0.02776579    0.0309486669    0.0309486669
835    0.00706000021    0.0243085027    0.0243085027 0.0219846703    0.0258579701    0.0285859108    0.0285859108
845    0.00624000002    0.0222851913    0.0222851913 0.019783061    0.0239496287    0.0261688959    0.0261688959
855    0.00618000003    0.0190152898    0.0190152898 0.0164735299    0.0207037721    0.0225038882    0.0225038882
865    0.00496000005    0.0174954087    0.0174954087 0.0148895392    0.0192203019    0.0206029601    0.0206029601
875    0.00449999981    0.0164597798    0.0164597798 0.013687958    0.0182898808    0.0192146562    0.0192146562
885    0.00413999986    0.0149542838    0.0149542838 0.0121626388    0.0167941339    0.0173918214    0.0173918214
895    0.00329999998    0.0135302944    0.0135302944 0.0107827801    0.0153343221    0.0156855211    0.0156855211
905    0.00325999991    0.0118857548    0.0118857548 0.00934883766    0.013547021    0.013792824    0.013792824
915    0.00292000012    0.0111809522    0.0111809522 0.00849282928    0.0129378978    0.0128688859    0.0128688859
925    0.00270000007    0.0105336839    0.0105336839 0.00769068021    0.0123848924    0.0120301787    0.0120301787
935    0.00196000002    0.00926791597    0.00926791597 0.00637356611    0.0111474209    0.0105988448    0.0105988448
945    0.00165999995    0.00860146992    0.00860146992 0.00599333877    0.0102918446    0.00978705287    0.00978705287
955    0.00170000002    0.00784872193    0.00784872193 0.00516750198    0.00958059728    0.00890779868    0.00890779868
965    0.00158000004    0.00762337632    0.00762337632 0.00517130084    0.00920032989    0.00857098214    0.00857098214
975    0.00147999998    0.00705761649    0.00705761649 0.00432196353    0.00881065894    0.00790840574    0.00790840574
985    0.00104    0.006189798    0.006189798 0.00365162361    0.00781152863    0.00695643434    0.00695643434
995    0.000899999985    0.00588294538    0.00588294538 0.00332654105    0.00751217036    0.00657462794    0.00657462794
1005    0.000720000011    0.00558568165    0.00558568165 0.00258424249    0.00749264564    0.00621135673    0.00621135673
1015    0.000780000002    0.00525485585    0.00525485585 0.00263709552    0.00691257929    0.00582235074    0.00582235074
1025    0.000620000006    0.00487128971    0.00487128971 0.00238098134    0.00644292636    0.00538743753    0.00538743753
1035    0.000639999984    0.0046747122    0.0046747122 0.00221550721    0.00622092234    0.00514495466    0.00514495466
1045    0.000560000015    0.00417128159    0.00417128159 0.0015887433    0.00578896562    0.004601344    0.004601344
1055    0.000300000014    0.00417128159    0.00417128159 0.00126083218    0.00598721812    0.00456453487    0.00456453487
1065    0.000300000014    0.003941142    0.003941142 0.00150253065    0.00545656402    0.00430194335    0.00430194335
1075    0.000380000012    0.00349045149    0.00349045149 0.0011981345    0.00490872329    0.00382266007    0.00382266007
1085    0.000380000012    0.00345688965    0.00345688965 0.000599227264    0.0052173133    0.00376260979    0.00376260979
1095    0.000440000003    0.00328428484    0.00328428484 0.00075039186    0.00483793812    0.00356643577    0.00356643577
1105    0.000380000012    0.00320757157    0.00320757157 0.000701335492    0.0047376249    0.00346827088    0.00346827088
1115    0.000260000001    0.00277126511    0.00277126511 0.000322555105    0.00425889622    0.00301332143    0.00301332143
1125    0.000280000007    0.00288154045    0.00288154045 7.40079486e-05    0.00457909843    0.00310562388    0.00310562388
1135    0.000220000002    0.00250756345    0.00250756345 0.000267817843    0.00385531876    0.00271631102    0.00271631102
1145    0.000280000007    0.00233016419    0.00233016419 0    0.00424703723    0.00252460409    0.00252460409
1155    0.000220000002    0.00229660212    0.00229660212 0.000517756795    0.00335636595    0.00247771945    0.00247771945
1165    0.000180000003    0.00232057506    0.00232057506 0    0.00398701988    0.00248940056    0.00248940056
1175    0.000199999995    0.00225824537    0.00225824537 0    0.00383237563    0.00241599442    0.00241599442
1185    0.000300000014    0.00216714852    0.00216714852 0    0.00376003981    0.00231480948    0.00231480948
1195    0.000159999996    0.00202810578    0.00202810578 0    0.00359354448    0.00216661533    0.00216661533
1205    5.99999985e-05    0.00182193902    0.00182193902 0    0.00295823906    0.00195219228    0.00195219228
1215    9.99999975e-05    0.00183632271    0.00183632271 0    0.00378012168    0.00195853692    0.00195853692
1225    7.9999998e-05    0.00167330715    0.00167330715 0    0.00281348336    0.00178847241    0.00178847241
1235    3.9999999e-05    0.00179796619    0.00179796619 0    0.00308956834    0.0019060364    0.0019060364
1245    0.000180000003    0.00166371802    0.00166371802 0    0.00345147448    0.00176574592    0.00176574592
1255    7.9999998e-05    0.00151029159    0.00151029159 0    0.00479248213    0.00160678022    0.00160678022
1265    7.9999998e-05    0.00150070246    0.00150070246 0    0.00255531073    0.00159177021    0.00159177021
1275    0.000119999997    0.00119384949    0.00119384949 0    0.00272695557    0.00128050672    0.00128050672
1285    3.9999999e-05    0.00151508616    0.00151508616 0    0.00318984617    0.00159636245    0.00159636245
1295    0.000119999997    0.00133768679    0.00133768679 0    0.00295770518    0.00141495361    0.00141495361
1305    5.99999985e-05    0.00128974102    0.00128974102 0    0.00376735162    0.00136302086    0.00136302086
1315    3.9999999e-05    0.00128494645    0.00128494645 0    0.00249389303    0.00135441951    0.00135441951
1325    1.99999995e-05    0.00105001219    0.00105001219 0    0.00174550188    0.00111641188    0.00111641188
1335    7.9999998e-05    0.00110275252    0.00110275252 0    0.00198961119    0.00116570271    0.00116570271
1345    7.9999998e-05    0.001064396    0.001064396 0    0.00175486843    0.00112429948    0.00112429948
1355    3.9999999e-05    0.000978093594    0.000978093594 0    0.00181578775    0.00103524642    0.00103524642
1365    0    0.000944531523    0.000944531523 0    0.00288904854    0.00099900295    0.00099900295
1375    7.9999998e-05    0.000934942393    0.000934942393 0    0.00146919431    0.000986848492    0.000986848492
1385    7.9999998e-05    0.000982888159    0.000982888159 0    0.0024804729    0.00103226211    0.00103226211
1395    0    0.000776721397    0.000776721397 0    0.00140461361    0.000824241026    0.000824241026
1405    3.9999999e-05    0.000690418994    0.000690418994 0    0.00168446696    0.000735964917    0.000735964917
1415    1.99999995e-05    0.000714391877    0.000714391877 0    0.00243984791    0.000757855305    0.000757855305
1425    0    0.000781515962    0.000781515962 0    0.00158866507    0.000822920818    0.000822920818
1435    1.99999995e-05    0.000690418994    0.000690418994 0    0.00115275488    0.000730205036    0.000730205036
1445    1.99999995e-05    0.000805488846    0.000805488846 1.46208658e-05    0.00120427646    0.000843321672    0.000843321672
1455    0    0.000570554577    0.000570554577 0    0.000986987143    0.000607263471    0.000607263471
1465    7.9999998e-05    0.000570554577    0.000570554577 0    0.00165049825    0.000605731853    0.000605731853
1475    1.99999995e-05    0.000522608811    0.000522608811 0    0.00118646096    0.000556436251    0.000556436251
1485    1.99999995e-05    0.000723981007    0.000723981007 0    0.0015951707    0.000756009656    0.000756009656
1495    0    0.000618500344    0.000618500344 0    0.00094246614    0.000649446854    0.000649446854
1505    1.99999995e-05    0.000503430492    0.000503430492 0    0.00100486504    0.000533381302    0.000533381302
1515    3.9999999e-05    0.000551376259    0.000551376259 0.00443794625    0    0.000580050633    0.000580050633
1525    1.99999995e-05    0.000484252203    0.000484252203 0    0.000978372525    0.00051195058    0.00051195058
1535    3.9999999e-05    0.000517814246    0.000517814246 0    0.000870592485    0.00054437964    0.00054437964
1545    0    0.000465073914    0.000465073914 0    0.0025027059    0.000490739418    0.000490739418
1555    0    0.00046027932    0.00046027932 0.00233977009    0    0.000484992488    0.000484992488
1565    3.9999999e-05    0.000474663073    0.000474663073 0.00569723407    0    0.000498429115    0.000498429115
1575    0    0.000417128147    0.000417128147 0    0.00085726718    0.000440141361    0.000440141361
1585    1.99999995e-05    0.000469868479    0.000469868479 0    0.0521824919    0.000491937331    0.000491937331
1595    0    0.000383566105    0.000383566105 0    0.00060272892    0.000405021245    0.000405021245
1605    0    0.000326031208    0.000326031208 0    0.00150444813    0.000346848101    0.000346848101
1615    1.99999995e-05    0.00029726373    0.00029726373 0.00339507894    0    0.000317415892    0.000317415892
1625    0    0.000302058324    0.000302058324 0    0.000478542381    0.00032150725    0.00032150725
1635    0    0.000292469165    0.000292469165 0    0.000463893637    0.000311275478    0.000311275478
1645    1.99999995e-05    0.000321236614    0.000321236614 0    0.00051135337    0.000339348364    0.000339348364
1655    0    0.000282880006    0.000282880006 0.00173437421    0    0.000300465646    0.000300465646
1665    0    0.000282880006    0.000282880006 0    0.000451032596    0.000299884559    0.000299884559
1675    0    0.00029726373    0.00029726373 0    0.00047582254    0.000313681347    0.000313681347
1685    0    0.000268496282    0.000268496282 0    0.00043064449    0.000284440903    0.000284440903
1695    0    0.000316442049    0.000316442049 0.00567269837    0    0.000331774238    0.000331774238
1705    0    0.000215755936    0.000215755936 0    0.00106594898    0.000230809281    0.000230809281
1715    0    0.000239728819    0.000239728819 0    0.000386484724    0.000254260813    0.000254260813
1725    0    0.000273290847    0.000273290847 0    0.000516958651    0.000287300121    0.000287300121
1735    0    0.000196577632    0.000196577632 0    0.000317610102    0.000210314131    0.000210314131
1745    0    0.000215755936    0.000215755936 0    0.000348895905    0.000229034878    0.000229034878
1755    0    0.000210961356    0.000210961356 0    0.000341409788    0.000223849391    0.000223849391
1765    0    0.000186988473    0.000186988473 0    0.000303363544    0.000199541377    0.000199541377
1775    0    0.000278085441    0.000278085441 0.0204503797    0    0.000290075724    0.000290075724
1785    0    0.000186988473    0.000186988473 0    0.000303928187    0.000198813577    0.000198813577
1795    0    0.000191783052    0.000191783052 0.000966054329    0    0.000203254487    0.000203254487
1805    0    0.000148631865    0.000148631865 0.00184746366    0    0.000159863266    0.000159863266
1815    0    0.000263701688    0.000263701688 0    0.00042973386    0.000274372287    0.000274372287
1825    0    0.000110275258    0.000110275258 0    0.000179741022    0.000120961573    0.000120961573
1835    0    0.000105480678    0.000105480678 0    0.000171922322    0.000115881056    0.000115881056
1845    0    0.000172604749    0.000172604749 0.000831969548    0    0.000182578427    0.000182578427
1855    0    0.000139042721    0.000139042721 0    0.000226864577    0.000148811683    0.000148811683
1865    0    0.000110275258    0.000110275258 0.00103995204    0    0.000119839082    0.000119839082
1875    0    0.000119864409    0.000119864409 0    0.000195457469    0.000129151638    0.000129151638
1885    0    0.000158221024    0.000158221024 0.00452474179    0    0.000167179969    0.000167179969
1895    0    0.000100686106    0.000100686106 0.000646628148    0    0.000109527027    0.000109527027
1905    0    0.000124658982    0.000124658982 0    0.00020338365    0.000133218477    0.000133218477
1915    0    0.00011506983    0.00011506983 0    0.000187658574    0.000123426289    0.000123426289
1925    0    0.000134248141    0.000134248141 0    0.000218836969    0.000142348494    0.000142348494
1935    0    8.63023743e-05    8.63023743e-05 0    0.000140587406    9.42949991e-05    9.42949991e-05
1945    0    0.00011506983    0.00011506983 0.000340036291    3.71648784e-05    0.000122800164    0.000122800164
1955    0    0.000124658982    0.000124658982 0    0    0.00013217394    0.00013217394
1965    0    9.58915261e-05    9.58915261e-05 0    0    0.000103278137    0.000103278137
1975    0    0.000110275258    0.000110275258 0    0    0.00011744877    0.00011744877
1985    0    6.71240705e-05    6.71240705e-05 0.000204564582    2.10032576e-05    7.42113625e-05    7.42113625e-05
1995    0    9.10969538e-05    9.10969538e-05 0    0    9.79623728e-05    9.79623728e-05
2005    0    0.00011506983    0.00011506983 0    0    0.000121718746    0.000121718746
2015    0    5.2740339e-05    5.2740339e-05 0    0    5.93595141e-05    5.93595141e-05
2025    0    8.1507802e-05    8.1507802e-05 0    0    8.79104919e-05    8.79104919e-05
2035    0    7.19186428e-05    7.19186428e-05 0    0    7.81903509e-05    7.81903509e-05
2045    0    0.000100686106    0.000100686106 0    0    0.000106750696    0.000106750696
2055    0    5.2740339e-05    5.2740339e-05 0    0    5.87636641e-05    5.87636641e-05
2065    0    5.2740339e-05    5.2740339e-05 0    0    5.86257629e-05    5.86257629e-05
2075    0    7.19186428e-05    7.19186428e-05 0    0    7.76298984e-05    7.76298984e-05
2085    0    5.2740339e-05    5.2740339e-05 0    0    5.83620895e-05    5.83620895e-05
2095    0    6.23294909e-05    6.23294909e-05 0    0    6.78049983e-05    6.78049983e-05
2105    0    2.87674575e-05    2.87674575e-05 0    0    3.41911837e-05    3.41911837e-05
2115    0    9.10969538e-05    9.10969538e-05 0    0    9.62706545e-05    9.62706545e-05
2125    0    6.71240705e-05    6.71240705e-05 0    0    7.22327532e-05    7.22327532e-05
2135    0    3.35620352e-05    3.35620352e-05 0    0    3.86291576e-05    3.86291576e-05
2145    0    4.31511871e-05    4.31511871e-05 0    0    4.80891213e-05    4.80891213e-05
2155    0    1.91783056e-05    1.91783056e-05 0    0    2.40607314e-05    2.40607314e-05
2165    0    3.83566112e-05    3.83566112e-05 0    0    4.30956788e-05    4.30956788e-05
2175    0    4.31511871e-05    4.31511871e-05 0    0    4.77800131e-05    4.77800131e-05
2185    0    6.23294909e-05    6.23294909e-05 0    0    6.68205612e-05    6.68205612e-05
2195    0    4.79457631e-05    4.79457631e-05 0    0    5.23723538e-05    5.23723538e-05
2205    0    2.39728815e-05    2.39728815e-05 0    0    2.83577428e-05    2.83577428e-05
2215    0    1.91783056e-05    1.91783056e-05 0    0    2.34835625e-05    2.34835625e-05
2225    0    5.7534915e-05    5.7534915e-05 0    0    6.16721663e-05    6.16721663e-05
2235    0    6.23294909e-05    6.23294909e-05 0    0    6.63716783e-05    6.63716783e-05
2245    0    2.87674575e-05    2.87674575e-05 0    0    3.27975322e-05    3.27975322e-05
2255    0    2.87674575e-05    2.87674575e-05 0    0    3.27169728e-05    3.27169728e-05
2265    0    9.5891528e-06    9.5891528e-06 0    0    1.35005575e-05    1.35005575e-05
2275    0    5.7534915e-05    5.7534915e-05 0    0    6.12689983e-05    6.12689983e-05
2285    0    3.35620352e-05    3.35620352e-05 0    0    3.72720933e-05    3.72720933e-05
2295    0    2.87674575e-05    2.87674575e-05 0    0    3.24150424e-05    3.24150424e-05
2305    0    2.39728815e-05    2.39728815e-05 0    0    2.75598341e-05    2.75598341e-05
2315    0    2.87674575e-05    2.87674575e-05 0    0    3.2275384e-05    3.2275384e-05
2325    0    3.35620352e-05    3.35620352e-05 0    0    3.69926638e-05    3.69926638e-05
2335    0    9.5891528e-06    9.5891528e-06 0    0    1.30046965e-05    1.30046965e-05
2345    0    3.83566112e-05    3.83566112e-05 0    0    4.16477124e-05    4.16477124e-05
2355    0    3.83566112e-05    3.83566112e-05 0    0    4.15853756e-05    4.15853756e-05
2365    0    4.31511871e-05    4.31511871e-05 0    0    4.63090546e-05    4.63090546e-05
2375    0    2.87674575e-05    2.87674575e-05 0    0    3.18962593e-05    3.18962593e-05
2385    0    1.91783056e-05    1.91783056e-05 0    0    2.2269387e-05    2.2269387e-05
2395    0    1.43837287e-05    1.43837287e-05 0    0    1.74283941e-05    1.74283941e-05
