5    0.000220000002    0    0 0    0    0    0
15    0.000899999985    0    0 0    0    0    0
25    0.00127999997    0    0 0    0    0    0
35    0.00150000001    0    0 0    0    0    0
45    0.00182    0    0 0    0    0    0
55    0.00236000004    0    0 0    0    0    0
65    0.00233999989    0    0 0    0    0    0
75    0.00273999991    0    0 0    0    0    0
85    0.00276000006    0    0 0    0    0    0
95    0.00276000006    0    0 0    0    0    0
105    0.00289999996    0    0 0    0    0    0
115    0.00295999995    0    0 0    0    0    0
125    0.00310000009    0    0 0    0    0    0
135    0.00271999999    0    0 0    0    0    0
145    0.00316000008    0    0 0    0    0    0
155    0.00312000001    0    0 0    0    0    0
165    0.00347999996    6.71391035e-06    6.71391035e-06 6.71391035e-06    6.71391035e-06    2.88892215e-06    2.88892215e-06
175    0.00353999995    3.02125954e-05    3.02125954e-05 3.02125954e-05    3.02125954e-05    2.58554755e-05    2.58554755e-05
185    0.00368000008    3.69265072e-05    3.69265072e-05 3.69265072e-05    3.69265072e-05    3.19349965e-05    3.19349965e-05
195    0.00365999993    5.7068235e-05    5.7068235e-05 5.7068235e-05    5.7068235e-05    5.1312607e-05    5.1312607e-05
205    0.00334000005    9.063779e-05    9.063779e-05 9.063779e-05    9.063779e-05    8.39537242e-05    8.39537242e-05
215    0.0039400002    0.000120850382    0.000120850382 0.000167944207    8.84497567e-05    0.000113027963    0.000113027963
225    0.00410000002    0.000224915988    0.000224915988 0.000303595531    0.000170778221    0.000215679087    0.000215679087
235    0.00469999993    0.000288698153    0.000288698153 0.000384550309    0.000222651186    0.000277688494    0.000277688494
245    0.00454000011    0.000369265064    0.000369265064 0.000482334843    0.000291268196    0.000355999713    0.000355999713
255    0.00534000015    0.000469973718    0.000469973718 0.00060536887    0.000376338081    0.000453793822    0.000453793822
265    0.00510000018    0.000574039295    0.000574039295 0.000723251374    0.000470545288    0.000554028433    0.000554028433
275    0.00596000021    0.000832524849    0.000832524849 0.00101950823    0.000702752848    0.000807370641    0.000807370641
285    0.00665999996    0.000953375245    0.000953375245 0.00113736722    0.000825426774    0.000921171624    0.000921171624
295    0.00700000022    0.00136628072    0.00136628072 0.00159755442    0.00120525982    0.00132412813    0.00132412813
305    0.00837999955    0.00174561667    0.00174561667 0.00200590515    0.00156425836    0.00168899447    0.00168899447
315    0.0101399999    0.00259156944    0.00259156944 0.00291136233    0.00236824714    0.00251305965    0.00251305965
325    0.0118199997    0.0036926507    0.0036926507 0.00408272492    0.00341974758    0.00357948802    0.00357948802
335    0.0147599997    0.00530063221    0.00530063221 0.005770599    0.00497079128    0.00512933917    0.00512933917
345    0.0187599994    0.00812718831    0.00812718831 0.00880102348    0.00765314838    0.00785094034    0.00785094034
355    0.0255399998    0.0123468805    0.0123468805 0.0132882809    0.0116857532    0.0118622072    0.0118622072
365    0.0377199985    0.0220988356    0.0220988356 0.0236903261    0.0209829565    0.0211443268    0.0211443268
375    0.0637800023    0.0425124802    0.0425124802 0.0452653654    0.0405845344    0.0403113775    0.0403113775
385    0.113679998    0.093561694    0.093561694 0.097967498    0.0904795602    0.0875513703    0.0875513703
395    0.185819998    0.196361735    0.196361735 0.200371042    0.193559021    0.185688019    0.185688019
405    0.180419996    0.213317707    0.213317707 0.211198434    0.214866921    0.223973989    0.223973989
415    0.0967800021    0.121847399    0.121847399 0.11726106    0.12504895    0.127848566    0.127848566
425    0.0474799983    0.0651417151    0.0651417151 0.0611023977    0.0679590479    0.0673382357    0.0673382357
435    0.0263199992    0.0391723104    0.0391723104 0.0360370427    0.0413583443    0.0401242115    0.0401242115
445    0.0153799998    0.0265132319    0.0265132319 0.0240124352    0.0282550827    0.0269962512    0.0269962512
455    0.0100600002    0.0186948832    0.0186948832 0.0167284384    0.0200625267    0.0189699885    0.0189699885
465    0.00680000009    0.0139682898    0.0139682898 0.0123880897    0.0150689576    0.0141387638    0.0141387638
475    0.0049399999    0.0112223011    0.0112223011 0.00987261906    0.0121636577    0.011334829    0.011334829
485    0.00381999998    0.00883550569    0.00883550569 0.0076717101    0.00964656845    0.00891352911    0.00891352911
495    0.00270000007    0.0074490835    0.0074490835 0.00643327087    0.00815685093    0.00750531442    0.00750531442
505    0.00225999998    0.00623050891    0.00623050891 0.0053542126    0.00684116362    0.00627233833    0.00627233833
515    0.00165999995    0.00560611486    0.00560611486 0.00474281749    0.00620699627    0.00563803967    0.00563803967
525    0.00127999997    0.00481051672    0.00481051672 0.004046652    0.00534168491    0.00483543053    0.00483543053
535    0.00118000002    0.00423312047    0.00423312047 0.00351734017    0.00473133475    0.00425292645    0.00425292645
545    0.00104    0.00392763736    0.00392763736 0.00323784188    0.00440828875    0.00394363049    0.00394363049
555    0.000859999971    0.00323946169    0.00323946169 0.00262479973    0.00366782234    0.00325257354    0.00325257354
565    0.000579999993    0.00300783175    0.00300783175 0.00239812606    0.00343243242    0.00301870122    0.00301870122
575    0.000600000028    0.00264528068    0.00264528068 0.00208784756    0.00303342519    0.0026543953    0.0026543953
585    0.000560000015    0.00251771626    0.00251771626 0.00198568823    0.00288833492    0.00252542645    0.00252542645
595    0.00039999999    0.00230958522    0.00230958522 0.00178704155    0.00267346785    0.00231616711    0.00231616711
605    0.000280000007    0.0021753069    0.0021753069 0.00167455722    0.00252368557    0.00218096748    0.00218096748
615    0.000380000012    0.00198396039    0.00198396039 0.00150422298    0.00231761183    0.0019888659    0.0019888659
625    0.000220000002    0.00195039087    0.00195039087 0.00142811821    0.00231369655    0.00195466378    0.00195466378
635    0.000280000007    0.00163148018    0.00163148018 0.00116293749    0.00195730478    0.00163523539    0.00163523539
645    0.000159999996    0.00154755625    0.00154755625 0.0011343467    0.00183474435    0.00155086699    0.00155086699
655    7.9999998e-05    0.00153412845    0.00153412845 0.00112666923    0.00181734725    0.00153705885    0.00153705885
665    0.000119999997    0.00147706026    0.00147706026 0.00102832157    0.00178884144    0.00147966726    0.00147966726
675    9.99999975e-05    0.001346139    0.001346139 0.00094170263    0.00162695197    0.00134847139    0.00134847139
685    0.000140000004    0.00122528861    0.00122528861 0.000847800751    0.00148746558    0.00122738385    0.00122738385
695    0.000159999996    0.00119171909    0.00119171909 0    0.00544627523    0.00119360513    0.00119360513
705    7.9999998e-05    0.00111450907    0.00111450907 0.001655553    0.000739377749    0.00111621444    0.00111621444
715    7.9999998e-05    0.00105744088    0.00105744088 0.00157195749    0.00070072856    0.00105898723    0.00105898723
725    7.9999998e-05    0.000923162675    0.000923162675 0.00137403049    0.000610833929    0.000924572523    0.000924572523
735    0.000159999996    0.00101715745    0.00101715745 0.00151612784    0.000671822578    0.00101843744    0.00101843744
745    7.9999998e-05    0.000896306999    0.000896306999 0.00133753149    0.000591111078    0.000897480641    0.000897480641
755    3.9999999e-05    0.000802312279    0.000802312279 0.00119874766    0.000528329168    0.000803390518    0.000803390518
765    3.9999999e-05    0.000839238754    0.000839238754 0.00125544937    0.000551785517    0.000840226596    0.000840226596
775    0    0.000832524849    0.000832524849 0.00124710344    0.000546478026    0.000833433354    0.000833433354
785    3.9999999e-05    0.000772099651    0.000772099651 0.00115845678    0.000505827367    0.00077293918    0.00077293918
795    0    0.00075531489    0.00075531489 0.00113510957    0.00049388659    0.000756090565    0.000756090565
805    3.9999999e-05    0.000688175787    0.000688175787 0.00103568635    0.000449179526    0.000688896049    0.000688896049
815    0    0.000637821446    0.000637821446 0.000961454643    0.000415540766    0.000638491008    0.000638491008
825    0    0.00058411021    0.00058411021 0.000880928128    0.000380264391    0.000584734022    0.000584734022
835    1.99999995e-05    0.000574039295    0.000574039295 0.000868228206    0.000372493494    0.000574619917    0.000574619917
845    1.99999995e-05    0.000570682343    0.000570682343 0.000864646689    0.00036957048    0.000571223267    0.000571223267
855    0    0.000560611486    0.000560611486 0.000850223296    0.000362588529    0.00056111638    0.00056111638
865    0    0.000610965828    0.000610965828 0.000929486763    0.000393796246    0.000611435215    0.000611435215
875    1.99999995e-05    0.00050354324    0.00050354324 0.000767695252    0.00032377665    0.000503986608    0.000503986608
885    0    0.000500186288    0.000500186288 0.000763358024    0.000321191212    0.000500601658    0.000500601658
895    0    0.000463259814    0.000463259814 0.000709101208    0.000296517683    0.000463650824    0.000463650824
905    1.99999995e-05    0.00055054063    0.00055054063 0.000844739669    0.00035142398    0.00055090402    0.00055090402
915    0    0.000429690263    0.000429690263 0.000660057354    0.000273903686    0.000430036715    0.000430036715
925    3.9999999e-05    0.000352480274    0.000352480274 0.000543146452    0.000223913274    0.000352809584    0.000352809584
935    0    0.000396120711    0.000396120711 0.000611766707    0.000250994781    0.000396429212    0.000396429212
945    0    0.000412905472    0.000412905472 0.000638606318    0.00026118441    0.000413195696    0.000413195696
955    0    0.000459902862    0.000459902862 0.000713308225    0.000289999822    0.000460174721    0.000460174721
965    0    0.00036255116    0.00036255116 0.000564334739    0.000227729208    0.000362811988    0.000362811988
975    1.99999995e-05    0.000402834616    0.000402834616 0.000628534355    0.000252368016    0.000403079583    0.000403079583
985    1.99999995e-05    0.000375978969    0.000375978969 0.000588340918    0.000234769817    0.000376211887    0.000376211887
995    0    0.00036255116    0.00036255116 0.000568344258    0.000225926604    0.000362772291    0.000362772291
1005    0    0.000318910723    0.000318910723 0    0    0.000319122191    0.000319122191
1015    3.9999999e-05    0.000295412057    0.000295412057 0    0    0.000295613718    0.000295613718
1025    0    0.000305482914    0.000305482914 0    0    0.000305674039    0.000305674039
1035    0    0.000359194208    0.000359194208 0    0    0.000359373546    0.000359373546
1045    1.99999995e-05    0.000275270315    0.000275270315 0    0    0.000275444327    0.000275444327
1055    0    0.000258485554    0.000258485554 0    0    0.000258651882    0.000258651882
1065    0    0.00025177162    0.00025177162 0    0    0.000251930382    0.000251930382
1075    0    0.000305482914    0.000305482914 0    0    0.000305631984    0.000305631984
1085    0    0.000214845131    0.000214845131 0    0    0.000214991058    0.000214991058
1095    0    0.000325624656    0.000325624656 0    0    0.000325759262    0.000325759262
1105    0    0.000245057716    0.000245057716 0    0    0.000245189527    0.000245189527
1115    0    0.000218202083    0.000218202083 0    0    0.000218329151    0.000218329151
1125    0    0.000224915988    0.000224915988 0    0    0.00022503722    0.00022503722
1135    0    0.000271913363    0.000271913363 0    0    0.000272027304    0.000272027304
1145    0    0.000278627267    0.000278627267 0    0    0.00027873597    0.00027873597
1155    0    0.000234986859    0.000234986859 0    0    0.000235092666    0.000235092666
1165    0    0.000241700764    0.000241700764 0    0    0.000241801812    0.000241801812
1175    0    0.000187989484    0.000187989484 0    0    0.000188088568    0.000188088568
1185    0    0.000211488164    0.000211488164 0    0    0.000211582214    0.000211582214
1195    0    0.000224915988    0.000224915988 0    0    0.000225005642    0.000225005642
1205    1.99999995e-05    0.000218202083    0.000218202083 0    0    0.000218288347    0.000218288347
1215    0    0.00020477426    0.00020477426 0    0    0.000204857628    0.000204857628
1225    0    0.000174561661    0.000174561661 0    0    0.000174643021    0.000174643021
1235    0    0.000194703403    0.000194703403 0    0    0.000194780747    0.000194780747
1245    0    0.000154419933    0.000154419933 0    0    0.000154495981    0.000154495981
1255    0    0.000194703403    0.000194703403 0    0    0.000194774868    0.000194774868
1265    0    0.000198060356    0.000198060356 0    0    0.000198128953    0.000198128953
1275    0    8.72808305e-05    8.72808305e-05 0    0    8.7351531e-05    8.7351531e-05
1285    0    0    0 0    0    7.19181941e-08    7.19181941e-08
1295    0    0    0 0    0    6.95348632e-08    6.95348632e-08
1305    0    0    0 0    0    6.72556908e-08    6.72556908e-08
1315    0    0    0 0    0    6.50750422e-08    6.50750422e-08
1325    0    0    0 0    0    6.29876453e-08    6.29876453e-08
1335    0    0    0 0    0    6.09885831e-08    6.09885831e-08
1345    0    0    0 0    0    5.90732121e-08    5.90732121e-08
1355    0    0    0 0    0    5.72372123e-08    5.72372123e-08
1365    0    0    0 0    0    5.54765123e-08    5.54765123e-08
1375    0    0    0 0    0    5.37872928e-08    5.37872928e-08
1385    0    0    0 0    0    5.21659622e-08    5.21659622e-08
1395    0    0    0 0    0    5.06091418e-08    5.06091418e-08
1405    0    0    0 0    0    4.91136518e-08    4.91136518e-08
1415    0    0    0 0    0    4.76765116e-08    4.76765116e-08
1425    0    0    0 0    0    4.62948933e-08    4.62948933e-08
1435    0    0    0 0    0    4.49661464e-08    4.49661464e-08
1445    0    0    0 0    0    4.36877663e-08    4.36877663e-08
1455    0    0    0 0    0    4.24573834e-08    4.24573834e-08
1465    0    0    0 0    0    4.12727736e-08    4.12727736e-08
1475    0    0    0 0    0    4.01318232e-08    4.01318232e-08
1485    0    0    0 0    0    3.90325425e-08    3.90325425e-08
1495    0    0    0 0    0    3.79730452e-08    3.79730452e-08
1505    0    0    0 0    0    3.6951544e-08    3.6951544e-08
1515    0    0    0 0    0    3.59663552e-08    3.59663552e-08
1525    0    0    0 0    0    3.501588e-08    3.501588e-08
1535    0    0    0 0    0    3.40986048e-08    3.40986048e-08
1545    0    0    0 0    0    3.32130874e-08    3.32130874e-08
1555    0    0    0 0    0    3.23579634e-08    3.23579634e-08
1565    0    0    0 0    0    3.15319468e-08    3.15319468e-08
1575    0    0    0 0    0    3.07338048e-08    3.07338048e-08
1585    0    0    0 0    0    2.99623757e-08    2.99623757e-08
1595    0    0    0 0    0    2.92165474e-08    2.92165474e-08
1605    0    0    0 0    0    2.84952684e-08    2.84952684e-08
1615    0    0    0 0    0    2.77975367e-08    2.77975367e-08
1625    0    0    0 0    0    2.71223985e-08    2.71223985e-08
1635    0    0    0 0    0    2.64689479e-08    2.64689479e-08
1645    0    0    0 0    0    2.58363215e-08    2.58363215e-08
1655    0    0    0 0    0    2.52236951e-08    2.52236951e-08
1665    0    0    0 0    0    2.46302836e-08    2.46302836e-08
1675    0    0    0 0    0    2.40553408e-08    2.40553408e-08
1685    0    0    0 0    0    2.34981545e-08    2.34981545e-08
1695    0    0    0 0    0    2.29580426e-08    2.29580426e-08
1705    0    0    0 0    0    2.24343584e-08    2.24343584e-08
1715    0    0    0 0    0    2.19264802e-08    2.19264802e-08
1725    0    0    0 0    0    2.14338165e-08    2.14338165e-08
1735    0    0    0 0    0    2.09558007e-08    2.09558007e-08
1745    0    0    0 0    0    2.04918962e-08    2.04918962e-08
1755    0    0    0 0    0    2.00415826e-08    2.00415826e-08
1765    0    0    0 0    0    1.96043679e-08    1.96043679e-08
1775    0    0    0 0    0    1.91797778e-08    1.91797778e-08
1785    0    0    0 0    0    1.87673592e-08    1.87673592e-08
1795    0    0    0 0    0    1.83666806e-08    1.83666806e-08
1805    0    0    0 0    0    1.79773281e-08    1.79773281e-08
1815    0    0    0 0    0    1.75989019e-08    1.75989019e-08
1825    0    0    0 0    0    1.72310237e-08    1.72310237e-08
1835    0    0    0 0    0    1.68733294e-08    1.68733294e-08
1845    0    0    0 0    0    1.65254637e-08    1.65254637e-08
1855    0    0    0 0    0    1.61870979e-08    1.61870979e-08
1865    0    0    0 0    0    1.58579034e-08    1.58579034e-08
1875    0    0    0 0    0    1.55375766e-08    1.55375766e-08
1885    0    0    0 0    0    1.52258188e-08    1.52258188e-08
1895    0    0    0 0    0    1.49223478e-08    1.49223478e-08
1905    0    0    0 0    0    1.46268855e-08    1.46268855e-08
1915    0    0    0 0    0    1.43391734e-08    1.43391734e-08
1925    0    0    0 0    0    1.40589576e-08    1.40589576e-08
1935    0    0    0 0    0    1.37859946e-08    1.37859946e-08
1945    0    0    0 0    0    1.35200535e-08    1.35200535e-08
1955    0    0    0 0    0    1.32609088e-08    1.32609088e-08
1965    0    0    0 0    0    1.30083446e-08    1.30083446e-08
1975    0    0    0 0    0    1.27621531e-08    1.27621531e-08
1985    0    0    0 0    0    1.25221353e-08    1.25221353e-08
1995    0    0    0 0    0    1.22880985e-08    1.22880985e-08
2005    0    0    0 0    0    1.2059858e-08    1.2059858e-08
2015    0    0    0 0    0    1.18372343e-08    1.18372343e-08
2025    0    0    0 0    0    1.1620056e-08    1.1620056e-08
2035    0    0    0 0    0    1.14081589e-08    1.14081589e-08
2045    0    0    0 0    0    1.12013829e-08    1.12013829e-08
2055    0    0    0 0    0    1.09995737e-08    1.09995737e-08
2065    0    0    0 0    0    1.08025828e-08    1.08025828e-08
2075    0    0    0 0    0    1.06102691e-08    1.06102691e-08
2085    0    0    0 0    0    1.04224922e-08    1.04224922e-08
2095    0    0    0 0    0    1.02391198e-08    1.02391198e-08
2105    0    0    0 0    0    1.00600248e-08    1.00600248e-08
2115    0    0    0 0    0    9.8850812e-09    9.8850812e-09
2125    0    0    0 0    0    9.71417169e-09    9.71417169e-09
2135    0    0    0 0    0    9.54717905e-09    9.54717905e-09
2145    0    0    0 0    0    9.38399225e-09    9.38399225e-09
2155    0    0    0 0    0    9.22450294e-09    9.22450294e-09
2165    0    0    0 0    0    9.06860809e-09    9.06860809e-09
2175    0    0    0 0    0    8.91620555e-09    8.91620555e-09
2185    0    0    0 0    0    8.76719941e-09    8.76719941e-09
2195    0    0    0 0    0    8.62149552e-09    8.62149552e-09
2205    0    0    0 0    0    8.4790015e-09    8.4790015e-09
2215    0    0    0 0    0    8.33963032e-09    8.33963032e-09
2225    0    0    0 0    0    8.2032976e-09    8.2032976e-09
2235    0    0    0 0    0    8.06991984e-09    8.06991984e-09
2245    0    0    0 0    0    7.93941801e-09    7.93941801e-09
2255    0    0    0 0    0    7.81171483e-09    7.81171483e-09
2265    0    0    0 0    0    7.68673569e-09    7.68673569e-09
2275    0    0    0 0    0    7.56440866e-09    7.56440866e-09
2285    0    0    0 0    0    7.44466355e-09    7.44466355e-09
2295    0    0    0 0    0    7.32743199e-09    7.32743199e-09
2305    0    0    0 0    0    7.21265003e-09    7.21265003e-09
2315    0    0    0 0    0    7.10025194e-09    7.10025194e-09
2325    0    0    0 0    0    6.99017733e-09    6.99017733e-09
2335    0    0    0 0    0    6.88236712e-09    6.88236712e-09
2345    0    0    0 0    0    6.77676137e-09    6.77676137e-09
2355    0    0    0 0    0    6.67330591e-09    6.67330591e-09
2365    0    0    0 0    0    6.5719461e-09    6.5719461e-09
2375    0    0    0 0    0    6.47262777e-09    6.47262777e-09
2385    0    0    0 0    0    6.37530073e-09    6.37530073e-09
2395    0    0    0 0    0    6.2799157e-09    6.2799157e-09
