5    0.000560000015    0    0 0    0    0    0
15    0.00107999996    0    0 0    0    0    0
25    0.00191999995    0    0 0    0    0    0
35    0.00219999999    0    0 0    0    0    0
45    0.00306000002    0    0 0    0    0    0
55    0.00306000002    0    0 0    0    0    0
65    0.00362000009    0    0 0    0    0    0
75    0.00371999992    0    0 0    0    0    0
85    0.00400000019    0    0 0    0    0    0
95    0.00386000006    0    0 0    0    0    0
105    0.00404000003    0    0 0    0    0    0
115    0.00433999998    0    0 0    0    0    0
125    0.00412000017    0    0 0    0    0    0
135    0.00377999991    0    0 0    0    0    0
145    0.00412000017    0    0 0    0    0    0
155    0.00487999991    0    0 0    0    0    0
165    0.00454000011    3.33333332e-06    3.33333332e-06 3.33333332e-06    3.33333332e-06    0    0
175    0.00395999989    1.66666669e-05    1.66666669e-05 1.66666669e-05    1.66666669e-05    8.08949153e-06    8.08949153e-06
185    0.00457999995    1.66666669e-05    1.66666669e-05 1.66666669e-05    1.66666669e-05    7.08799462e-06    7.08799462e-06
195    0.0045599998    7.00000019e-05    7.00000019e-05 7.00000019e-05    7.00000019e-05    5.9252121e-05    5.9252121e-05
205    0.0049399999    7.00000019e-05    7.00000019e-05 7.00000019e-05    7.00000019e-05    5.78927393e-05    5.78927393e-05
215    0.00463999994    9.66666703e-05    9.66666703e-05 0.000133543537    7.12997862e-05    8.29582204e-05    8.29582204e-05
225    0.00433999998    9.99999975e-05    9.99999975e-05 0.000138719901    7.33518536e-05    8.43992457e-05    8.43992457e-05
235    0.00516000018    0.000146666673    0.000146666673 0.000200574679    0.00010952451    0.00012880475    0.00012880475
245    0.00553999981    0.000209999998    0.000209999998 0.000280746521    0.000161200849    0.000189419239    0.000189419239
255    0.00546000013    0.000306666654    0.000306666654 0.000407409592    0.000236991327    0.000282786757    0.000282786757
265    0.00579999993    0.00039666667    0.00039666667 0.000521685404    0.000309970172    0.000368750392    0.000368750392
275    0.00561999995    0.000353333337    0.000353333337 0.000452793669    0.000284310023    0.000320438994    0.000320438994
285    0.00662000012    0.000669999979    0.000669999979 0.000838744047    0.00055267592    0.000630832161    0.000630832161
295    0.00620000018    0.000703333353    0.000703333353 0.000872122822    0.000585818547    0.000656246382    0.000656246382
305    0.00719999988    0.000950000016    0.000950000016 0.00114276935    0.000815679377    0.000892694865    0.000892694865
315    0.00805999991    0.00110999995    0.00110999995 0.00130904187    0.000970992318    0.0010393362    0.0010393362
325    0.00899999961    0.00142666663    0.00142666663 0.0016458364    0.00127333391    0.00133817061    0.00133817061
335    0.0103799999    0.00179666665    0.00179666665 0.00202563242    0.00163597753    0.00168386893    0.00168386893
345    0.0115799997    0.00234999997    0.00234999997 0.00262478902    0.00215667789    0.00220323447    0.00220323447
355    0.0123600001    0.00325333327    0.00325333327 0.00357045373    0.00303060655    0.00305768335    0.00305768335
365    0.0143999998    0.00454333331    0.00454333331 0.00494680973    0.00426039891    0.00427491311    0.00427491311
375    0.0158799998    0.0062533333    0.0062533333 0.00678110402    0.00588366436    0.00587213691    0.00587213691
385    0.0215399992    0.00915000029    0.00915000029 0.00988255069    0.00863757823    0.00858533289    0.00858533289
395    0.0260799993    0.0131733334    0.0131733334 0.0141944736    0.0124595957    0.0122926962    0.0122926962
405    0.0344800018    0.020403333    0.020403333 0.021890441    0.0193647072    0.0189410262    0.0189410262
415    0.0463199988    0.0324500017    0.0324500017 0.0345767885    0.0309655201    0.0298414137    0.0298414137
425    0.0650200024    0.0546533316    0.0546533316 0.0576058812    0.0525938347    0.0497127436    0.0497127436
435    0.0965799987    0.0935166702    0.0935166702 0.0969197899    0.0911436751    0.0847358033    0.0847358033
445    0.12054    0.141910002    0.141910002 0.144076854    0.140400574    0.13474451    0.13474451
455    0.119740002    0.152579993    0.152579993 0.151377037    0.153446257    0.159713522    0.159713522
465    0.0832199976    0.113803335    0.113803335 0.11044991    0.116139092    0.122561701    0.122561701
475    0.0536400005    0.0731500015    0.0731500015 0.0694967732    0.0756982043    0.0780767202    0.0780767202
485    0.033640001    0.0485699996    0.0485699996 0.0452351421    0.0508941039    0.0511697941    0.0511697941
495    0.0228199996    0.0336466655    0.0336466655 0.0308190603    0.0356167369    0.0351031087    0.0351031087
505    0.0142200002    0.0240666661    0.0240666661 0.021730816    0.0256944653    0.0249432623    0.0249432623
515    0.0103000002    0.0189833324    0.0189833324 0.0168897472    0.0204405598    0.0195449479    0.0195449479
525    0.00755999982    0.0147733334    0.0147733334 0.012980191    0.016020216    0.0151522476    0.0151522476
535    0.00553999981    0.0125066666    0.0125066666 0.0108486712    0.0136606777    0.0127732372    0.0127732372
545    0.00448000012    0.0100800004    0.0100800004 0.00863906369    0.0110840769    0.0102742035    0.0102742035
555    0.00365999993    0.00853333343    0.00853333343 0.00721809966    0.00944993272    0.00867891777    0.00867891777
565    0.00221999991    0.00744666671    0.00744666671 0.00621885667    0.00830172934    0.00755846128    0.00755846128
575    0.00196000002    0.00619666651    0.00619666651 0.00509760669    0.00696195243    0.00628433563    0.00628433563
585    0.00193999999    0.00583666656    0.00583666656 0.00475849211    0.00658765994    0.00590657676    0.00590657676
595    0.00156    0.00485666655    0.00485666655 0.00390334008    0.00552043878    0.00491334172    0.00491334172
605    0.00133999996    0.0046000001    0.0046000001 0.00367021305    0.00524691911    0.00464651175    0.00464651175
615    0.00115999999    0.00400333339    0.00400333339 0.0031337745    0.00460812123    0.00404199399    0.00404199399
625    0.000959999976    0.00350000011    0.00350000011 0.00268650311    0.00406584563    0.00353247626    0.00353247626
635    0.000679999997    0.00332999998    0.00332999998 0.00248408061    0.00391827198    0.00335751171    0.00335751171
645    0.000520000001    0.00317333336    0.00317333336 0.00242525712    0.0036932854    0.00319683575    0.00319683575
655    0.000440000003    0.00278666662    0.00278666662 0.00205242238    0.00329702883    0.00280692242    0.00280692242
665    0.000539999979    0.00266666664    0.00266666664 0.00193976704    0.00317177386    0.00268422323    0.00268422323
675    0.000440000003    0.0023533334    0.0023533334 0.00173855701    0.0027801604    0.00236866786    0.00236866786
685    0.000319999992    0.00207666657    0.00207666657 0.00148713787    0.0024861102    0.00209013908    0.00209013908
695    0.00039999999    0.00206000009    0.00206000009 0.00143029389    0.00249697734    0.00207187608    0.00207187608
705    0.000199999995    0.00188666664    0.00188666664 0.00134866859    0.00225971802    0.00189720211    0.00189720211
715    0.000280000007    0.0017266667    0.0017266667 0.00110100978    0.00216043671    0.00173605606    0.00173605606
725    0.000380000012    0.00167666667    0.00167666667 0.00107890298    0.00209070346    0.0016850601    0.0016850601
735    0.000140000004    0.00153999997    0.00153999997 0.000986795407    0.00192287203    0.00154754147    0.00154754147
745    0.000199999995    0.00144333334    0.00144333334 0.000916316814    0.0018078197    0.00145013141    0.00145013141
755    0.000119999997    0.0013    0.0013 0.000742093602    0.00168558024    0.00130615488    0.00130615488
765    0.000180000003    0.00134333328    0.00134333328 0.000802964496    0.00171653135    0.00134890527    0.00134890527
775    0.000140000004    0.00129000004    0.00129000004 0.000565575843    0.00178984611    0.00129506795    0.00129506795
785    0.000180000003    0.00124999997    0.00124999997 0.000638660917    0.001671331    0.00125462154    0.00125462154
795    7.9999998e-05    0.00116333331    0.00116333331 0.000575567072    0.00156797282    0.00116756395    0.00116756395
805    0.000119999997    0.00111666671    0.00111666671 0.000599620456    0.00147230516    0.00112054555    0.00112054555
815    5.99999985e-05    0.00107999996    0.00107999996 0.000292315439    0.00162102177    0.00108356413    0.00108356413
825    9.99999975e-05    0.000906666683    0.000906666683 0.000456961192    0.00121552811    0.000909963797    0.000909963797
835    5.99999985e-05    0.000876666687    0.000876666687 0.000176652669    0.00135624385    0.000879710016    0.000879710016
845    1.99999995e-05    0.000913333322    0.000913333322 0.000401919853    0.0012631485    0.000916140911    0.000916140911
855    1.99999995e-05    0.000910000002    0.000910000002 0.000197263536    0.00139736373    0.000912598509    0.000912598509
865    3.9999999e-05    0.000823333336    0.000823333336 1.74775323e-05    0.00137275667    0.000825751398    0.000825751398
875    0    0.00079999998    0.00079999998 0.000190600287    0.00121479109    0.000802248134    0.000802248134
885    3.9999999e-05    0.000760000024    0.000760000024 5.11122271e-05    0.00124211877    0.0007620955    0.0007620955
895    5.99999985e-05    0.000720000011    0.000720000011 0    0.00135892234    0.000721956603    0.000721956603
905    3.9999999e-05    0.000590000011    0.000590000011 0.000260819797    0.00081279187    0.00059183978    0.00059183978
915    3.9999999e-05    0.000616666686    0.000616666686 0    0.00124333811    0.000618383579    0.000618383579
925    3.9999999e-05    0.000650000002    0.000650000002 0.00100160053    0.000412913301    0.000651603157    0.000651603157
935    1.99999995e-05    0.000630000024    0.000630000024 0.000972972019    0.000399188633    0.00063150411    0.00063150411
945    1.99999995e-05    0.000590000011    0.000590000011 0.00091248547    0.000373202638    0.000591415272    0.000591415272
955    1.99999995e-05    0.000566666655    0.000566666655 0.000878905994    0.000357321609    0.000567998446    0.000567998446
965    3.9999999e-05    0.000560000015    0.000560000015 0.000871687953    0.000351748982    0.000561253051    0.000561253051
975    0    0.000513333362    0.000513333362 0.000800958311    0.000321594387    0.000514517887    0.000514517887
985    0    0.00046333333    0.00046333333 0.000725057907    0.000289322255    0.000464455166    0.000464455166
995    5.99999985e-05    0.000469999999    0.000469999999 0.000736777612    0.000292884273    0.000471057836    0.000471057836
1005    5.99999985e-05    0.000516666682    0.000516666682 0    0    0.000517660694    0.000517660694
1015    0    0.000456666661    0.000456666661 0    0    0.000457612477    0.000457612477
1025    3.9999999e-05    0.000456666661    0.000456666661 0    0    0.000457561517    0.000457561517
1035    0    0.000456666661    0.000456666661 0    0    0.00045751399    0.00045751399
1045    1.99999995e-05    0.00046000001    0.00046000001 0    0    0.000460802548    0.000460802548
1055    0    0.000369999994    0.000369999994 0    0    0.00037077078    0.00037077078
1065    0    0.000339999999    0.000339999999 0    0    0.000340735161    0.000340735161
1075    1.99999995e-05    0.000360000005    0.000360000005 0    0    0.000360696547    0.000360696547
1085    0    0.000366666674    0.000366666674 0    0    0.000367328321    0.000367328321
1095    0    0.000326666661    0.000326666661 0    0    0.000327300571    0.000327300571
1105    0    0.000300000014    0.000300000014 0    0    0.000300606654    0.000300606654
1115    0    0.000376666663    0.000376666663 0    0    0.000377236604    0.000377236604
1125    3.9999999e-05    0.000300000014    0.000300000014 0    0    0.000300551532    0.000300551532
1135    1.99999995e-05    0.000310000003    0.000310000003 0    0    0.000310525269    0.000310525269
1145    0    0.000276666658    0.000276666658 0    0    0.000277171814    0.000277171814
1155    0    0.000303333334    0.000303333334 0    0    0.00030381314    0.00030381314
1165    0    0.000316666672    0.000316666672 0    0    0.000317123835    0.000317123835
1175    1.99999995e-05    0.00026666667    0.00026666667 0    0    0.000267109222    0.000267109222
1185    0    0.000286666676    0.000286666676 0    0    0.0002870881    0.0002870881
1195    0    0.000199999995    0.000199999995 0    0    0.000200412847    0.000200412847
1205    0    0.00026666667    0.00026666667 0    0    0.000267055264    0.000267055264
1215    0    0.000186666672    0.000186666672 0    0    0.000187047786    0.000187047786
1225    0    0.000293333345    0.000293333345 0    0    0.000293687568    0.000293687568
1235    0    0.000273333339    0.000273333339 0    0    0.000273675163    0.000273675163
1245    0    0.000226666671    0.000226666671 0    0    0.00022699972    0.00022699972
1255    0    0.000239999994    0.000239999994 0    0    0.000240318463    0.000240318463
1265    0    0.000243333328    0.000243333328 0    0    0.000243638919    0.000243638919
1275    0    0.00023333334    0.00023333334 0    0    0.000233628089    0.000233628089
1285    0    0.000199999995    0.000199999995 0    0    0.000200287017    0.000200287017
1295    0    0.000216666667    0.000216666667 0    0    0.000216941044    0.000216941044
1305    0    0.000216666667    0.000216666667 0    0    0.000216930726    0.000216930726
1315    0    0.000199999995    0.000199999995 0    0    0.000200256021    0.000200256021
1325    1.99999995e-05    0.000180000003    0.000180000003 0    0    0.000180248782    0.000180248782
1335    0    0.000180000003    0.000180000003 0    0    0.000180239789    0.000180239789
1345    0    0.000209999998    0.000209999998 0    0    0.00021022794    0.00021022794
1355    0    0.000173333334    0.000173333334 0    0    0.00017355704    0.00017355704
1365    0    0.000153333327    0.000153333327 0    0    0.000153551344    0.000153551344
1375    0    0.000183333337    0.000183333337 0    0    0.000183540571    0.000183540571
1385    0    0.000140000004    0.000140000004 0    0    0.00014020472    0.00014020472
1395    0    0.000136666669    0.000136666669 0    0    0.000136864852    0.000136864852
1405    0    0.000166666665    0.000166666665 0    0    0.000166854981    0.000166854981
1415    0    0.000143333338    0.000143333338 0    0    0.000143517827    0.000143517827
1425    0    0.000140000004    0.000140000004 0    0    0.000140178759    0.000140178759
1435    0    0.000156666661    0.000156666661 0    0    0.000156837792    0.000156837792
1445    0    0.000140000004    0.000140000004 0    0    0.000140167307    0.000140167307
1455    0    9.99999975e-05    9.99999975e-05 0    0    0.00010016626    0.00010016626
1465    0    0.000143333338    0.000143333338 0    0    0.000143489713    0.000143489713
1475    0    0.00016333333    0.00016333333 0    0    0.00016348256    0.00016348256
1485    0    0.000119999997    0.000119999997 0    0    0.00012014914    0.00012014914
1495    0    9.33333358e-05    9.33333358e-05 0    0    9.3480754e-05    9.3480754e-05
1505    0    7.66666635e-05    7.66666635e-05 0    0    7.68114623e-05    7.68114623e-05
1515    0    9.99999975e-05    9.99999975e-05 0    0    0.000100137986    0.000100137986
1525    0    7.66666635e-05    7.66666635e-05 0    0    7.68030732e-05    7.68030732e-05
1535    0    9.00000014e-05    9.00000014e-05 0    0    9.01309977e-05    9.01309977e-05
1545    0    9.66666703e-05    9.66666703e-05 0    0    9.67931192e-05    9.67931192e-05
1555    0    9.66666703e-05    9.66666703e-05 0    0    9.67894448e-05    9.67894448e-05
1565    0    9.33333358e-05    9.33333358e-05 0    0    9.34529162e-05    9.34529162e-05
1575    0    9.99999975e-05    9.99999975e-05 0    0    0.000100115431    0.000100115431
1585    0    8.33333324e-05    8.33333324e-05 0    0    8.34472594e-05    8.34472594e-05
1595    0    7.9999998e-05    7.9999998e-05 0    0    8.01111019e-05    8.01111019e-05
1605    0    0.000106666666    0.000106666666 0    0    0.000106771797    0.000106771797
1615    0    7.33333363e-05    7.33333363e-05 0    0    7.34390997e-05    7.34390997e-05
1625    0    8.33333324e-05    8.33333324e-05 0    0    8.34351304e-05    8.34351304e-05
1635    0    7.9999998e-05    7.9999998e-05 0    0    8.00993803e-05    8.00993803e-05
1645    0    9.33333358e-05    9.33333358e-05 0    0    9.34285781e-05    9.34285781e-05
1655    0    0.000110000001    0.000110000001 0    0    0.000110090834    0.000110090834
1665    0    0.000113333335    0.000113333335 0    0    0.000113421287    0.000113421287
1675    0    5.99999985e-05    5.99999985e-05 0    0    6.00913118e-05    6.00913118e-05
1685    0    9.66666703e-05    9.66666703e-05 0    0    9.67516389e-05    9.67516389e-05
1695    0    5.33333332e-05    5.33333332e-05 0    0    5.34207284e-05    5.34207284e-05
1705    0    4.99999987e-05    4.99999987e-05 0    0    5.00855494e-05    5.00855494e-05
1715    0    7.33333363e-05    7.33333363e-05 0    0    7.34142086e-05    7.34142086e-05
1725    0    5.66666677e-05    5.66666677e-05 0    0    5.6747278e-05    5.6747278e-05
1735    0    7.00000019e-05    7.00000019e-05 0    0    7.00771561e-05    7.00771561e-05
1745    0    5.66666677e-05    5.66666677e-05 0    0    5.67433199e-05    5.67433199e-05
1755    0    5.33333332e-05    5.33333332e-05 0    0    5.34084611e-05    5.34084611e-05
1765    0    5.33333332e-05    5.33333332e-05 0    0    5.34066276e-05    5.34066276e-05
1775    1.99999995e-05    7.9999998e-05    7.9999998e-05 0    0    8.00686248e-05    8.00686248e-05
1785    0    5.66666677e-05    5.66666677e-05 0    0    5.67360985e-05    5.67360985e-05
1795    0    5.66666677e-05    5.66666677e-05 0    0    5.6734425e-05    5.6734425e-05
1805    0    3.66666682e-05    3.66666682e-05 0    0    3.67349749e-05    3.67349749e-05
1815    0    4.33333335e-05    4.33333335e-05 0    0    4.33993409e-05    4.33993409e-05
1825    0    3.33333337e-05    3.33333337e-05 0    0    3.33988937e-05    3.33988937e-05
1835    0    2.99999992e-05    2.99999992e-05 0    0    3.00644351e-05    3.00644351e-05
1845    0    4.99999987e-05    4.99999987e-05 0    0    5.00608185e-05    5.00608185e-05
1855    0    1.33333333e-05    1.33333333e-05 0    0    1.33967278e-05    1.33967278e-05
1865    0    0    0 0    0    6.34770387e-08    6.34770387e-08
1875    0    0    0 0    0    6.21503204e-08    6.21503204e-08
1885    0    0    0 0    0    6.08603159e-08    6.08603159e-08
1895    0    0    0 0    0    5.96057674e-08    5.96057674e-08
1905    0    0    0 0    0    5.83854671e-08    5.83854671e-08
1915    0    0    0 0    0    5.7198239e-08    5.7198239e-08
1925    0    0    0 0    0    5.60429889e-08    5.60429889e-08
1935    0    0    0 0    0    5.49186403e-08    5.49186403e-08
1945    0    0    0 0    0    5.38241629e-08    5.38241629e-08
1955    0    0    0 0    0    5.27585726e-08    5.27585726e-08
1965    0    0    0 0    0    5.1720928e-08    5.1720928e-08
1975    0    0    0 0    0    5.07103159e-08    5.07103159e-08
1985    0    0    0 0    0    4.9725859e-08    4.9725859e-08
1995    0    0    0 0    0    4.87667187e-08    4.87667187e-08
2005    0    0    0 0    0    4.78320921e-08    4.78320921e-08
2015    0    0    0 0    0    4.69211905e-08    4.69211905e-08
2025    0    0    0 0    0    4.60332714e-08    4.60332714e-08
2035    0    0    0 0    0    4.51676172e-08    4.51676172e-08
2045    0    0    0 0    0    4.43235315e-08    4.43235315e-08
2055    0    0    0 0    0    4.35003429e-08    4.35003429e-08
2065    0    0    0 0    0    4.26974154e-08    4.26974154e-08
2075    0    0    0 0    0    4.19141273e-08    4.19141273e-08
2085    0    0    0 0    0    4.11498817e-08    4.11498817e-08
2095    0    0    0 0    0    4.04040996e-08    4.04040996e-08
2105    0    0    0 0    0    3.96762339e-08    3.96762339e-08
2115    0    0    0 0    0    3.89657409e-08    3.89657409e-08
2125    0    0    0 0    0    3.82721161e-08    3.82721161e-08
2135    0    0    0 0    0    3.75948517e-08    3.75948517e-08
2145    0    0    0 0    0    3.69334785e-08    3.69334785e-08
2155    0    0    0 0    0    3.62875241e-08    3.62875241e-08
2165    0    0    0 0    0    3.56565444e-08    3.56565444e-08
2175    0    0    0 0    0    3.50401095e-08    3.50401095e-08
2185    0    0    0 0    0    3.44378002e-08    3.44378002e-08
2195    0    0    0 0    0    3.3849215e-08    3.3849215e-08
2205    0    0    0 0    0    3.32739702e-08    3.32739702e-08
2215    0    0    0 0    0    3.27116858e-08    3.27116858e-08
2225    0    0    0 0    0    3.21619993e-08    3.21619993e-08
2235    0    0    0 0    0    3.16245554e-08    3.16245554e-08
2245    0    0    0 0    0    3.10990202e-08    3.10990202e-08
2255    0    0    0 0    0    3.05850669e-08    3.05850669e-08
2265    0    0    0 0    0    3.00823793e-08    3.00823793e-08
2275    0    0    0 0    0    2.9590641e-08    2.9590641e-08
2285    0    0    0 0    0    2.91095645e-08    2.91095645e-08
2295    0    0    0 0    0    2.86388602e-08    2.86388602e-08
2305    0    0    0 0    0    2.81782473e-08    2.81782473e-08
2315    0    0    0 0    0    2.77274612e-08    2.77274612e-08
2325    0    0    0 0    0    2.7286239e-08    2.7286239e-08
2335    0    0    0 0    0    2.68543303e-08    2.68543303e-08
2345    0    0    0 0    0    2.64314863e-08    2.64314863e-08
2355    0    0    0 0    0    2.60174744e-08    2.60174744e-08
2365    0    0    0 0    0    2.56120618e-08    2.56120618e-08
2375    0    0    0 0    0    2.52150301e-08    2.52150301e-08
2385    0    0    0 0    0    2.48261607e-08    2.48261607e-08
2395    0    0    0 0    0    2.44452476e-08    2.44452476e-08
