5    0.00221999991    0    0 0    0    0    0
15    0.00585999992    0    0 0    0    0    0
25    0.00837999955    0    0 0    0    0    0
35    0.0106600001    0    0 0    0    0    0
45    0.0124399997    0    0 0    0    0    0
55    0.0139600001    0    0 0    0    0    0
65    0.0130599998    0    0 0    0    0    0
75    0.01456    0    0 0    0    0    0
85    0.0144999996    0    0 0    0    0    0
95    0.01504    0    0 0    0    0    0
105    0.0157600008    0    0 0    0    0    0
115    0.0138800004    0    0 0    0    0    0
125    0.0142599996    0    0 0    0    0    0
135    0.0148200002    0    0 0    0    0    0
145    0.0140000004    0    0 0    0    0    0
155    0.0145800002    3.45240687e-06    3.45240687e-06 3.45240687e-06    3.45240687e-06    0    0
165    0.0130799999    0    0 0    0    0    0
175    0.0140000004    1.03572202e-05    1.03572202e-05 1.03572202e-05    1.03572202e-05    0    0
185    0.0140199997    1.38096275e-05    1.38096275e-05 1.38096275e-05    1.38096275e-05    0    0
195    0.0137599995    2.7619255e-05    2.7619255e-05 2.7619255e-05    2.7619255e-05    0    0
205    0.0123199997    3.45240696e-05    3.45240696e-05 3.45240696e-05    3.45240696e-05    0    0
215    0.0117600001    4.48812898e-05    4.48812898e-05 6.31159928e-05    3.21884545e-05    0    0
225    0.0117199998    5.17861045e-05    5.17861045e-05 7.28770319e-05    3.71011083e-05    0    0
235    0.0121200001    6.90481393e-05    6.90481393e-05 9.68801905e-05    4.96546381e-05    0    0
245    0.0121200001    9.66673906e-05    9.66673906e-05 0.000135419134    6.96211282e-05    0    0
255    0.0112199998    0.000117381831    0.000117381831 0.000162939017    8.55171675e-05    0    0
265    0.0107000005    0.000117381831    0.000117381831 0.000162750832    8.55727994e-05    0    0
275    0.0115599995    0.000176072746    0.000176072746 0.000242354843    0.000129578562    3.40381011e-05    3.40381011e-05
285    0.0101600001    0.000169167935    0.000169167935 0.0002314585    0.00012541686    1.93079977e-05    1.93079977e-05
295    0.0109000001    0.000203692005    0.000203692005 0.000278146646    0.000151364962    4.53115063e-05    4.53115063e-05
305    0.0105999997    0.000207144418    0.000207144418 0.000279296364    0.000156405265    3.96984651e-05    3.96984651e-05
315    0.0106199998    0.000241668473    0.000241668473 0.000322762062    0.00018452802    6.43786479e-05    6.43786479e-05
325    0.01052    0.000310716627    0.000310716627 0.000410285895    0.000240394394    0.000122729209    0.000122729209
335    0.00970000029    0.000334883458    0.000334883458 0.000436327478    0.000262966641    0.000135494789    0.000135494789
345    0.0101600001    0.000379764766    0.000379764766 0.000488347199    0.000302105182    0.000168005557    0.000168005557
355    0.0105400002    0.000438455667    0.000438455667 0.000550671422    0.000357969286    0.000213285355    0.000213285355
365    0.00844000001    0.000466074911    0.000466074911 0.000579404179    0.000385089574    0.000226477408    0.000226477408
375    0.00922000036    0.000638695259    0.000638695259 0.000786123506    0.00053356326    0.000383046456    0.000383046456
385    0.00939999986    0.000683576567    0.000683576567 0.000835993909    0.000575227779    0.000410890818    0.000410890818
395    0.0087799998    0.000766434299    0.000766434299 0.000928393216    0.000651598966    0.000475117587    0.000475117587
405    0.00911999959    0.000890720985    0.000890720985 0.00107498898    0.000760384428    0.0005790086    0.0005790086
415    0.00865999982    0.000952864299    0.000952864299 0.00114108901    0.000819992158    0.000619101163    0.000619101163
425    0.00908000022    0.00109441299    0.00109441299 0.00130284112    0.000947606517    0.000736341986    0.000736341986
435    0.00870000012    0.00127048569    0.00127048569 0.00150784105    0.00110359141    0.000885744754    0.000885744754
445    0.00932000019    0.00147763011    0.00147763011 0.0017441985    0.00129065826    0.00106360542    0.00106360542
455    0.00863999967    0.00154667825    0.00154667825 0.00182757014    0.00135012763    0.00110093516    0.00110093516
465    0.00898000039    0.00178489438    0.00178489438 0.00208421261    0.00157540152    0.00130379968    0.00130379968
475    0.00860000029    0.00185394252    0.00185394252 0.00215421431    0.00164369913    0.00133443228    0.00133443228
485    0.00891999993    0.00199203868    0.00199203868 0.00232133921    0.00176193053    0.00142994756    0.00142994756
495    0.00932000019    0.00230620778    0.00230620778 0.00268280297    0.00204340438    0.00169657834    0.00169657834
505    0.00879999995    0.00248918543    0.00248918543 0.00287086819    0.00222311751    0.00182736444    0.00182736444
515    0.00922000036    0.00274466351    0.00274466351 0.00319125433    0.00243398035    0.00202479213    0.00202479213
525    0.00836000033    0.00320383348    0.00320383348 0.00367813185    0.00287444727    0.00241896487    0.00241896487
535    0.00875999965    0.00313478545    0.00313478545 0.00359403458    0.00281589339    0.00227921293    0.00227921293
545    0.00965999998    0.00350764534    0.00350764534 0.00401407247    0.00315588806    0.00257201865    0.00257201865
555    0.00894000009    0.00399443461    0.00399443461 0.00458174106    0.00358683825    0.00296929083    0.00296929083
565    0.00939999986    0.00412562629    0.00412562629 0.00472156098    0.00371274678    0.00300166477    0.00300166477
575    0.00944000017    0.00480920263    0.00480920263 0.00549501134    0.00433447817    0.00357329519    0.00357329519
585    0.00965999998    0.00512682414    0.00512682414 0.00582078751    0.0046467674    0.0037670217    0.0037670217
595    0.00935999956    0.00574825751    0.00574825751 0.00655670371    0.00518952217    0.00424923003    0.00424923003
605    0.0101800002    0.00620052265    0.00620052265 0.00707637519    0.0055962503    0.00454670005    0.00454670005
615    0.00982000027    0.00688409945    0.00688409945 0.00783604383    0.00622804789    0.00505721616    0.00505721616
625    0.00937999971    0.00745719858    0.00745719858 0.00848413352    0.00674997969    0.00543848798    0.00543848798
635    0.0100199999    0.00824780017    0.00824780017 0.00940026343    0.00745503418    0.0060163904    0.0060163904
645    0.0102599999    0.00926280767    0.00926280767 0.0104883658    0.00842086226    0.00679717166    0.00679717166
655    0.0101199998    0.0101949573    0.0101949573 0.011545768    0.00926773436    0.00747472327    0.00747472327
665    0.0107399998    0.0111892503    0.0111892503 0.0126628773    0.0101790885    0.00819542259    0.00819542259
675    0.0107399998    0.0124183074    0.0124183074 0.0139926951    0.0113403378    0.00913543254    0.00913543254
685    0.0115999999    0.0140305813    0.0140305813 0.0157232229    0.0128725013    0.010450054    0.010450054
695    0.0112199998    0.0149247544    0.0149247544 0.0167005509    0.0137117319    0.0110527677    0.0110527677
705    0.0121400002    0.0166716725    0.0166716725 0.0186162051    0.0153455297    0.0125274742    0.0125274742
715    0.0112800002    0.0178834666    0.0178834666 0.0197951738    0.0165809598    0.0135146109    0.0135146109
725    0.0113599999    0.0200550314    0.0200550314 0.0220748149    0.0186810736    0.01553676    0.01553676
735    0.0117800003    0.0222645719    0.0222645719 0.0243186001    0.020869609    0.0177132506    0.0177132506
745    0.0120999999    0.0241841096    0.0241841096 0.0262457766    0.0227862056    0.0197590385    0.0197590385
755    0.0120000001    0.0257756691    0.0257756691 0.0278250892    0.0243883468    0.0216754656    0.0216754656
765    0.0112600001    0.0276054461    0.0276054461 0.0295343529    0.0263013504    0.0240541641    0.0240541641
775    0.0108599998    0.0286515243    0.0286515243 0.0303448979    0.0275087003    0.0258800462    0.0258800462
785    0.0114599997    0.0306918975    0.0306918975 0.0321696363    0.0296967365    0.0288981125    0.0288981125
795    0.0117600001    0.0316033326    0.0316033326 0.032789696    0.0308058579    0.0309288781    0.0309288781
805    0.0110799996    0.0322627425    0.0322627425 0.0317210034    0.0330699421    0.0327578597    0.0327578597
815    0.0107399998    0.0318277404    0.0318277404 0.0315572843    0.032231614    0.0334459692    0.0334459692
825    0.0100999996    0.0320555978    0.0320555978 0.0319623053    0.0321458317    0.0346566103    0.0346566103
835    0.00896000024    0.03157226    0.03157226 0.0311364047    0.0318627805    0.0349573717    0.0349573717
845    0.0083999997    0.0301084407    0.0301084407 0.0292708371    0.0306656361    0.0340517201    0.0340517201
855    0.00743999984    0.0284892619    0.0284892619 0.0272441022    0.029316362    0.0327664278    0.0327664278
865    0.00766000012    0.0265110321    0.0265110321 0.0249772128    0.0275262594    0.0309253912    0.0309253912
875    0.00695999991    0.024722686    0.024722686 0.0228869934    0.0259346869    0.0291152205    0.0291152205
885    0.00656000013    0.023434937    0.023434937 0.0213189255    0.0248294827    0.0276877731    0.0276877731
895    0.00522000017    0.0217743292    0.0217743292 0.0194661319    0.0232898686    0.0258105714    0.0258105714
905    0.00523999985    0.0196269322    0.0196269322 0.0172734708    0.0211680662    0.0234018993    0.0234018993
915    0.00442000013    0.0183495432    0.0183495432 0.0157843288    0.0200261697    0.0218391456    0.0218391456
925    0.00418000016    0.017127391    0.017127391 0.0143646114    0.0189263262    0.0203273017    0.0203273017
935    0.00389999989    0.0160778593    0.0160778593 0.0130119119    0.0180688109    0.0189951211    0.0189951211
945    0.00318    0.0142653454    0.0142653454 0.011488406    0.0160651542    0.0169168934    0.0169168934
955    0.00283999997    0.0135714114    0.0135714114 0.0105845872    0.0155006479    0.0159729291    0.0159729291
965    0.00276000006    0.0124528315    0.0124528315 0.00969685707    0.014225211    0.0146261137    0.0146261137
975    0.00230000005    0.0112099648    0.0112099648 0.00828132872    0.0130866775    0.0131762587    0.0131762587
985    0.00202000001    0.0104228165    0.0104228165 0.00739386259    0.0123581327    0.0122011015    0.0122011015
995    0.00197999994    0.00950447563    0.00950447563 0.00657633599    0.0113705434    0.0111141987    0.0111141987
1005    0.00171999994    0.00901768636    0.00901768636 0.00560424011    0.0111863622    0.0104752509    0.0104752509
1015    0.00144000002    0.00792327337    0.00792327337 0.00509446533    0.00971466117    0.00924643129    0.00924643129
1025    0.00132000004    0.00751243718    0.00751243718 0.00469685951    0.00928940531    0.00871374551    0.00871374551
1035    0.00107999996    0.00718445843    0.00718445843 0.00432372419    0.00898322277    0.00827666186    0.00827666186
1045    0.00104    0.00659754965    0.00659754965 0.00365743274    0.00843916275    0.00759295095    0.00759295095
1055    0.00092000002    0.00638695247    0.00638695247 0.00314704026    0.00840841141    0.00729479501    0.00729479501
1065    0.000780000002    0.00589671079    0.00589671079 0.0031544792    0.00760077825    0.0067269234    0.0067269234
1075    0.000720000011    0.0054858746    0.0054858746 0.00268179597    0.00722074416    0.00624634232    0.00624634232
1085    0.000880000007    0.00518206274    0.00518206274 0.00211644266    0.00707062706    0.00587967597    0.00587967597
1095    0.000539999979    0.00504741864    0.00504741864 0.00202389993    0.00690134428    0.0056880773    0.0056880773
1105    0.000720000011    0.00461241556    0.00461241556 0.00191408489    0.00625966769    0.0052026175    0.0052026175
1115    0.000500000024    0.00435348507    0.00435348507 0.00136806839    0.00616705604    0.0048977579    0.0048977579
1125    0.000539999979    0.00432586577    0.00432586577 0.00106784597    0.0062957136    0.00482802326    0.00482802326
1135    0.000500000024    0.00394610083    0.00394610083 0.00105231442    0.00568737043    0.0044111032    0.0044111032
1145    0.000239999994    0.0038390765    0.0038390765 5.88047733e-05    0.00610219548    0.00426969631    0.00426969631
1155    0.000300000014    0.00353526464    0.00353526464 0.00133654056    0.00484522386    0.00393521274    0.00393521274
1165    0.000280000007    0.00339026353    0.00339026353 9.96536473e-05    0.0053404388    0.00376191689    0.00376191689
1175    0.000339999999    0.00319002382    0.00319002382 0.000610078278    0.0047118566    0.00353606418    0.00353606418
1185    0.000360000005    0.00313823787    0.00313823787 0    0.00505791791    0.0034605132    0.0034605132
1195    0.000239999994    0.00314514269    0.00314514269 0    0.00508502545    0.00344552239    0.00344552239
1205    0.000260000001    0.00268597249    0.00268597249 0.000203994292    0.00412685238    0.00296759489    0.00296759489
1215    0.000280000007    0.00266525801    0.00266525801 0    0.00504541304    0.00292854034    0.00292854034
1225    0.000260000001    0.00239251787    0.00239251787 0.000120942401    0.00369783374    0.00263965502    0.00263965502
1235    0.000199999995    0.00243394682    0.00243394682 0    0.00407590996    0.00266540097    0.00266540097
1245    0.000159999996    0.00226823124    0.00226823124 0    0.00410307059    0.00248580123    0.00248580123
1255    0.000119999997    0.00213358738    0.00213358738 0    0.00472667813    0.00233828905    0.00233828905
1265    7.9999998e-05    0.0020231104    0.0020231104 0    0.00330747641    0.00221587787    0.00221587787
1275    9.99999975e-05    0.00194370502    0.00194370502 0    0.00394006027    0.00212536193    0.00212536193
1285    9.99999975e-05    0.00185394252    0.00185394252 0    0.00357216201    0.0020253479    0.0020253479
1295    9.99999975e-05    0.00163298845    0.00163298845 0    0.00369308726    0.00179526745    0.00179526745
1305    0.000159999996    0.0017952515    0.0017952515 0    0.00470675994    0.00194801902    0.00194801902
1315    3.9999999e-05    0.00171584624    0.00171584624 0    0.0030545562    0.00186041289    0.00186041289
1325    3.9999999e-05    0.00159846433    0.00159846433 0    0.0025248758    0.00173551613    0.00173551613
1335    7.9999998e-05    0.00161227398    0.00161227398 0    0.00271512708    0.00174197322    0.00174197322
1345    7.9999998e-05    0.00147763011    0.00147763011 0    0.00234952895    0.00160088122    0.00160088122
1355    7.9999998e-05    0.00136024831    0.00136024831 0    0.00233031763    0.00147745083    0.00147745083
1365    3.9999999e-05    0.00120834238    0.00120834238 0    0.00314274943    0.00132000598    0.00132000598
1375    0.000140000004    0.00119108032    0.00119108032 0    0.001846447    0.00129720732    0.00129720732
1385    3.9999999e-05    0.00123250927    0.00123250927 0    0.00256288098    0.00133328547    0.00133328547
1395    7.9999998e-05    0.0012152472    0.0012152472 0    0.00208916049    0.00131116167    0.00131116167
1405    5.99999985e-05    0.00114965148    0.00114965148 0    0.00270185713    0.00124113972    0.00124113972
1415    9.99999975e-05    0.0010391745    0.0010391745 0    0.00462520681    0.00112664001    0.00112664001
1425    1.99999995e-05    0.000994293136    0.000994293136 0    0.00200719596    0.00107780902    0.00107780902
1435    0    0.000945959473    0.000945959473 0    0.00154289696    0.00102577393    0.00102577393
1445    3.9999999e-05    0.00103572209    0.00103572209 7.68445461e-05    0.00151928188    0.00111166888    0.00111166888
1455    0    0.000932149822    0.000932149822 0    0.00160125399    0.00100497808    0.00100497808
1465    1.99999995e-05    0.000873458921    0.000873458921 0    0.00222155266    0.00094323419    0.00094323419
1475    5.99999985e-05    0.000783696363    0.000783696363 0    0.00179060746    0.000850684533    0.000850684533
1485    3.9999999e-05    0.00081476802    0.00081476802 0    0.00189707708    0.000878796214    0.000878796214
1495    0    0.000918340229    0.000918340229 0    0.00137320592    0.000979360309    0.000979360309
1505    5.99999985e-05    0.000756077119    0.000756077119 0    0.00139525137    0.000814980478    0.000814980478
1515    1.99999995e-05    0.000773339125    0.000773339125 0.00548674073    0    0.000829757424    0.000829757424
1525    0    0.000749172294    0.000749172294 0    0.00146788533    0.000803348725    0.000803348725
1535    1.99999995e-05    0.000666314503    0.000666314503 0    0.00109653734    0.000718532712    0.000718532712
1545    1.99999995e-05    0.000642147672    0.000642147672 0    0.014630476    0.000692354108    0.000692354108
1555    1.99999995e-05    0.000576551945    0.000576551945 0    0.0104721701    0.000624967332    0.000624967332
1565    0    0.000531670637    0.000531670637 0.00280997157    0    0.000578334846    0.000578334846
1575    1.99999995e-05    0.000548932701    0.000548932701 0    0.00117047038    0.000593763194    0.000593763194
1585    1.99999995e-05    0.00056964712    0.00056964712 0    0.00225631148    0.000612720847    0.000612720847
1595    1.99999995e-05    0.000462622527    0.000462622527 0    0.000714477384    0.000504379394    0.000504379394
1605    0    0.000517861045    0.000517861045 0    0.0012222426    0.000557922118    0.000557922118
1615    0    0.000476432149    0.000476432149 0.00307268533    0    0.000515140942    0.000515140942
1625    3.9999999e-05    0.000559289881    0.000559289881 0    0.000871191209    0.000596365426    0.000596365426
1635    0    0.000455717702    0.000455717702 0    0.000711423345    0.000491747574    0.000491747574
1645    0    0.000452265289    0.000452265289 0    0.000707912783    0.000487028941    0.000487028941
1655    0    0.00040738401    0.00040738401 0.00951737259    0    0.000441054872    0.000441054872
1665    1.99999995e-05    0.000400479184    0.000400479184 0    0.000628566428    0.000433004723    0.000433004723
1675    1.99999995e-05    0.000390121975    0.000390121975 0    0.000614181743    0.000421562901    0.000421562901
1685    0    0.000359050318    0.000359050318 0    0.000566680043    0.000389513123    0.000389513123
1695    0    0.000324526249    0.000324526249 0    0.00113035459    0.000354066375    0.000354066375
1705    1.99999995e-05    0.000345240696    0.000345240696 0.00357367028    0    0.000373746356    0.000373746356
1715    1.99999995e-05    0.000279644941    0.000279644941 0    0.000443610188    0.000307399605    0.000307399605
1725    1.99999995e-05    0.000338335871    0.000338335871 0    0.000780814909    0.000365029409    0.000365029409
1735    0    0.000334883458    0.000334883458 0    0.000532639271    0.000360727368    0.000360727368
1745    1.99999995e-05    0.000310716627    0.000310716627 0    0.000494778913    0.000335804099    0.000335804099
1755    0    0.000276192557    0.000276192557 0    0.000440071512    0.00030058602    0.00030058602
1765    0    0.000272740144    0.000272740144 0    0.000435708323    0.000296384009    0.000296384009
1775    0    0.000238216075    0.000238216075 0    0.0014946236    0.000261227658    0.000261227658
1785    0    0.000172620348    0.000172620348 0    0.000276081846    0.000195115528    0.000195115528
1795    0    0.000214049229    0.000214049229 0    0.00590812787    0.000235754735    0.000235754735
1805    0    0.000231311264    0.000231311264 0    0.00274504232    0.000252320868    0.000252320868
1815    1.99999995e-05    0.000203692005    0.000203692005 0    0.00032713011    0.000224156436    0.000224156436
1825    0    0.000172620348    0.000172620348 0    0.00027719629    0.000192572857    0.000192572857
1835    1.99999995e-05    0.000255478109    0.000255478109 0    0.000410298409    0.000274621212    0.000274621212
1845    0    0.000196787194    0.000196787194 0.00087687152    0    0.000215539781    0.000215539781
1855    0    0.000172620348    0.000172620348 0    0.000277515559    0.000190905892    0.000190905892
1865    0    0.000169167935    0.000169167935 0    0.00125512108    0.000186947786    0.000186947786
1875    0    0.000182977557    0.000182977557 0    0.000294271274    0.000200221868    0.000200221868
1885    0    0.000179525159    0.000179525159 0.00379938935    0    0.000196300171    0.000196300171
1895    0    0.000162263124    0.000162263124 0.00745736854    0    0.000178624628    0.000178624628
1905    0    0.000182977557    0.000182977557 0    0.000294429978    0.000198835187    0.000198835187
1915    0    0.000162263124    0.000162263124 0    0.0002610214    0.000177748763    0.000177748763
1925    0    0.000124286642    0.000124286642 0    0.000199737333    0.000139463664    0.000139463664
1935    0    0.000127739055    0.000127739055 0    0.000205348013    0.000142505349    0.000142505349
1945    0    0.000134643866    0.000134643866 0.000723535253    0    0.00014900339    0.00014900339
1955    0    9.66673906e-05    9.66673906e-05 0    0.000155409623    0.00011075924    0.00011075924
1965    0    0.000165715523    0.000165715523 0    0    0.0001792517    0.0001792517
1975    0    0.000117381831    0.000117381831 0    0    0.000130703964    0.000130703964
1985    0    0.000117381831    0.000117381831 0.000357728364    3.67289103e-05    0.000130365705    0.000130365705
1995    0    0.000120834236    0.000120834236 0    0    0.000133481197    0.000133481197
2005    0    8.63101741e-05    8.63101741e-05 0    0    9.87374733e-05    9.87374733e-05
2015    0    0.000117381831    0.000117381831 0    0    0.00012941545    0.00012941545
2025    0    0.000113929425    0.000113929425 0    0    0.000125676073    0.000125676073
2035    0    0.000103572209    0.000103572209 0    0    0.000115060669    0.000115060669
2045    0    9.32149851e-05    9.32149851e-05 0    0    0.000104454288    0.000104454288
2055    0    0.000100119796    0.000100119796 0    0    0.000111070134    0.000111070134
2065    0    5.523851e-05    5.523851e-05 0    0    6.60536243e-05    6.60536243e-05
2075    0    9.66673906e-05    9.66673906e-05 0    0    0.000107112945    0.000107112945
2085    0    0.000103572209    0.000103572209 0    0    0.00011375286    0.00011375286
2095    0    0.00011047702    0.00011047702 0    0    0.000120400182    0.000120400182
2105    0    7.59529503e-05    7.59529503e-05 0    0    8.57421182e-05    8.57421182e-05
2115    0    6.2143321e-05    6.2143321e-05 0    0    7.17471994e-05    7.17471994e-05
2125    0    7.94053558e-05    7.94053558e-05 0    0    8.87433125e-05    8.87433125e-05
2135    0    5.523851e-05    5.523851e-05 0    0    6.44332686e-05    6.44332686e-05
2145    0    8.97625796e-05    8.97625796e-05 0    0    9.86554805e-05    9.86554805e-05
2155    0    6.55957265e-05    6.55957265e-05 0    0    7.43575147e-05    7.43575147e-05
2165    0    6.90481393e-05    6.90481393e-05 0    0    7.76069646e-05    7.76069646e-05
2175    0    6.90481393e-05    6.90481393e-05 0    0    7.74192158e-05    7.74192158e-05
2185    0    4.48812898e-05    4.48812898e-05 0    0    5.31377955e-05    5.31377955e-05
2195    0    5.17861045e-05    5.17861045e-05 0    0    5.98459228e-05    5.98459228e-05
2205    0    5.523851e-05    5.523851e-05 0    0    6.31162911e-05    6.31162911e-05
2215    0    5.86909155e-05    5.86909155e-05 0    0    6.63914398e-05    6.63914398e-05
2225    0    3.79764751e-05    3.79764751e-05 0    0    4.5572222e-05    4.5572222e-05
2235    0    4.83336953e-05    4.83336953e-05 0    0    5.57418716e-05    5.57418716e-05
2245    0    7.25005448e-05    7.25005448e-05 0    0    7.9686688e-05    7.9686688e-05
2255    0    4.48812898e-05    4.48812898e-05 0    0    5.19949717e-05    5.19949717e-05
2265    0    5.86909155e-05    5.86909155e-05 0    0    6.56198317e-05    6.56198317e-05
2275    0    4.48812898e-05    4.48812898e-05 0    0    5.17068838e-05    5.17068838e-05
2285    0    2.7619255e-05    2.7619255e-05 0    0    3.43549873e-05    3.43549873e-05
2295    0    4.48812898e-05    4.48812898e-05 0    0    5.14338535e-05    5.14338535e-05
2305    0    5.523851e-05    5.523851e-05 0    0    6.16308171e-05    6.16308171e-05
2315    0    3.79764751e-05    3.79764751e-05 0    0    4.42894816e-05    4.42894816e-05
2325    0    2.07144403e-05    2.07144403e-05 0    0    2.69514439e-05    2.69514439e-05
2335    0    2.41668477e-05    2.41668477e-05 0    0    3.02728749e-05    3.02728749e-05
2345    0    5.17861045e-05    5.17861045e-05 0    0    5.7696383e-05    5.7696383e-05
2355    0    3.79764751e-05    3.79764751e-05 0    0    4.38103307e-05    4.38103307e-05
2365    0    2.7619255e-05    2.7619255e-05 0    0    3.33698881e-05    3.33698881e-05
2375    0    2.41668477e-05    2.41668477e-05 0    0    2.98176819e-05    2.98176819e-05
2385    0    2.7619255e-05    2.7619255e-05 0    0    3.31536212e-05    3.31536212e-05
2395    0    1.72620348e-05    1.72620348e-05 0    0    2.27213459e-05    2.27213459e-05
