5    0.00106000004    0    0 0    0    0    0
15    0.00301999995    0    0 0    0    0    0
25    0.00492000021    0    0 0    0    0    0
35    0.0059799999    0    0 0    0    0    0
45    0.00718000019    0    0 0    0    0    0
55    0.00728000002    0    0 0    0    0    0
65    0.00798000023    0    0 0    0    0    0
75    0.00896000024    0    0 0    0    0    0
85    0.00846000016    0    0 0    0    0    0
95    0.00832000002    0    0 0    0    0    0
105    0.00947999954    0    0 0    0    0    0
115    0.00949999969    0    0 0    0    0    0
125    0.00972000044    0    0 0    0    0    0
135    0.00827999972    0    0 0    0    0    0
145    0.00947999954    0    0 0    0    0    0
155    0.00863999967    0    0 0    0    0    0
165    0.00870000012    0    0 0    0    0    0
175    0.00932000019    1.2193238e-05    1.2193238e-05 1.2193238e-05    1.2193238e-05    0    0
185    0.00922000036    2.84508897e-05    2.84508897e-05 2.84508897e-05    2.84508897e-05    0    0
195    0.00796000008    3.25153014e-05    3.25153014e-05 3.25153014e-05    3.25153014e-05    0    0
205    0.00841999985    5.28373675e-05    5.28373675e-05 5.28373675e-05    5.28373675e-05    7.3755732e-06    7.3755732e-06
215    0.0077800001    4.47085404e-05    4.47085404e-05 6.24575987e-05    3.23502682e-05    0    0
225    0.00884000026    7.31594337e-05    7.31594337e-05 0.000101736805    5.32528247e-05    2.11476217e-05    2.11476217e-05
235    0.00834000017    4.47085404e-05    4.47085404e-05 6.27327026e-05    3.21433326e-05    0    0
245    0.00862000044    8.53526726e-05    8.53526726e-05 0.000118231656    6.24005552e-05    2.54939259e-05    2.54939259e-05
255    0.00923999958    0.00010161032    0.00010161032 0.000139998927    7.47452141e-05    3.72280483e-05    3.72280483e-05
265    0.00832000002    0.000121932382    0.000121932382 0.000166474871    9.07024587e-05    5.25620781e-05    5.25620781e-05
275    0.00841999985    0.000109739143    0.000109739143 0.000148892257    8.2275852e-05    3.48887079e-05    3.48887079e-05
285    0.00772000011    0.000199156231    0.000199156231 0.000264942879    0.000152939421    0.000118146068    0.000118146068
295    0.00767999981    0.000268251257    0.000268251257 0.000355682161    0.000206802433    0.000180428688    0.000180428688
305    0.00796000008    0.000321088621    0.000321088621 0.000416886469    0.000253712496    0.000225703465    0.000225703465
315    0.00815999974    0.000386119209    0.000386119209 0.000495804765    0.00030881929    0.000282286259    0.000282286259
325    0.00775999995    0.000361732731    0.000361732731 0.000457096205    0.000294390164    0.000248527125    0.000248527125
335    0.00827999972    0.000463343051    0.000463343051 0.000579436542    0.000381043879    0.000339497637    0.000339497637
345    0.00879999995    0.000520244823    0.000520244823 0.000638194324    0.000435896043    0.00038446227    0.00038446227
355    0.00846000016    0.000642177241    0.000642177241 0.000768011436    0.000551925623    0.000492848456    0.000492848456
365    0.00824000034    0.00064624165    0.00064624165 0.00076309283    0.000562734436    0.000481661846    0.000481661846
375    0.00858000014    0.000849462289    0.000849462289 0.000992569258    0.000747403596    0.000667338551    0.000667338551
385    0.00932000019    0.000975459057    0.000975459057 0.00112415699    0.000869756681    0.000773369393    0.000773369393
395    0.00862000044    0.00114616437    0.00114616437 0.00131827081    0.00102413574    0.000921127154    0.000921127154
405    0.00942000002    0.00137783599    0.00137783599 0.0015672606    0.00124385068    0.00112630357    0.00112630357
415    0.00922000036    0.00169892458    0.00169892458 0.00192001241    0.00154285866    0.00141664804    0.00141664804
425    0.0104599996    0.00176395511    0.00176395511 0.00199400098    0.00160192978    0.00144615537    0.00144615537
435    0.0104400003    0.00199156231    0.00199156231 0.00222846959    0.00182498188    0.00163205643    0.00163205643
445    0.0102199996    0.00248335628    0.00248335628 0.00277383998    0.00227961154    0.00207458064    0.00207458064
455    0.0101199998    0.00293044164    0.00293044164 0.00325284689    0.00270484551    0.00246348511    0.00246348511
465    0.0110799996    0.00334501173    0.00334501173 0.0036999844    0.003096567    0.00280890847    0.00280890847
475    0.0113000004    0.0038855786    0.0038855786 0.00428145565    0.00360840093    0.00326663279    0.00326663279
485    0.0119200004    0.00442208117    0.00442208117 0.00489694392    0.00409024674    0.00370341283    0.00370341283
495    0.0120400004    0.00517806178    0.00517806178 0.0057073622    0.00480869319    0.00433838228    0.00433838228
505    0.0133800004    0.00592184952    0.00592184952 0.00652563758    0.00550093316    0.00493469136    0.00493469136
515    0.0136000002    0.00706801377    0.00706801377 0.00778528163    0.00656902744    0.00589968264    0.00589968264
525    0.0141399996    0.00781180151    0.00781180151 0.00858886354    0.00727215083    0.00642063748    0.00642063748
535    0.0162000004    0.00974239781    0.00974239781 0.0107150236    0.00906702597    0.00807456952    0.00807456952
545    0.0165599994    0.011311261    0.011311261 0.0124183679    0.0105422828    0.00930139795    0.00930139795
555    0.0183199998    0.0130589586    0.0130589586 0.0142990537    0.0121983262    0.0106268441    0.0106268441
565    0.0208800007    0.015912177    0.015912177 0.017402349    0.0148797417    0.0129632605    0.0129632605
575    0.0215600003    0.0186068825    0.0186068825 0.0202592462    0.0174630955    0.0150409341    0.0150409341
585    0.0230199993    0.022350207    0.022350207 0.0241935682    0.0210750308    0.0180785079    0.0180785079
595    0.0240000002    0.0270405393    0.0270405393 0.0291118044    0.0256090555    0.0220303014    0.0220303014
605    0.0277800001    0.0317959003    0.0317959003 0.0339646265    0.0302996561    0.0261513386    0.0261513386
615    0.0284599997    0.036636617    0.036636617 0.0387841016    0.0351566076    0.0307163186    0.0307163186
625    0.0301399995    0.0418512598    0.0418512598 0.0438698046    0.0404611528    0.0363744274    0.0363744274
635    0.0304199997    0.0477365293    0.0477365293 0.0494821146    0.0465357453    0.0437396057    0.0437396057
645    0.0307599995    0.0519147441    0.0519147441 0.0531333946    0.0510775261    0.0504071265    0.0504071265
655    0.0282000005    0.0530162007    0.0530162007 0.0526564345    0.0535403155    0.0544313565    0.0544313565
665    0.0271000005    0.0521870591    0.0521870591 0.0519613884    0.0523416847    0.0560959317    0.0560959317
675    0.0249400008    0.0497199632    0.0497199632 0.0487912856    0.0503558069    0.0551161021    0.0551161021
685    0.0229199994    0.0449889861    0.0449889861 0.0434765667    0.0460237637    0.0508373566    0.0508373566
695    0.0201399997    0.0398068577    0.0398068577 0.037849579    0.041143842    0.0453883298    0.0453883298
705    0.0172799993    0.0357424468    0.0357424468 0.0334650017    0.037295647    0.0406973585    0.0406973585
715    0.0148999998    0.0307066385    0.0307066385 0.02821148    0.032406643    0.0349315852    0.0349315852
725    0.0123600001    0.0267844796    0.0267844796 0.0242204517    0.0285286624    0.0303104315    0.0303104315
735    0.0100800004    0.0230574142    0.0230574142 0.0204918068    0.0247997884    0.0259719901    0.0259719901
745    0.00927999988    0.0198953003    0.0198953003 0.0173866544    0.0215963032    0.022298377    0.022298377
755    0.00757999998    0.017964704    0.017964704 0.0153916208    0.0197065119    0.0199487712    0.0199487712
765    0.00620000018    0.015997529    0.015997529 0.0134596732    0.0177133232    0.0176426768    0.0176426768
775    0.00502000004    0.0144042792    0.0144042792 0.0117930667    0.0161664858    0.0157758668    0.0157758668
785    0.00422    0.0123436218    0.0123436218 0.00996004883    0.0139487488    0.0134948473    0.0134948473
795    0.00395999989    0.0112706171    0.0112706171 0.00877779815    0.0129462313    0.0122426255    0.0122426255
805    0.00329999998    0.0100390995    0.0100390995 0.00774384709    0.0115793664    0.0108653707    0.0108653707
815    0.00310000009    0.0094619533    0.0094619533 0.00700707547    0.0111057693    0.0101683876    0.0101683876
825    0.00236000004    0.00823856518    0.00823856518 0.00614677975    0.00963793881    0.00884682778    0.00884682778
835    0.00196000002    0.0072915568    0.0072915568 0.00506901136    0.00877351407    0.00781828724    0.00781828724
845    0.00182    0.00710052904    0.00710052904 0.00506990543    0.00845131371    0.00755864661    0.00755864661
855    0.00152000005    0.00629171124    0.00629171124 0.00400474714    0.00781096611    0.0066927541    0.0066927541
865    0.00141999999    0.00552760158    0.00552760158 0.00364974863    0.00677057542    0.00588048156    0.00588048156
875    0.00135999999    0.00537315384    0.00537315384 0.00315620773    0.00683688745    0.00568466401    0.00568466401
885    0.000839999993    0.00526747899    0.00526747899 0.00310105993    0.00669527007    0.0055436166    0.0055436166
895    0.000839999993    0.00463749515    0.00463749515 0.00252243434    0.00602644263    0.00488372659    0.00488372659
905    0.00112000003    0.00426763343    0.00426763343 0.00257190503    0.00537805026    0.00448790006    0.00448790006
915    0.000980000012    0.00411724998    0.00411724998 0.00206769397    0.00545689976    0.00431485241    0.00431485241
925    0.000820000016    0.00367422914    0.00367422914 0.00164756272    0.00499389693    0.0038523667    0.0038523667
935    0.00066000002    0.00344255776    0.00344255776 0.00178022147    0.00452205213    0.00360353454    0.00360353454
945    0.000479999988    0.00310927583    0.00310927583 0.00100408285    0.00447369553    0.00325529883    0.00325529883
955    0.000839999993    0.00325559475    0.00325559475 0.0015375301    0.00436538365    0.00338805025    0.00338805025
965    0.000520000001    0.00296702143    0.00296702143 0.00102935825    0.00421306398    0.003087844    0.003087844
975    0.000360000005    0.00294263498    0.00294263498 0.00123273698    0.00403844379    0.00305292872    0.00305292872
985    0.000440000003    0.00266625476    0.00266625476 0.0011176503    0.00365571189    0.00276739802    0.00276739802
995    0.00039999999    0.00254838681    0.00254838681 0.000968642766    0.00355498795    0.00264124339    0.00264124339
1005    0.000319999992    0.00246303412    0.00246303412 0.000892239972    0.00346100261    0.00254844991    0.00254844991
1015    0.000339999999    0.00224762037    0.00224762037 0.000843857939    0.00313659548    0.00232647453    0.00232647453
1025    0.000280000007    0.00208504382    0.00208504382 0.0004811869    0.0030972336    0.00215796032    0.00215796032
1035    0.000239999994    0.00209723692    0.00209723692 0    0.00359431701    0.00216465187    0.00216465187
1045    0.000119999997    0.00208910811    0.00208910811 0.000586642011    0.00303032738    0.00215156004    0.00215156004
1055    0.000159999996    0.00180866371    0.00180866371 0    0.00433234219    0.00186685345    0.00186685345
1065    0.000180000003    0.00186962995    0.00186962995 0    0.00377895031    0.00192366575    0.00192366575
1075    0.000119999997    0.00162982952    0.00162982952 0.000251234975    0.00248257583    0.00168034073    0.00168034073
1085    0.000199999995    0.00169486017    0.00169486017 0    0.00322258566    0.00174190267    0.00174190267
1095    0.000140000004    0.00159324985    0.00159324985 0    0.00293836743    0.00163726113    0.00163726113
1105    0.000140000004    0.00149163953    0.00149163953 6.66318083e-05    0.00236144126    0.00153287989    0.00153287989
1115    7.9999998e-05    0.00140222243    0.00140222243 0.000496061344    0.00195279694    0.00144091516    0.00144091516
1125    0.000119999997    0.00123558147    0.00123558147 0    0.00214485452    0.00127200515    0.00127200515
1135    9.99999975e-05    0.00127216126    0.00127216126 0    0.00220985524    0.00130632671    0.00130632671
1145    0.000180000003    0.00131686975    0.00131686975 0    0.00294796121    0.00134894194    0.00134894194
1155    3.9999999e-05    0.00121932384    0.00121932384 5.51181256e-05    0.00191307405    0.00124958355    0.00124958355
1165    0.000140000004    0.00118274416    0.00118274416 0    0.00771615747    0.00121127896    0.00121127896
1175    3.9999999e-05    0.00113397115    0.00113397115 0    0.00276252115    0.00116092013    0.00116092013
1185    7.9999998e-05    0.00106081169    0.00106081169 0    0.00174831063    0.00108631339    0.00108631339
1195    9.99999975e-05    0.00109332707    0.00109332707 0    0.00196958333    0.00111739489    0.00111739489
1205    3.9999999e-05    0.00107706944    0.00107706944 0    0.00225423952    0.00109984376    0.00109984376
1215    3.9999999e-05    0.00109332707    0.00109332707 0    0.00210650777    0.00111486856    0.00111486856
1225    9.99999975e-05    0.000967330241    0.000967330241 0    0.00162388582    0.000987845939    0.000987845939
1235    5.99999985e-05    0.000938879384    0.000938879384 0.000167601043    0.00137976301    0.000958358403    0.000958358403
1245    3.9999999e-05    0.000955137017    0.000955137017 0    0.0030741943    0.000973608985    0.000973608985
1255    0    0.000898235245    0.000898235245 0    0.013212895    0.000915827928    0.000915827928
1265    7.9999998e-05    0.000833204598    0.000833204598 0    0.00141367398    0.00084998383    0.00084998383
1275    0    0.000841333473    0.000841333473 0    0.00131600781    0.0008572886    0.0008572886
1285    0    0.000760045194    0.000760045194 0.000170847547    0.00108782481    0.00077530503    0.00077530503
1295    1.99999995e-05    0.000845397881    0.000845397881 0    0.00211739214    0.000859861553    0.000859861553
1305    9.99999975e-05    0.000715336646    0.000715336646 0    0.00143463106    0.00072923681    0.00072923681
1315    5.99999985e-05    0.000837269065    0.000837269065 0    0.00360866031    0.000850423239    0.000850423239
1325    0    0.000634048425    0.000634048425 9.78665557e-05    0.000925462635    0.000646779896    0.000646779896
1335    3.9999999e-05    0.000654370466    0.000654370466 1.3600943e-05    0.00100037374    0.000666516484    0.000666516484
1345    5.99999985e-05    0.000650306058    0.000650306058 0    0.00145209464    0.000661919825    0.000661919825
1355    1.99999995e-05    0.000776302826    0.000776302826 0    0.00250566052    0.000787299359    0.000787299359
1365    1.99999995e-05    0.000589339877    0.000589339877 0    0.00119246542    0.000600022555    0.000600022555
1375    0    0.00056495337    0.00056495337 0.00224309205    0    0.000575204671    0.000575204671
1385    3.9999999e-05    0.000593404286    0.000593404286 0    0.00127572403    0.000603201624    0.000603201624
1395    5.99999985e-05    0.000487729529    0.000487729529 0    0.00169842143    0.000497213681    0.000497213681
1405    0    0.000548695738    0.000548695738 5.67519828e-06    0.000829744851    0.000557740685    0.000557740685
1415    3.9999999e-05    0.000581211061    0.000581211061 0    0.000962997437    0.000589861709    0.000589861709
1425    1.99999995e-05    0.000475536304    0.000475536304 0    0.00193175313    0.000483932818    0.000483932818
1435    0    0.000447085418    0.000447085418 0    0.00154768513    0.000455177011    0.000455177011
1445    0    0.000471471896    0.000471471896 0    0.000838878448    0.0004792283    0.0004792283
1455    1.99999995e-05    0.000528373639    0.000528373639 0    0.000934364449    0.000535781437    0.000535781437
1465    3.9999999e-05    0.000467407488    0.000467407488 0    0.00245242356    0.000474584813    0.000474584813
1475    0    0.000373925985    0.000373925985 0    0.0014872005    0.000380915037    0.000380915037
1485    0    0.000434892165    0.000434892165 0.00305317598    0    0.000441569544    0.000441569544
1495    0    0.000361732731    0.000361732731 0    0.000652961433    0.000368228561    0.000368228561
1505    3.9999999e-05    0.000418634532    0.000418634532 0    0.000751244486    0.000424845493    0.000424845493
1515    1.99999995e-05    0.000333281845    0.000333281845 0.00269043236    0    0.00033934394    0.00033934394
1525    0    0.000308895367    0.000308895367 0    0.000558634463    0.000314764911    0.000314764911
1535    0    0.000353603915    0.000353603915 0.00149305805    0    0.000359229511    0.000359229511
1545    1.99999995e-05    0.000369861576    0.000369861576 0.00652506202    0    0.000375277246    0.000375277246
1555    0    0.000361732731    0.000361732731 0.00150584115    0    0.000366968481    0.000366968481
1565    0    0.000247929187    0.000247929187 0.000838417269    0    0.000253086153    0.000253086153
1575    5.99999985e-05    0.000325153029    0.000325153029 0.0021052754    0    0.00033007047    0.00033007047
1585    0    0.000272315665    0.000272315665 0    0.000438815245    0.00027711541    0.00027711541
1595    0    0.000227607117    0.000227607117 0    0.000465566089    0.000232288832    0.000232288832
1605    0    0.000296702143    0.000296702143 0    0.00262123952    0.000301172026    0.000301172026
1615    1.99999995e-05    0.000296702143    0.000296702143 0    0.000977483112    0.000301027205    0.000301027205
1625    1.99999995e-05    0.000288573297    0.000288573297 0    0.0652176961    0.000292766606    0.000292766606
1635    0    0.000272315665    0.000272315665 0    0.000444852136    0.000276389881    0.000276389881
1645    0    0.000284508889    0.000284508889 0.00102465635    0    0.000288444251    0.000288444251
1655    0    0.000288573297    0.000288573297 0.00139227626    0    0.00029238197    0.00029238197
1665    0    0.000272315665    0.000272315665 0    0.000446760008    0.000276020291    0.000276020291
1675    0    0.000276380073    0.000276380073 0    0.000454723806    0.000279967353    0.000279967353
1685    0    0.000247929187    0.000247929187 0    0.000408854743    0.000251432066    0.000251432066
1695    0    0.000243864764    0.000243864764 0    0.000402604433    0.000247265882    0.000247265882
1705    0    0.000231671525    0.000231671525 0.000749242958    1.46215207e-05    0.000234982013    0.000234982013
1715    0    0.000199156231    0.000199156231 0    0.00032983697    0.000202397699    0.000202397699
1725    0    0.000162576514    0.000162576514 0    0.00026927804    0.000165756152    0.000165756152
1735    0    0.000219478286    0.000219478286 0    0.000364246895    0.000222517148    0.000222517148
1745    0    0.00018289857    0.00018289857 0    0.000303847832    0.000185882265    0.000185882265
1755    1.99999995e-05    0.000231671525    0.000231671525 0.000815524778    0    0.000234527994    0.000234527994
1765    0    0.000158512106    0.000158512106 0.000407447107    5.90846284e-05    0.000161351723    0.000161351723
1775    0    0.000158512106    0.000158512106 0    0    0.000161273303    0.000161273303
1785    0    0.000150383275    0.000150383275 0.000392493093    5.51804696e-05    0.000153075918    0.000153075918
1795    0    0.000130061206    0.000130061206 0    0    0.000132698682    0.000132698682
1805    0    0.000138190037    0.000138190037 0.000366297609    4.99096859e-05    0.000140749733    0.000140749733
1815    0    0.000146318867    0.000146318867 0    0    0.000148803185    0.000148803185
1825    0    0.000138190037    0.000138190037 0.000370562047    4.93201514e-05    0.000140615593    0.000140615593
1835    0    0.000146318867    0.000146318867 0    0    0.000148673542    0.000148673542
1845    0    0.000121932382    0.000121932382 0.000333369913    4.26561055e-05    0.000124246944    0.000124246944
1855    0    0.000150383275    0.000150383275 0    0    0.000152613153    0.000152613153
1865    0    0.000121932382    0.000121932382 0    0    0.000124129685    0.000124129685
1875    0    0.000105674735    0.000105674735 0    0    0.000107830565    0.000107830565
1885    0    0.000121932382    0.000121932382 0.000343905063    4.13133566e-05    0.000124019876    0.000124019876
1895    0    7.72238418e-05    7.72238418e-05 0.000219508118    2.59567314e-05    7.92984356e-05    7.92984356e-05
1905    0    0.000113803559    0.000113803559 0    0    0.000115795265    0.000115795265
1915    0    8.12882572e-05    8.12882572e-05 0    0    8.3259547e-05    8.3259547e-05
1925    0    0.000105674735    0.000105674735 0    0    0.000107576983    0.000107576983
1935    0    0.000130061206    0.000130061206 0.00038136376    4.23417732e-05    0.000131895897    0.000131895897
1945    0    0.000105674735    0.000105674735 0    0    0.000107486223    0.000107486223
1955    0    9.75459043e-05    9.75459043e-05 0    0    9.93212379e-05    9.93212379e-05
1965    0    0.000125996798    0.000125996798 0    0    0.000127705032    0.000127705032
1975    0    9.75459043e-05    9.75459043e-05 0.00029500018    3.07639602e-05    9.92384594e-05    9.92384594e-05
1985    0    7.31594337e-05    7.31594337e-05 0    0    7.48339153e-05    7.48339153e-05
1995    0    7.72238418e-05    7.72238418e-05 0    0    7.88563484e-05    7.88563484e-05
2005    0    9.34814962e-05    9.34814962e-05 0    0    9.50624017e-05    9.50624017e-05
2015    0    0.000109739143    0.000109739143 0    0    0.000111269532    0.000111269532
2025    0    6.50306029e-05    6.50306029e-05 0    0    6.65652406e-05    6.65652406e-05
2035    0    0.000105674735    0.000105674735 0    0    0.000107139407    0.000107139407
2045    0    4.87729521e-05    4.87729521e-05 0    0    5.02545918e-05    5.02545918e-05
2055    0    8.53526726e-05    8.53526726e-05 0    0    8.67698327e-05    8.67698327e-05
2065    0    7.72238418e-05    7.72238418e-05 0    0    7.86168312e-05    7.86168312e-05
2075    0    8.94170807e-05    8.94170807e-05 0    0    9.07688518e-05    9.07688518e-05
2085    0    5.69017793e-05    5.69017793e-05 0    0    5.82525754e-05    5.82525754e-05
2095    0    5.28373675e-05    5.28373675e-05 0    0    5.4162927e-05    5.4162927e-05
2105    0    8.12882572e-05    8.12882572e-05 0    0    8.25607203e-05    8.25607203e-05
2115    0    8.12882572e-05    8.12882572e-05 0    0    8.25334428e-05    8.25334428e-05
2125    0    5.69017793e-05    5.69017793e-05 0    0    5.8141919e-05    5.8141919e-05
2135    0    5.28373675e-05    5.28373675e-05 0    0    5.40552501e-05    5.40552501e-05
2145    0    8.53526726e-05    8.53526726e-05 0    0    8.65167603e-05    8.65167603e-05
2155    0    2.43864761e-05    2.43864761e-05 0    0    2.55797968e-05    2.55797968e-05
2165    0    2.84508897e-05    2.84508897e-05 0    0    2.96167836e-05    2.96167836e-05
2175    0    2.03220643e-05    2.03220643e-05 0    0    2.14718948e-05    2.14718948e-05
2185    0    4.87729521e-05    4.87729521e-05 0    0    4.98750887e-05    4.98750887e-05
2195    0    7.31594337e-05    7.31594337e-05 0    0    7.42180346e-05    7.42180346e-05
2205    0    5.69017793e-05    5.69017793e-05 0    0    5.79532243e-05    5.79532243e-05
2215    0    4.06441286e-05    4.06441286e-05 0    0    4.16889598e-05    4.16889598e-05
2225    0    4.87729521e-05    4.87729521e-05 0    0    4.97902074e-05    4.97902074e-05
2235    0    4.87729521e-05    4.87729521e-05 0    0    4.97703077e-05    4.97703077e-05
2245    0    1.62576507e-05    1.62576507e-05 0    0    1.72642485e-05    1.72642485e-05
2255    0    5.28373675e-05    5.28373675e-05 0    0    5.37928026e-05    5.37928026e-05
2265    0    4.87729521e-05    4.87729521e-05 0    0    4.97135079e-05    4.97135079e-05
2275    0    6.09661911e-05    6.09661911e-05 0    0    6.18779886e-05    6.18779886e-05
2285    0    2.84508897e-05    2.84508897e-05 0    0    2.93737667e-05    2.93737667e-05
2295    0    4.47085404e-05    4.47085404e-05 0    0    4.55999398e-05    4.55999398e-05
2305    0    5.28373675e-05    5.28373675e-05 0    0    5.37048618e-05    5.37048618e-05
2315    0    4.06441286e-05    4.06441286e-05 0    0    4.15060276e-05    4.15060276e-05
2325    0    2.43864761e-05    2.43864761e-05 0    0    2.52467471e-05    2.52467471e-05
2335    0    4.06441286e-05    4.06441286e-05 0    0    4.147449e-05    4.147449e-05
2345    0    2.03220643e-05    2.03220643e-05 0    0    2.11551232e-05    2.11551232e-05
2355    0    1.62576507e-05    1.62576507e-05 0    0    1.70794319e-05    1.70794319e-05
2365    0    3.25153014e-05    3.25153014e-05 0    0    3.33082426e-05    3.33082426e-05
2375    0    4.06441286e-05    4.06441286e-05 0    0    4.14157184e-05    4.14157184e-05
2385    0    1.2193238e-05    1.2193238e-05 0    0    1.29760447e-05    1.29760447e-05
2395    0    2.84508897e-05    2.84508897e-05 0    0    2.92058285e-05    2.92058285e-05
