5    0.000600000028    0    0 0    0    0    0
15    0.0022799999    0    0 0    0    0    0
25    0.00437999982    0    0 0    0    0    0
35    0.00449999981    0    0 0    0    0    0
45    0.00612000003    0    0 0    0    0    0
55    0.00585999992    0    0 0    0    0    0
65    0.00639999984    0    0 0    0    0    0
75    0.00707999989    0    0 0    0    0    0
85    0.00718000019    0    0 0    0    0    0
95    0.00680000009    0    0 0    0    0    0
105    0.00710000005    0    0 0    0    0    0
115    0.00730000017    0    0 0    0    0    0
125    0.00736000016    0    0 0    0    0    0
135    0.00769999996    0    0 0    0    0    0
145    0.0071200002    0    0 0    0    0    0
155    0.00725999987    0    0 0    0    0    0
165    0.00728000002    1.00014331e-05    1.00014331e-05 1.00014331e-05    1.00014331e-05    0    0
175    0.00669999979    2.33366791e-05    2.33366791e-05 2.33366791e-05    2.33366791e-05    3.1836064e-06    3.1836064e-06
185    0.00686000008    3.00043012e-05    3.00043012e-05 3.00043012e-05    3.00043012e-05    8.16959619e-06    8.16959619e-06
195    0.00669999979    5.33409802e-05    5.33409802e-05 5.33409802e-05    5.33409802e-05    2.96276194e-05    2.96276194e-05
205    0.00728000002    8.00114649e-05    8.00114649e-05 8.00114649e-05    8.00114649e-05    5.41991321e-05    5.41991321e-05
215    0.00687999977    7.00100354e-05    7.00100354e-05 9.85331062e-05    5.03852098e-05    4.18592826e-05    4.18592826e-05
225    0.00719999988    9.00129016e-05    9.00129016e-05 0.00012650188    6.49032227e-05    5.92222495e-05    5.92222495e-05
235    0.00757999998    0.000123351012    0.000123351012 0.000174624249    8.80132211e-05    8.95782796e-05    8.95782796e-05
245    0.00722000003    0.000143353886    0.000143353886 0.000198603477    0.000105241495    0.000106210493    0.000106210493
255    0.00724000018    0.000190027233    0.000190027233 0.000262485701    0.000139914875    0.000149043903    0.000149043903
265    0.00763999997    0.000200028677    0.000200028677 0.00027389155    0.000148808162    0.000154677065    0.000154677065
275    0.00743999984    0.00022336535    0.00022336535 0.000304506597    0.000167052451    0.000173001303    0.000173001303
285    0.0077399998    0.000363385421    0.000363385421 0.000487601035    0.000277016661    0.000307208305    0.000307208305
295    0.00793999992    0.000343382562    0.000343382562 0.000453853543    0.000266477087    0.000280538457    0.000280538457
305    0.00745999999    0.000420060212    0.000420060212 0.000536866428    0.000338667363    0.000349421491    0.000349421491
315    0.00796000008    0.000573415542    0.000573415542 0.000719333708    0.000471509935    0.000493629661    0.000493629661
325    0.00791999977    0.000626756519    0.000626756519 0.000776271278    0.000522149901    0.000536239531    0.000536239531
335    0.00791999977    0.000803448493    0.000803448493 0.0009777589    0.000681133708    0.000700166624    0.000700166624
345    0.00793999992    0.00102348009    0.00102348009 0.0012190179    0.000885911344    0.00090494781    0.00090494781
355    0.0087799998    0.00115683244    0.00115683244 0.00135291065    0.00101910555    0.00101998693    0.00101998693
365    0.00899999961    0.00146020926    0.00146020926 0.00168676861    0.00130134157    0.00130108104    0.00130108104
375    0.00961999968    0.00175358471    0.00175358471 0.00200065156    0.00158052531    0.00156718015    0.00156718015
385    0.00973999966    0.0020369587    0.0020369587 0.00230809115    0.00184729276    0.00181682233    0.00181682233
395    0.0100199999    0.00247368799    0.00247368799 0.00276985881    0.00226665637    0.00221131439    0.00221131439
405    0.0113199996    0.00323379692    0.00323379692 0.00359206111    0.00298356311    0.0029178625    0.0029178625
415    0.0121600004    0.00383388274    0.00383388274 0.0042344695    0.00355424243    0.00344935572    0.00344935572
425    0.0135599999    0.00497737993    0.00497737993 0.00547015481    0.00463365763    0.00450345315    0.00450345315
435    0.01456    0.00584417116    0.00584417116 0.00641536107    0.00544589199    0.00525228912    0.00525228912
445    0.0153400004    0.00755441608    0.00755441608 0.00825190172    0.00706867874    0.00680379709    0.00680379709
455    0.0180200003    0.00888127275    0.00888127275 0.00969939865    0.00831220485    0.00791383721    0.00791383721
465    0.0199999996    0.0111049246    0.0111049246 0.0120679485    0.0104341498    0.00983536243    0.00983536243
475    0.0227199998    0.0143320542    0.0143320542 0.0155327478    0.0134945633    0.0126345409    0.0126345409
485    0.0267600007    0.0183859691    0.0183859691 0.0198554564    0.0173618626    0.0160750486    0.0160750486
495    0.0293000005    0.0241968017    0.0241968017 0.0259977635    0.0229419544    0.0210060365    0.0210060365
505    0.0343400016    0.0324779898    0.0324779898 0.0346410759    0.0309705399    0.0280609466    0.0280609466
515    0.0434999987    0.0429561585    0.0429561585 0.0454188213    0.0412422754    0.0369985774    0.0369985774
525    0.0501799993    0.0561513826    0.0561513826 0.0586845502    0.0543900244    0.0488277487    0.0488277487
535    0.0544600002    0.0707434714    0.0707434714 0.0729719028    0.0691924468    0.0637350157    0.0637350157
545    0.0577399991    0.0819950849    0.0819950849 0.0833264142    0.0810674056    0.0788826346    0.0788826346
555    0.0549400002    0.086015664    0.086015664 0.0857248902    0.0863132179    0.0890700668    0.0890700668
565    0.0487800017    0.0790513307    0.0790513307 0.0777738243    0.0799409077    0.0860080346    0.0860080346
575    0.0385800004    0.0670529455    0.0670529455 0.0648652464    0.0685763061    0.0743340105    0.0743340105
585    0.0303000007    0.0533943214    0.0533943214 0.0507899858    0.0552083477    0.059318617    0.059318617
595    0.0249799993    0.0425360985    0.0425360985 0.03976807    0.0444636568    0.0469272248    0.0469272248
605    0.0169600006    0.034351591    0.034351591 0.0315668397    0.0362889804    0.037522126    0.037522126
615    0.0144400001    0.0269005224    0.0269005224 0.0243166313    0.0286975037    0.0291957986    0.0291957986
625    0.0112399999    0.0225732364    0.0225732364 0.0200692769    0.0243148766    0.0242580008    0.0242580008
635    0.00822000019    0.0185226556    0.0185226556 0.0161756761    0.020154845    0.0197819807    0.0197819807
645    0.0071200002    0.0153555339    0.0153555339 0.0132146152    0.0168434829    0.0163145978    0.0163145978
655    0.00606000004    0.0133085744    0.0133085744 0.0112551041    0.0147357993    0.0140519859    0.0140519859
665    0.00454000011    0.0115083158    0.0115083158 0.00953695737    0.0128779858    0.0120942034    0.0120942034
675    0.00340000005    0.00956470426    0.00956470426 0.00779666333    0.0107924407    0.0100336075    0.0100336075
685    0.00288000004    0.00863457099    0.00863457099 0.00696095917    0.00979684852    0.00901478995    0.00901478995
695    0.00212000008    0.00734105241    0.00734105241 0.00576327927    0.00843596272    0.00765333278    0.00765333278
705    0.00246000011    0.00678763958    0.00678763958 0.00518594915    0.00789828692    0.00704681408    0.00704681408
715    0.00200000009    0.00604753336    0.00604753336 0.0045908168    0.00705743767    0.00626487657    0.00626487657
725    0.00159999996    0.00533743156    0.00533743156 0.00398495747    0.00627423031    0.0055213864    0.0055213864
735    0.00139999995    0.00501405215    0.00501405215 0.00370249501    0.00592174567    0.00517094368    0.00517094368
745    0.000859999971    0.0047373455    0.0047373455 0.00334952888    0.00569724897    0.00487215491    0.00487215491
755    0.00115999999    0.00400724122    0.00400724122 0.00271343766    0.00490149995    0.00412403513    0.00412403513
765    0.000959999976    0.00386388716    0.00386388716 0.00260819821    0.00473108888    0.00396555662    0.00396555662
775    0.00104    0.00350050163    0.00350050163 0.00231577107    0.00431790808    0.00358959264    0.00358959264
785    0.000780000002    0.00323379692    0.00323379692 0.00204066467    0.00405613566    0.00331226736    0.00331226736
795    0.00066000002    0.00309377676    0.00309377676 0.00178277993    0.00399628794    0.0031632015    0.0031632015
805    0.000579999993    0.00292708632    0.00292708632 0.00174932217    0.00373718143    0.00298880041    0.00298880041
815    0.000600000028    0.00259703887    0.00259703887 0.00153544836    0.00332615105    0.00265219319    0.00265219319
825    0.000380000012    0.00239701034    0.00239701034 0.00123510906    0.00319506857    0.00244646892    0.00244646892
835    0.00046000001    0.00229032827    0.00229032827 0.00125275285    0.00300119119    0.00233481964    0.00233481964
845    0.000440000003    0.00219698157    0.00219698157 0.00115797773    0.00290773786    0.0022371402    0.0022371402
855    0.000239999994    0.00192360906    0.00192360906 0.000698818651    0.00276122661    0.00196003844    0.00196003844
865    0.000199999995    0.00180359185    0.00180359185 0.000679959601    0.00256979326    0.00183669897    0.00183669897
875    0.000239999994    0.00164690276    0.00164690276 0.000585165748    0.00236956449    0.00167709333    0.00167709333
885    0.000220000002    0.00170024368    0.00170024368 0.000512739411    0.00250787288    0.001727783    0.001727783
895    0.000140000004    0.00157689268    0.00157689268 0.000494203297    0.0023110786    0.00160213257    0.00160213257
905    9.99999975e-05    0.00136019499    0.00136019499 0.000499936636    0.00194238976    0.00138341996    0.00138341996
915    0.000159999996    0.00122350873    0.00122350873 0.000334197859    0.00182488165    0.00124491029    0.00124491029
925    0.000119999997    0.00142353738    0.00142353738 0.000258554821    0.00220898725    0.00144319062    0.00144319062
935    0.000140000004    0.00127351587    0.00127351587 0    0.00226984173    0.00129170914    0.00129170914
945    5.99999985e-05    0.00110015774    0.00110015774 8.27475087e-05    0.0017841236    0.00111704611    0.00111704611
955    5.99999985e-05    0.00103014766    0.00103014766 2.89857289e-05    0.00170159084    0.00104582543    0.00104582543
965    7.9999998e-05    0.00102014618    0.00102014618 0.000362505758    0.00145955174    0.0010347073    0.0010347073
975    7.9999998e-05    0.000943468593    0.000943468593 4.46351878e-05    0.00154255203    0.000957037613    0.000957037613
985    3.9999999e-05    0.00100347714    0.00100347714 0    0.00169301929    0.00101609738    0.00101609738
995    3.9999999e-05    0.00100014335    0.00100014335 0    0.00195217377    0.00101191748    0.00101191748
1005    0.000119999997    0.000870124728    0.000870124728 0.000870124728    0.000870124728    0.000881168584    0.000881168584
1015    0    0.000883459987    0.000883459987 0.000883459987    0.000883459987    0.00089378847    0.00089378847
1025    0.000119999997    0.000876792357    0.000876792357 0.000876792357    0.000876792357    0.000886470603    0.000886470603
1035    7.9999998e-05    0.000820117537    0.000820117537 0.000820117537    0.000820117537    0.000829214987    0.000829214987
1045    1.99999995e-05    0.000780111819    0.000780111819 0.000780111819    0.000780111819    0.000788669859    0.000788669859
1055    7.9999998e-05    0.000663428451    0.000663428451 0.000663428451    0.000663428451    0.000671516114    0.000671516114
1065    5.99999985e-05    0.000660094607    0.000660094607 0.000660094607    0.000660094607    0.000667711429    0.000667711429
1075    3.9999999e-05    0.000666762237    0.000666762237 0.000666762237    0.000666762237    0.000673939649    0.000673939649
1085    3.9999999e-05    0.000633424148    0.000633424148 0.000633424148    0.000633424148    0.000640207785    0.000640207785
1095    3.9999999e-05    0.000610087474    0.000610087474 0.000610087474    0.000610087474    0.000616502948    0.000616502948
1105    1.99999995e-05    0.000656760822    0.000656760822 0.000656760822    0.000656760822    0.000662810344    0.000662810344
1115    7.9999998e-05    0.00053007598    0.00053007598 0.00053007598    0.00053007598    0.000535843661    0.000535843661
1125    0    0.000523408351    0.000523408351 0.000523408351    0.000523408351    0.000528874865    0.000528874865
1135    1.99999995e-05    0.000570081698    0.000570081698 0.000570081698    0.000570081698    0.000575248792    0.000575248792
1145    0    0.000546745025    0.000546745025 0.000546745025    0.000546745025    0.000551655539    0.000551655539
1155    1.99999995e-05    0.000406724954    0.000406724954 0.000406724954    0.000406724954    0.000411436311    0.000411436311
1165    1.99999995e-05    0.000533409766    0.000533409766 0.000533409766    0.000533409766    0.000537845539    0.000537845539
1175    0    0.000486736419    0.000486736419 0.000486736419    0.000486736419    0.000490971026    0.000490971026
1185    0    0.000470067374    0.000470067374 0.000470067374    0.000470067374    0.000474103872    0.000474103872
1195    3.9999999e-05    0.000436729257    0.000436729257 0.000436729257    0.000436729257    0.000440585805    0.000440585805
1205    1.99999995e-05    0.000423394027    0.000423394027 0.000423394027    0.000423394027    0.000427075109    0.000427075109
1215    1.99999995e-05    0.000350050163    0.000350050163 0.000350050163    0.000350050163    0.00035358718    0.00035358718
1225    0    0.000346716377    0.000346716377 0.000346716377    0.000346716377    0.000350094953    0.000350094953
1235    0    0.000403391139    0.000403391139 0.000403391139    0.000403391139    0.00040659972    0.00040659972
1245    3.9999999e-05    0.000360051607    0.000360051607 0.000360051607    0.000360051607    0.000363133207    0.000363133207
1255    1.99999995e-05    0.000410058768    0.000410058768 0.000410058768    0.000410058768    0.000412989088    0.000412989088
1265    0    0.000393389724    0.000393389724 0.000393389724    0.000393389724    0.000396199117    0.000396199117
1275    1.99999995e-05    0.000360051607    0.000360051607 0.000360051607    0.000360051607    0.000362752704    0.000362752704
1285    0    0.00030671063    0.00030671063 0.00030671063    0.00030671063    0.000309316762    0.000309316762
1295    0    0.000370053051    0.000370053051 0.000370053051    0.000370053051    0.000372529845    0.000372529845
1305    0    0.000246702024    0.000246702024 0.000246702024    0.000246702024    0.000249119621    0.000249119621
1315    1.99999995e-05    0.000270038698    0.000270038698 0.000270038698    0.000270038698    0.000272351637    0.000272351637
1325    0    0.000253369653    0.000253369653 0.000253369653    0.000253369653    0.000255596678    0.000255596678
1335    1.99999995e-05    0.000293375371    0.000293375371 0.000293375371    0.000293375371    0.000295501493    0.000295501493
1345    1.99999995e-05    0.000246702024    0.000246702024 0.000246702024    0.000246702024    0.000248761498    0.000248761498
1355    0    0.000173358188    0.000173358188 0.000173358188    0.000173358188    0.000175364257    0.000175364257
1365    1.99999995e-05    0.000296709186    0.000296709186 0.000296709186    0.000296709186    0.000298597733    0.000298597733
1375    1.99999995e-05    0.000240034409    0.000240034409 0.000240034409    0.000240034409    0.000241871181    0.000241871181
1385    0    0.000263371097    0.000263371097 0.000263371097    0.000263371097    0.000265131821    0.000265131821
1395    0    0.000213363921    0.000213363921 0.000213363921    0.000213363921    0.000215077103    0.000215077103
1405    3.9999999e-05    0.000130018641    0.000130018641 0.000130018641    0.000130018641    0.000131698791    0.000131698791
1415    0    0.000250035839    0.000250035839 0.000250035839    0.000250035839    0.000251615536    0.000251615536
1425    0    0.000226699165    0.000226699165 0.000226699165    0.000226699165    0.00022823058    0.00022823058
1435    0    0.000176691989    0.000176691989 0.000176691989    0.000176691989    0.000178186834    0.000178186834
1445    0    0.000146687686    0.000146687686 0.000146687686    0.000146687686    0.000148141451    0.000148141451
1455    0    0.000226699165    0.000226699165 0.000226699165    0.000226699165    0.000228076053    0.000228076053
1465    0    0.000143353886    0.000143353886 0.000143353886    0.000143353886    0.000144712481    0.000144712481
1475    0    0.000153355315    0.000153355315 0.000153355315    0.000153355315    0.000154665366    0.000154665366
1485    0    0.000183359618    0.000183359618 0.000183359618    0.000183359618    0.000184616118    0.000184616118
1495    0    0.00016002293    0.00016002293 0    0    0.000161246135    0.000161246135
1505    1.99999995e-05    0.000163356744    0.000163356744 0    0    0.000164539117    0.000164539117
1515    0    0.000136686256    0.000136686256 0    0    0.000137839801    0.000137839801
1525    0    0.000126684827    0.000126684827 0    0    0.000127805324    0.000127805324
1535    0    0.000113349583    0.000113349583 0    0    0.000114439645    0.000114439645
1545    0    0.000120017205    0.000120017205 0    0    0.000121071316    0.000121071316
1555    0    0.00016002293    0.00016002293 0    0    0.000161030897    0.000161030897
1565    0    9.00129016e-05    9.00129016e-05 0    0    9.10139861e-05    9.10139861e-05
1575    0    0.000133352441    0.000133352441 0    0    0.000134308691    0.000134308691
1585    0    9.00129016e-05    9.00129016e-05 0    0    9.09554001e-05    9.09554001e-05
1595    0    0.000136686256    0.000136686256 0    0    0.000137584997    0.000137584997
1605    0    9.66805237e-05    9.66805237e-05 0    0    9.75664734e-05    9.75664734e-05
1615    0    0.000103348146    0.000103348146 0    0    0.00010420617    0.00010420617
1625    0    6.66762207e-05    6.66762207e-05 0    0    6.75222473e-05    6.75222473e-05
1635    0    7.66776575e-05    7.66776575e-05 0    0    7.74964574e-05    7.74964574e-05
1645    0    0.00010668196    0.00010668196 0    0    0.000107467473    0.000107467473
1655    0    9.33467163e-05    9.33467163e-05 0    0    9.41147373e-05    9.41147373e-05
1665    0    8.00114649e-05    8.00114649e-05 0    0    8.07627948e-05    8.07627948e-05
1675    0    8.00114649e-05    8.00114649e-05 0    0    8.0742233e-05    8.0742233e-05
1685    0    6.00086023e-05    6.00086023e-05 0    0    6.07264301e-05    6.07264301e-05
1695    0    9.66805237e-05    9.66805237e-05 0    0    9.73665301e-05    9.73665301e-05
1705    0    6.66762207e-05    6.66762207e-05 0    0    6.73540926e-05    6.73540926e-05
1715    0    6.66762207e-05    6.66762207e-05 0    0    6.73362156e-05    6.73362156e-05
1725    0    5.33409802e-05    5.33409802e-05 0    0    5.39883149e-05    5.39883149e-05
1735    0    4.66733582e-05    4.66733582e-05 0    0    4.7306301e-05    4.7306301e-05
1745    0    9.00129016e-05    9.00129016e-05 0    0    9.06147397e-05    9.06147397e-05
1755    0    6.33424133e-05    6.33424133e-05 0    0    6.39378486e-05    6.39378486e-05
1765    0    5.00071692e-05    5.00071692e-05 0    0    5.05921125e-05    5.05921125e-05
1775    0    6.66762207e-05    6.66762207e-05 0    0    6.72407987e-05    6.72407987e-05
1785    0    7.66776575e-05    7.66776575e-05 0    0    7.72246349e-05    7.72246349e-05
1795    0    7.00100354e-05    7.00100354e-05 0    0    7.05456259e-05    7.05456259e-05
1805    0    4.00057324e-05    4.00057324e-05 0    0    4.05384308e-05    4.05384308e-05
1815    0    7.00100354e-05    7.00100354e-05 0    0    7.05195198e-05    7.05195198e-05
1825    0    6.33424133e-05    6.33424133e-05 0    0    6.3841755e-05    6.3841755e-05
1835    0    5.33409802e-05    5.33409802e-05 0    0    5.38317181e-05    5.38317181e-05
1845    0    5.66747913e-05    5.66747913e-05 0    0    5.71526798e-05    5.71526798e-05
1855    0    6.33424133e-05    6.33424133e-05 0    0    6.38066631e-05    6.38066631e-05
1865    0    5.33409802e-05    5.33409802e-05 0    0    5.37976885e-05    5.37976885e-05
1875    0    2.33366791e-05    2.33366791e-05 0    0    2.3793089e-05    2.3793089e-05
1885    0    3.66719214e-05    3.66719214e-05 0    0    3.71133792e-05    3.71133792e-05
1895    0    5.66747913e-05    5.66747913e-05 0    0    5.70992925e-05    5.70992925e-05
1905    0    4.00057324e-05    4.00057324e-05 0    0    4.04262391e-05    4.04262391e-05
1915    0    5.00071692e-05    5.00071692e-05 0    0    5.04147538e-05    5.04147538e-05
1925    0    3.00043012e-05    3.00043012e-05 0    0    3.04096029e-05    3.04096029e-05
1935    0    4.00057324e-05    4.00057324e-05 0    0    4.03986487e-05    4.03986487e-05
1945    0    4.66733582e-05    4.66733582e-05 0    0    4.70552914e-05    4.70552914e-05
1955    0    3.66719214e-05    3.66719214e-05 0    0    3.70488815e-05    3.70488815e-05
1965    0    3.33381104e-05    3.33381104e-05 0    0    3.37080273e-05    3.37080273e-05
1975    0    2.33366791e-05    2.33366791e-05 0    0    2.37020813e-05    2.37020813e-05
1985    0    2.66704901e-05    2.66704901e-05 0    0    2.7026992e-05    2.7026992e-05
1995    0    3.33381104e-05    3.33381104e-05 0    0    3.36847806e-05    3.36847806e-05
2005    0    1.00014331e-05    1.00014331e-05 0    0    1.03488337e-05    1.03488337e-05
2015    0    2.66704901e-05    2.66704901e-05 0    0    2.70050023e-05    2.70050023e-05
2025    0    4.00057324e-05    4.00057324e-05 0    0    4.03287013e-05    4.03287013e-05
2035    0    3.00043012e-05    3.00043012e-05 0    0    3.03239703e-05    3.03239703e-05
2045    0    2.00028662e-05    2.00028662e-05 0    0    2.03194177e-05    2.03194177e-05
2055    0    1.66690552e-05    1.66690552e-05 0    0    1.69803589e-05    1.69803589e-05
2065    0    1.33352451e-05    1.33352451e-05 0    0    1.36414665e-05    1.36414665e-05
2075    0    2.00028662e-05    2.00028662e-05 0    0    2.03007148e-05    2.03007148e-05
2085    0    1.66690552e-05    1.66690552e-05 0    0    1.69621417e-05    1.69621417e-05
2095    0    2.00028662e-05    2.00028662e-05 0    0    2.02890405e-05    2.02890405e-05
2105    0    3.33381126e-06    3.33381126e-06 0    0    3.62012929e-06    3.62012929e-06
2115    0    2.33366791e-05    2.33366791e-05 0    0    2.36106152e-05    2.36106152e-05
2125    0    4.00057324e-05    4.00057324e-05 0    0    4.02685801e-05    4.02685801e-05
2135    0    2.00028662e-05    2.00028662e-05 0    0    2.026742e-05    2.026742e-05
2145    0    3.00043012e-05    3.00043012e-05 0    0    3.02603275e-05    3.02603275e-05
2155    0    6.66762253e-06    6.66762253e-06 0    0    6.92676849e-06    6.92676849e-06
2165    0    1.66690552e-05    1.66690552e-05 0    0    1.69199229e-05    1.69199229e-05
2175    0    1.33352451e-05    1.33352451e-05 0    0    1.35825585e-05    1.35825585e-05
2185    0    1.66690552e-05    1.66690552e-05 0    0    1.69106261e-05    1.69106261e-05
2195    0    2.00028662e-05    2.00028662e-05 0    0    2.02388055e-05    2.02388055e-05
2205    0    1.33352451e-05    1.33352451e-05 0    0    1.35691134e-05    1.35691134e-05
2215    0    1.33352451e-05    1.33352451e-05 0    0    1.35648443e-05    1.35648443e-05
2225    0    2.33366791e-05    2.33366791e-05 0    0    2.35586558e-05    2.35586558e-05
2235    0    3.33381126e-06    3.33381126e-06 0    0    3.55863062e-06    3.55863062e-06
2245    0    1.00014331e-05    1.00014331e-05 0    0    1.02199756e-05    1.02199756e-05
2255    0    6.66762253e-06    6.66762253e-06 0    0    6.88343562e-06    6.88343562e-06
2265    0    6.66762253e-06    6.66762253e-06 0    0    6.87964484e-06    6.87964484e-06
2275    0    3.33381126e-06    3.33381126e-06 0    0    3.54328154e-06    3.54328154e-06
2285    0    2.00028662e-05    2.00028662e-05 0    0    2.02029605e-05    2.02029605e-05
2295    0    0    0 0    0    2.03466783e-07    2.03466783e-07
2305    0    1.33352451e-05    1.33352451e-05 0    0    1.35306482e-05    1.35306482e-05
2315    0    1.00014331e-05    1.00014331e-05 0    0    1.01946098e-05    1.01946098e-05
2325    0    1.33352451e-05    1.33352451e-05 0    0    1.3523967e-05    1.3523967e-05
2335    0    3.33381126e-06    3.33381126e-06 0    0    3.52275902e-06    3.52275902e-06
2345    0    6.66762253e-06    6.66762253e-06 0    0    6.85226087e-06    6.85226087e-06
2355    0    0    0 0    0    1.83853714e-07    1.83853714e-07
2365    0    0    0 0    0    1.80833112e-07    1.80833112e-07
2375    0    1.66690552e-05    1.66690552e-05 0    0    1.68411752e-05    1.68411752e-05
2385    0    1.00014331e-05    1.00014331e-05 0    0    1.01729656e-05    1.01729656e-05
2395    0    1.00014331e-05    1.00014331e-05 0    0    1.01701371e-05    1.01701371e-05
