5    0.00153999997    0    0 0    0    0    0
15    0.00401999988    0    0 0    0    0    0
25    0.00633999985    0    0 0    0    0    0
35    0.0077399998    0    0 0    0    0    0
45    0.0088200001    0    0 0    0    0    0
55    0.0105799995    0    0 0    0    0    0
65    0.0104400003    0    0 0    0    0    0
75    0.01186    0    0 0    0    0    0
85    0.01248    0    0 0    0    0    0
95    0.0115200002    0    0 0    0    0    0
105    0.0117800003    0    0 0    0    0    0
115    0.0118399998    0    0 0    0    0    0
125    0.0125200003    0    0 0    0    0    0
135    0.0122999996    0    0 0    0    0    0
145    0.0110799996    0    0 0    0    0    0
155    0.0115999999    0    0 0    0    0    0
165    0.01052    6.66980168e-06    6.66980168e-06 6.66980168e-06    6.66980168e-06    0    0
175    0.01076    1.33396034e-05    1.33396034e-05 1.33396034e-05    1.33396034e-05    0    0
185    0.01076    2.33443043e-05    2.33443043e-05 2.33443043e-05    2.33443043e-05    0    0
195    0.0103200004    4.00188073e-05    4.00188073e-05 4.00188073e-05    4.00188073e-05    0    0
205    0.0104599996    4.00188073e-05    4.00188073e-05 4.00188073e-05    4.00188073e-05    0    0
215    0.01064    4.33537098e-05    4.33537098e-05 6.07434486e-05    3.12430675e-05    0    0
225    0.0099600004    5.33584134e-05    5.33584134e-05 7.44176577e-05    3.86840402e-05    0    0
235    0.00965999998    8.00376147e-05    8.00376147e-05 0.000111338879    5.82085995e-05    7.29250269e-06    7.29250269e-06
245    0.0099200001    0.000103381921    0.000103381921 0.000143414174    7.54541106e-05    2.58939872e-05    2.58939872e-05
255    0.00970000029    0.000106716827    0.000106716827 0.000147560146    7.81373965e-05    2.41010439e-05    2.41010439e-05
265    0.0101399999    0.000166745041    0.000166745041 0.000228887875    0.000123174614    7.84676304e-05    7.84676304e-05
275    0.0092000002    0.000143400728    0.000143400728 0.000194892156    0.000107273809    4.90649036e-05    4.90649036e-05
285    0.00956000015    0.000170079933    0.000170079933 0.000230714708    0.000127492094    6.90506931e-05    6.90506931e-05
295    0.0102399997    0.000206763842    0.000206763842 0.000277081097    0.000157350354    9.83932696e-05    9.83932696e-05
305    0.0100600002    0.000236777953    0.000236777953 0.000314103381    0.000182390722    0.000120364282    0.000120364282
315    0.0095800003    0.000360169273    0.000360169273 0.00047339368    0.000280376727    0.000234788677    0.000234788677
325    0.0092000002    0.000383513572    0.000383513572 0.000496702094    0.000303587411    0.000248402212    0.000248402212
335    0.00901999976    0.000430202199    0.000430202199 0.0005471732    0.00034726481    0.000284314447    0.000284314447
345    0.0087799998    0.000466886093    0.000466886093 0.000583632442    0.00038338473    0.000309087685    0.000309087685
355    0.00932000019    0.000596947211    0.000596947211 0.000729982974    0.00050152879    0.00042580982    0.00042580982
365    0.00944000017    0.000747017737    0.000747017737 0.000908576942    0.000631549803    0.000561031804    0.000561031804
375    0.00874000043    0.000750352687    0.000750352687 0.000903906941    0.000640848186    0.000548023032    0.000548023032
385    0.00968000013    0.000820385583    0.000820385583 0.000984683516    0.000703590049    0.000599684077    0.000599684077
395    0.00858000014    0.00102381455    0.00102381455 0.00121143658    0.000890780007    0.000782334595    0.000782334595
405    0.00977999996    0.0012539227    0.0012539227 0.00147261366    0.00109924597    0.000989061431    0.000989061431
415    0.00942000002    0.00141733279    0.00141733279 0.00164169702    0.00125894812    0.0011262109    0.0011262109
425    0.00946000032    0.00171080406    0.00171080406 0.0019803925    0.00152092252    0.00138979987    0.00138979987
435    0.0101399999    0.00182085577    0.00182085577 0.00209264993    0.00162974244    0.00146620127    0.00146620127
445    0.00942000002    0.00214767619    0.00214767619 0.00245480658    0.00193225651    0.0017543846    0.0017543846
455    0.0104200002    0.00239779358    0.00239779358 0.00274252635    0.00215657544    0.00196045823    0.00196045823
465    0.0101199998    0.00268459506    0.00268459506 0.00303797866    0.00243725744    0.0021966747    0.0021966747
475    0.0104200002    0.00308478321    0.00308478321 0.00347449863    0.00281192199    0.0025384482    0.0025384482
485    0.0100199999    0.00355166919    0.00355166919 0.00401017303    0.00323127257    0.00293771829    0.00293771829
495    0.0103000002    0.00384180574    0.00384180574 0.00432840129    0.00350223714    0.00314962375    0.00314962375
505    0.0104    0.00441540871    0.00441540871 0.00495109055    0.00404198281    0.00363164558    0.00363164558
515    0.0110200001    0.00468553556    0.00468553556 0.00525904493    0.0042865579    0.00379506173    0.00379506173
525    0.0108200004    0.00545589766    0.00545589766 0.00609269505    0.00501366099    0.00443938235    0.00443938235
535    0.0113199996    0.00605951482    0.00605951482 0.0067602396    0.00557293883    0.0048947623    0.0048947623
545    0.0112800002    0.00701996591    0.00701996591 0.00780947087    0.00647158641    0.0056795706    0.0056795706
555    0.01358    0.00811714865    0.00811714865 0.00906051323    0.00746244285    0.0065686903    0.0065686903
565    0.0139199998    0.00915763713    0.00915763713 0.0101810945    0.00844855234    0.00736286351    0.00736286351
575    0.0136000002    0.0104115605    0.0104115605 0.0115559734    0.00961939245    0.00832517724    0.00832517724
585    0.0147799999    0.0115987845    0.0115987845 0.0128342528    0.0107441219    0.0091691846    0.0091691846
595    0.0161000006    0.0136864325    0.0136864325 0.0151409982    0.0126811536    0.0108552333    0.0108552333
605    0.0163000003    0.0155573115    0.0155573115 0.0171663035    0.0144472439    0.0122658098    0.0122658098
615    0.0170200001    0.0176149458    0.0176149458 0.0193538051    0.0164165664    0.0138100553    0.0138100553
625    0.0182600003    0.0204862952    0.0204862952 0.0223993864    0.0191688128    0.0161354002    0.0161354002
635    0.0184000004    0.0240446348    0.0240446348 0.0261681657    0.0225838814    0.01916226    0.01916226
645    0.0192000009    0.026695881    0.026695881 0.0288197007    0.0252368487    0.0213839859    0.0213839859
655    0.0213799998    0.0311446376    0.0311446376 0.0333678387    0.0296185799    0.0256341286    0.0256341286
665    0.0204000007    0.0338225625    0.0338225625 0.0359306075    0.0323774628    0.0285209324    0.0285209324
675    0.0213399995    0.0380912349    0.0380912349 0.0400579348    0.0367446281    0.0335680544    0.0335680544
685    0.0221800003    0.0410959832    0.0410959832 0.0427356996    0.0399740934    0.0379980765    0.0379980765
695    0.0206000004    0.0431502797    0.0431502797 0.044362016    0.0423225164    0.0420088507    0.0420088507
705    0.0208800007    0.0443675183    0.0443675183 0.043906644    0.0450432748    0.04539112    0.04539112
715    0.0185800008    0.044957798    0.044957798 0.0448384732    0.0450982302    0.0479398444    0.0479398444
725    0.0177599993    0.0422832072    0.0422832072 0.0417537168    0.0426433645    0.0466981791    0.0466981791
735    0.0170399994    0.0400688313    0.0400688313 0.0389944501    0.040798448    0.0452709794    0.0452709794
745    0.0152200004    0.0375443138    0.0375443138 0.0359797403    0.0386051461    0.0429623462    0.0429623462
755    0.01248    0.033499077    0.033499077 0.0315609649    0.0348110385    0.0387299284    0.0387299284
765    0.0112399999    0.0303776115    0.0303776115 0.0281443689    0.031887427    0.0351867154    0.0351867154
775    0.01052    0.0269693416    0.0269693416 0.024578793    0.0285826139    0.0312563442    0.0312563442
785    0.00879999995    0.0238478743    0.0238478743 0.0213599838    0.0255232137    0.0275969412    0.0275969412
795    0.00704000005    0.0216868594    0.0216868594 0.0190085415    0.0234871563    0.0249282178    0.0249282178
805    0.00626000017    0.0186020769    0.0186020769 0.0160306953    0.0203276984    0.0213898048    0.0213898048
815    0.00499999989    0.0167178567    0.0167178567 0.0141580245    0.0184319559    0.0191093348    0.0191093348
825    0.0046000001    0.0149670346    0.0149670346 0.0122486968    0.0167855471    0.0170192476    0.0170192476
835    0.00400000019    0.013412971    0.013412971 0.0108812144    0.0151011469    0.015177357    0.015177357
845    0.00322000007    0.0122524248    0.0122524248 0.00968533847    0.0139600579    0.013773459    0.013773459
855    0.00306000002    0.0111585781    0.0111585781 0.00846878998    0.0129454639    0.0124744996    0.0124744996
865    0.00219999999    0.00998802762    0.00998802762 0.00745750964    0.0116630932    0.0111311749    0.0111311749
875    0.00218000007    0.00908760447    0.00908760447 0.00654307427    0.0107676545    0.0100845397    0.0100845397
885    0.00171999994    0.00838394091    0.00838394091 0.00584112853    0.0100597953    0.00925681833    0.00925681833
895    0.00182    0.0077736536    0.0077736536 0.00536127435    0.00935765263    0.00854100566    0.00854100566
905    0.00127999997    0.00688323518    0.00688323518 0.00473081879    0.00829272438    0.00756097725    0.00756097725
915    0.00113999995    0.00657975907    0.00657975907 0.00424291752    0.008107136    0.00718006957    0.00718006957
925    0.00144000002    0.00628962275    0.00628962275 0.00372206629    0.00796146598    0.00682333671    0.00682333671
935    0.00104    0.00538586453    0.00538586453 0.00282488856    0.00704888627    0.00586291961    0.00586291961
945    0.00100000005    0.00506237941    0.00506237941 0.00288291438    0.00647498248    0.00548967067    0.00548967067
955    0.00066000002    0.00510906801    0.00510906801 0.00261593307    0.0067194798    0.00549258944    0.00549258944
965    0.000739999989    0.00441874331    0.00441874331 0.00247167191    0.00567091629    0.0047649974    0.0047649974
975    0.000760000024    0.00403856486    0.00403856486 0.00180081429    0.00547259068    0.00435182825    0.00435182825
985    0.000520000001    0.00412527239    0.00412527239 0.00174411968    0.00564662227    0.00440893183    0.00440893183
995    0.000600000028    0.00371841434    0.00371841434 0.00143379346    0.00517438259    0.00397658115    0.00397658115
1005    0.000560000015    0.00358168338    0.00358168338 0.000670842361    0.00543109933    0.00381696271    0.00381696271
1015    0.000419999997    0.00329154707    0.00329154707 0.000994317466    0.00474633602    0.00350671238    0.00350671238
1025    0.00046000001    0.00302808988    0.00302808988 0.000944360567    0.00434312038    0.00322533259    0.00322533259
1035    0.000280000007    0.00314481137    0.00314481137 0.000891472911    0.00456163706    0.0033255578    0.0033255578
1045    0.000260000001    0.00254119444    0.00254119444 0.000406699895    0.0038782456    0.00270810677    0.00270810677
1055    0.000300000014    0.00251785014    0.00251785014 0    0.0041484898    0.00267162989    0.00267162989
1065    0.000220000002    0.00251118024    0.00251118024 0.000455853995    0.0037883285    0.00265310775    0.00265310775
1075    0.000140000004    0.00231442112    0.00231442112 0.000359831523    0.00352377421    0.00244590011    0.00244590011
1085    0.000140000004    0.00205096393    0.00205096393 0    0.00364547595    0.00217309827    0.00217309827
1095    0.000180000003    0.00216101576    0.00216101576 0    0.00390402321    0.00227420102    0.00227420102
1105    0.000220000002    0.00208097813    0.00208097813 7.51371044e-06    0.00334691769    0.00218626857    0.00218626857
1115    0.000180000003    0.00195758673    0.00195758673 0    0.00343685667    0.00205575139    0.00205575139
1125    0.000119999997    0.00176749739    0.00176749739 0    0.00347164227    0.00185926061    0.00185926061
1135    1.99999995e-05    0.0017208088    0.0017208088 0    0.00321200234    0.00180654484    0.00180654484
1145    0.000199999995    0.00141733279    0.00141733279 0    0.00296127005    0.00149789662    0.00149789662
1155    7.9999998e-05    0.0015507288    0.0015507288 0.000199932561    0.00235556136    0.00162598968    0.00162598968
1165    0.000220000002    0.00160742213    0.00160742213 0    0.00331052579    0.00167789543    0.00167789543
1175    3.9999999e-05    0.0013939885    0.0013939885 0    0.00242248341    0.00146040937    0.00146040937
1185    1.99999995e-05    0.00141066301    0.00141066301 0    0.00289209653    0.0014730579    0.0014730579
1195    7.9999998e-05    0.00142066774    0.00142066774 0    0.00314434897    0.00147935003    0.00147935003
1205    5.99999985e-05    0.00138064893    0.00138064893 0    0.0025870828    0.00143596227    0.00143596227
1215    5.99999985e-05    0.00127059722    0.00127059722 0    0.00417804997    0.00132288714    0.00132288714
1225    3.9999999e-05    0.00118722464    0.00118722464 0    0.00224782526    0.00123668381    0.00123668381
1235    0    0.00105716358    0.00105716358 0    0.00241761049    0.00110406335    0.00110406335
1245    1.99999995e-05    0.00105382863    0.00105382863 0    0.00229735789    0.00109818927    0.00109818927
1255    3.9999999e-05    0.00110385218    0.00110385218 0    0.0138202859    0.0011457759    0.0011457759
1265    7.9999998e-05    0.000987130567    0.000987130567 0    0.00204434153    0.00102700177    0.00102700177
1275    7.9999998e-05    0.00094711181    0.00094711181 0    0.00290816044    0.00098497374    0.00098497374
1285    5.99999985e-05    0.000833725207    0.000833725207 0    0.00215521199    0.000869811338    0.000869811338
1295    0    0.000950446702    0.000950446702 0    0.00278171804    0.000984571292    0.000984571292
1305    1.99999995e-05    0.000860404398    0.000860404398 0    0.00471294951    0.000892959884    0.000892959884
1315    7.9999998e-05    0.000897088321    0.000897088321 0    0.00176687888    0.000928009627    0.000928009627
1325    0    0.000767027144    0.000767027144 0    0.00135849684    0.000796635926    0.000796635926
1335    3.9999999e-05    0.000733678171    0.000733678171 0    0.00135475851    0.000761934265    0.000761934265
1345    1.99999995e-05    0.000717003655    0.000717003655 0    0.00129175733    0.000743967947    0.000743967947
1355    1.99999995e-05    0.000730343279    0.000730343279 0    0.00172091404    0.000756052614    0.000756052614
1365    1.99999995e-05    0.000633631134    0.000633631134 0    0.00175018865    0.000658305304    0.000658305304
1375    1.99999995e-05    0.000696994248    0.000696994248 0    0.00114022067    0.000720484357    0.000720484357
1385    1.99999995e-05    0.000663645274    0.000663645274 0    0.00174884265    0.00068614335    0.00068614335
1395    1.99999995e-05    0.00062029151    0.00062029151 0    0.00154725579    0.000641868799    0.000641868799
1405    0    0.000540253939    0.000540253939 0    0.00139588176    0.00056101341    0.00056101341
1415    0    0.000543588831    0.000543588831 0    0.00372659671    0.000563468318    0.000563468318
1425    0    0.000600282161    0.000600282161 0    0.00137417216    0.00061925652    0.00061925652
1435    1.99999995e-05    0.000526914315    0.000526914315 0    0.000929934497    0.000545202463    0.000545202463
1445    0    0.00046021631    0.00046021631 0    0.000698421209    0.000477850059    0.000477850059
1455    0    0.000490230392    0.000490230392 0    0.000879874045    0.000507117831    0.000507117831
1465    7.9999998e-05    0.000443541794    0.000443541794 0    0.00134462421    0.000459821924    0.000459821924
1475    1.99999995e-05    0.000403522979    0.000403522979 0    0.00100352592    0.000419220451    0.000419220451
1485    0    0.000426867307    0.000426867307 0    0.00133535487    0.000441928278    0.000441928278
1495    0    0.00043353709    0.00043353709 0    0.000671132701    0.000448013627    0.000448013627
1505    0    0.000443541794    0.000443541794 0    0.00110081444    0.000457457267    0.000457457267
1515    0    0.000346829678    0.000346829678 0.00188301108    0    0.00036035385    0.00036035385
1525    1.99999995e-05    0.000363504194    0.000363504194 0    0.000767335994    0.000376509037    0.000376509037
1535    0    0.000346829678    0.000346829678 0    0.000605953217    0.000359383295    0.000359383295
1545    0    0.00035016457    0.00035016457 0.00326709147    0    0.000362261897    0.000362261897
1555    7.9999998e-05    0.000333490083    0.000333490083 0.00775203202    0    0.000345178618    0.000345178618
1565    0    0.000333490083    0.000333490083 0.00343709788    0    0.000344766857    0.000344766857
1575    0    0.000316815567    0.000316815567 0    0.000647178502    0.000327721413    0.000327721413
1585    0    0.000306810864    0.000306810864 0.0710848197    0    0.000317354134    0.000317354134
1595    0    0.000333490083    0.000333490083 0    0.000532027916    0.000343637803    0.000343637803
1605    0    0.000246782642    0.000246782642 0.0491061211    0    0.000256703031    0.000256703031
1615    0    0.000323485379    0.000323485379 0.00239187223    0    0.000332973112    0.000332973112
1625    0    0.00029680616    0.00029680616 0    0.000477324123    0.000306014379    0.000306014379
1635    0    0.000216768545    0.000216768545 0    0.000349486305    0.000225782249    0.000225782249
1645    0    0.000250117562    0.000250117562 0    0.000404045772    0.000258796616    0.000258796616
1655    0    0.000180084637    0.000180084637 0.00160438044    0    0.000188580132    0.000188580132
1665    1.99999995e-05    0.000226773249    0.000226773249 0    0.000366973691    0.000234939303    0.000234939303
1675    0    0.00019008934    0.00019008934 0    0.000308758026    0.000198048918    0.000198048918
1685    0    0.000206763842    0.000206763842 0    0.000336586469    0.000214455285    0.000214455285
1695    0    0.000173414839    0.000173414839 0    0.00201281346    0.000180915173    0.000180915173
1705    0    0.000183419543    0.000183419543 0    0.00117624807    0.000190679595    0.000190679595
1715    1.99999995e-05    0.00015007054    0.00015007054 0    0.00024540248    0.000157157454    0.000157157454
1725    0    0.000186754434    0.000186754434 0    0.000403091952    0.000193582295    0.000193582295
1735    0    0.000136730931    0.000136730931 0    0.000224093703    0.000143424404    0.000143424404
1745    0    0.000176749745    0.000176749745 0    0.000289335672    0.000183195167    0.000183195167
1755    0    0.000166745041    0.000166745041 0    0.000273672544    0.000173017019    0.000173017019
1765    0    0.00020342895    0.00020342895 0    0.000334426499    0.000209471502    0.000209471502
1775    0    0.000126726227    0.000126726227 0.00267316494    0    0.000132698595    0.000132698595
1785    0    0.000173414839    0.000173414839 0    0.000285845745    0.000179157185    0.000179157185
1795    0    0.000140065837    0.000140065837 0.000443594094    2.11840652e-05    0.000145691898    0.000145691898
1805    0    0.000123391321    0.000123391321 0.000325789268    4.47426464e-05    0.000128884407    0.000128884407
1815    0    0.000140065837    0.000140065837 0    0    0.000145386512    0.000145386512
1825    0    0.000100047022    0.000100047022 0    0    0.000105276878    0.000105276878
1835    0    0.000120056429    0.000120056429 0    0    0.000125119652    0.000125119652
1845    0    0.000110051726    0.000110051726 0.00030029405    3.85771709e-05    0.000114993527    0.000114993527
1855    0    0.000123391321    0.000123391321 0    0    0.000128184882    0.000128184882
1865    0    9.67121232e-05    9.67121232e-05 0.000268563512    3.32963282e-05    0.000101415702    0.000101415702
1875    0    0.000123391321    0.000123391321 0    0    0.00012793731    0.00012793731
1885    0    0.000106716827    0.000106716827 0.00029982152    3.63018007e-05    0.000111167632    0.000111167632
1895    0    8.33725207e-05    8.33725207e-05 0.000236985885    2.80234708e-05    8.77410057e-05    8.77410057e-05
1905    0    7.33678171e-05    7.33678171e-05 0    0    7.76397355e-05    7.76397355e-05
1915    0    7.00329183e-05    7.00329183e-05 0    0    7.42028642e-05    7.42028642e-05
1925    0    0.000113386624    0.000113386624 0    0    0.000117395168    0.000117395168
1935    0    8.67074195e-05    8.67074195e-05 0    0    9.06521382e-05    9.06521382e-05
1945    0    0.000103381921    0.000103381921 0.000305497786    3.33899879e-05    0.000107207597    0.000107207597
1955    0    7.00329183e-05    7.00329183e-05 0    0    7.38099334e-05    7.38099334e-05
1965    0    9.33772171e-05    9.33772171e-05 0    0    9.70321707e-05    9.70321707e-05
1975    0    4.66886086e-05    4.66886086e-05 0    0    5.03185838e-05    5.03185838e-05
1985    0    5.33584134e-05    5.33584134e-05 0.000162613025    1.66958635e-05    5.68942742e-05    5.68942742e-05
1995    0    8.67074195e-05    8.67074195e-05 0    0    9.01158346e-05    9.01158346e-05
2005    0    8.00376147e-05    8.00376147e-05 0    0    8.33749655e-05    8.33749655e-05
2015    0    7.67027159e-05    7.67027159e-05 0    0    7.99669142e-05    7.99669142e-05
2025    0    6.66980122e-05    6.66980122e-05 0    0    6.99003504e-05    6.99003504e-05
2035    0    6.33631134e-05    6.33631134e-05 0    0    6.6496832e-05    6.6496832e-05
2045    0    2.66792067e-05    2.66792067e-05 0    0    2.97913557e-05    2.97913557e-05
2055    0    5.33584134e-05    5.33584134e-05 0    0    5.63657522e-05    5.63657522e-05
2065    0    5.66933122e-05    5.66933122e-05 0    0    5.96292666e-05    5.96292666e-05
2075    0    6.00282146e-05    6.00282146e-05 0    0    6.28947018e-05    6.28947018e-05
2085    0    7.00329183e-05    7.00329183e-05 0    0    7.28228188e-05    7.28228188e-05
2095    0    4.00188073e-05    4.00188073e-05 0    0    4.27877821e-05    4.27877821e-05
2105    0    2.00094037e-05    2.00094037e-05 0    0    2.27457112e-05    2.27457112e-05
2115    0    4.33537098e-05    4.33537098e-05 0    0    4.60006449e-05    4.60006449e-05
2125    0    6.00282146e-05    6.00282146e-05 0    0    6.25963585e-05    6.25963585e-05
2135    0    3.33490061e-05    3.33490061e-05 0    0    3.58982943e-05    3.58982943e-05
2145    0    3.66839085e-05    3.66839085e-05 0    0    3.91754184e-05    3.91754184e-05
2155    0    2.66792067e-05    2.66792067e-05 0    0    2.91323468e-05    2.91323468e-05
2165    0    1.00047018e-05    1.00047018e-05 0    0    1.24298567e-05    1.24298567e-05
2175    0    3.00141073e-05    3.00141073e-05 0    0    3.23632376e-05    3.23632376e-05
2185    0    3.66839085e-05    3.66839085e-05 0    0    3.8976279e-05    3.8976279e-05
2195    0    3.33490061e-05    3.33490061e-05 0    0    3.55993543e-05    3.55993543e-05
2205    0    5.33584134e-05    5.33584134e-05 0    0    5.55365295e-05    5.55365295e-05
2215    0    2.66792067e-05    2.66792067e-05 0    0    2.88491319e-05    2.88491319e-05
2225    0    1.00047018e-05    1.00047018e-05 0    0    1.21541161e-05    1.21541161e-05
2235    0    4.66886086e-05    4.66886086e-05 0    0    4.87467769e-05    4.87467769e-05
2245    0    2.33443043e-05    2.33443043e-05 0    0    2.53931175e-05    2.53931175e-05
2255    0    2.33443043e-05    2.33443043e-05 0    0    2.53533726e-05    2.53533726e-05
2265    0    3.00141073e-05    3.00141073e-05 0    0    3.19754545e-05    3.19754545e-05
2275    0    3.33490061e-05    3.33490061e-05 0    0    3.52680981e-05    3.52680981e-05
2285    0    3.66839085e-05    3.66839085e-05 0    0    3.85616841e-05    3.85616841e-05
2295    0    4.00188073e-05    4.00188073e-05 0    0    4.18561867e-05    4.18561867e-05
2305    0    1.33396034e-05    1.33396034e-05 0    0    1.51778768e-05    1.51778768e-05
2315    0    2.33443043e-05    2.33443043e-05 0    0    2.51349447e-05    2.51349447e-05
2325    0    2.00094037e-05    2.00094037e-05 0    0    2.17712022e-05    2.17712022e-05
2335    0    1.66745031e-05    1.66745031e-05 0    0    1.84082674e-05    1.84082674e-05
2345    0    1.33396034e-05    1.33396034e-05 0    0    1.50461155e-05    1.50461155e-05
2355    0    6.66980168e-06    6.66980168e-06 0    0    8.35431183e-06    8.35431183e-06
2365    0    2.66792067e-05    2.66792067e-05 0    0    2.83065328e-05    2.83065328e-05
2375    0    2.33443043e-05    2.33443043e-05 0    0    2.49465938e-05    2.49465938e-05
2385    0    1.00047018e-05    1.00047018e-05 0    0    1.15961157e-05    1.15961157e-05
2395    0    2.00094037e-05    2.00094037e-05 0    0    2.15591881e-05    2.15591881e-05
