5    0.00039999999    0    0 0    0    0    0
15    0.00170000002    0    0 0    0    0    0
25    0.00203999993    0    0 0    0    0    0
35    0.00277999998    0    0 0    0    0    0
45    0.00316000008    0    0 0    0    0    0
55    0.00416000001    0    0 0    0    0    0
65    0.00374000007    0    0 0    0    0    0
75    0.00371999992    0    0 0    0    0    0
85    0.0038399999    0    0 0    0    0    0
95    0.00413999986    0    0 0    0    0    0
105    0.00439999998    0    0 0    0    0    0
115    0.00481999991    0    0 0    0    0    0
125    0.00436000014    0    0 0    0    0    0
135    0.0049399999    0    0 0    0    0    0
145    0.00439999998    0    0 0    0    0    0
155    0.00517999986    0    0 0    0    0    0
165    0.00508000003    3.33333332e-06    3.33333332e-06 3.33333332e-06    3.33333332e-06    0    0
175    0.00478000008    3.33333332e-06    3.33333332e-06 3.33333332e-06    3.33333332e-06    0    0
185    0.00469999993    2.66666666e-05    2.66666666e-05 2.66666666e-05    2.66666666e-05    1.44335499e-05    1.44335499e-05
195    0.00520000001    3.33333337e-05    3.33333337e-05 3.33333337e-05    3.33333337e-05    1.97529207e-05    1.97529207e-05
205    0.00516000018    7.66666635e-05    7.66666635e-05 7.66666635e-05    7.66666635e-05    6.15284443e-05    6.15284443e-05
215    0.00576000009    7.00000019e-05    7.00000019e-05 9.71227419e-05    5.13385276e-05    5.30671896e-05    5.30671896e-05
225    0.00520000001    0.000126666666    0.000126666666 0.000173806926    9.42276529e-05    0.000107634012    0.000107634012
235    0.00502000004    0.000143333338    0.000143333338 0.000198438516    0.000105363535    0.000121849276    0.000121849276
245    0.00541999983    0.000180000003    0.000180000003 0.000245230243    0.000135005408    0.00015562358    0.00015562358
255    0.00624000002    0.000236666659    0.000236666659 0.000313386612    0.000183607714    0.000208854908    0.000208854908
265    0.00626000017    0.000306666654    0.000306666654 0.000397215132    0.000243873801    0.000274745951    0.000274745951
275    0.00636    0.000353333337    0.000353333337 0.000453146262    0.000284057111    0.000316463818    0.000316463818
285    0.0059799999    0.000466666679    0.000466666679 0.000586909126    0.000383049512    0.000423766411    0.000423766411
295    0.00675999979    0.000556666695    0.000556666695 0.000685713254    0.00046683423    0.000506363227    0.000506363227
305    0.00757999998    0.000773333362    0.000773333362 0.000944394036    0.000654127973    0.000713815272    0.000713815272
315    0.00767999981    0.000916666642    0.000916666642 0.00108270859    0.000800703536    0.00084558205    0.00084558205
325    0.00820000004    0.00113999995    0.00113999995 0.00131921365    0.00101462204    0.00105416612    0.00105416612
335    0.00836000033    0.00131666672    0.00131666672 0.00150644826    0.0011834933    0.00121176569    0.00121176569
345    0.00908000022    0.00169333338    0.00169333338 0.0019025394    0.00154614379    0.0015633133    0.0015633133
355    0.0104200002    0.00210333336    0.00210333336 0.00232998678    0.00194414344    0.00193962443    0.00193962443
365    0.0118800001    0.00276000006    0.00276000006 0.00302115362    0.00257687527    0.00255006901    0.00255006901
375    0.0126200002    0.00389333325    0.00389333325 0.00424094358    0.0036498527    0.00361835398    0.00361835398
385    0.01516    0.00518666673    0.00518666673 0.00562212523    0.00488206092    0.00481755473    0.00481755473
395    0.0175000001    0.00696999999    0.00696999999 0.00752402563    0.00658274721    0.00645995792    0.00645995792
405    0.0206199996    0.00968666654    0.00968666654 0.0104355589    0.00916365534    0.00895727705    0.00895727705
415    0.0250599999    0.0139333336    0.0139333336 0.0149874361    0.0131976213    0.0128472187    0.0128472187
425    0.0318000019    0.0197133329    0.0197133329 0.0211473331    0.0187131129    0.018019136    0.018019136
435    0.0414200015    0.0293833334    0.0293833334 0.0313248336    0.0280295536    0.0266072713    0.0266072713
445    0.0555399992    0.0452133343    0.0452133343 0.0477663726    0.0434353203    0.040499758    0.040499758
455    0.0725999996    0.0717533305    0.0717533305 0.0747719556    0.0696536675    0.0640689582    0.0640689582
465    0.0942400023    0.107210003    0.107210003 0.109808236    0.105400391    0.0984312668    0.0984312668
475    0.102320001    0.130106673    0.130106673 0.130857646    0.129529521    0.130085647    0.130085647
485    0.0877199993    0.118813336    0.118813336 0.116936229    0.120121352    0.127555549    0.127555549
495    0.0655599982    0.0894233361    0.0894233361 0.0862381235    0.0916426107    0.0970816612    0.0970816612
505    0.0447399989    0.0618400015    0.0618400015 0.0585102774    0.0641605482    0.0665362775    0.0665362775
515    0.0275800005    0.0439900011    0.0439900011 0.040876247    0.0461572967    0.0467542037    0.0467542037
525    0.0196400005    0.031849999    0.031849999 0.0291190892    0.033749029    0.0335358642    0.0335358642
535    0.0135599999    0.02434    0.02434 0.0219159424    0.0260272715    0.02541993    0.02541993
545    0.0105999997    0.0190566666    0.0190566666 0.016920682    0.0205451399    0.0197814126    0.0197814126
555    0.00755999982    0.0152799999    0.0152799999 0.0133901276    0.0165971462    0.0157864466    0.0157864466
565    0.00614000019    0.0124733336    0.0124733336 0.0107691465    0.0136601534    0.0128395911    0.0128395911
575    0.00505999988    0.0104133338    0.0104133338 0.00889043789    0.0114737358    0.0106860008    0.0106860008
585    0.00368000008    0.00910000037    0.00910000037 0.00768583082    0.0100850444    0.009308015    0.009308015
595    0.0033199999    0.00762999989    0.00762999989 0.00635195989    0.00851988699    0.0077921357    0.0077921357
605    0.00224000006    0.00642333319    0.00642333319 0.00529266708    0.00720998505    0.00655204151    0.00655204151
615    0.00190000003    0.00616666675    0.00616666675 0.00500384392    0.00697543239    0.00627035834    0.00627035834
625    0.00190000003    0.00529666664    0.00529666664 0.00422302959    0.00604347046    0.00538146077    0.00538146077
635    0.00150000001    0.00471333321    0.00471333321 0.00365883391    0.00544670923    0.00478350837    0.00478350837
645    0.000980000012    0.0042166668    0.0042166668 0.00332556036    0.00483599352    0.00427537831    0.00427537831
655    0.00118000002    0.00395666668    0.00395666668 0.00307302829    0.00457088649    0.00400624098    0.00400624098
665    0.000839999993    0.0034566666    0.0034566666 0.00260322704    0.00404964853    0.00349893281    0.00349893281
675    0.000720000011    0.00329333334    0.00329333334 0.00249377941    0.00384856248    0.00332961371    0.00332961371
685    0.00079999998    0.00292000012    0.00292000012 0.00218148879    0.00343293161    0.00295139919    0.00295139919
695    0.000539999979    0.00269333343    0.00269333343 0.00189636182    0.00324637722    0.00272067147    0.00272067147
705    0.00046000001    0.00255999994    0.00255999994 0.00188644452    0.00302707148    0.00258393353    0.00258393353
715    0.000380000012    0.00237666676    0.00237666676 0.00163478858    0.00289108069    0.00239774352    0.00239774352
725    0.000380000012    0.00220666663    0.00220666663 0.00148944394    0.00270350184    0.00222532218    0.00222532218
735    0.000260000001    0.0020033333    0.0020033333 0.00132444326    0.00247320114    0.0020199311    0.0020199311
745    0.000280000007    0.00183666672    0.00183666672 0.00122980657    0.0022563606    0.00185149559    0.00185149559
755    0.000360000005    0.00170666666    0.00170666666 0.00109619217    0.00212860107    0.00171996595    0.00171996595
765    0.000199999995    0.00158666668    0.00158666668 0.000998039031    0.00199319771    0.00159863906    0.00159863906
775    0.000180000003    0.00162999996    0.00162999996 0.000886389229    0.00214305078    0.00164079107    0.00164079107
785    0.000199999995    0.00162333332    0.00162333332 0.000858244137    0.00215064199    0.00163309672    0.00163309672
795    0.000140000004    0.00136333331    0.00136333331 0.000710174092    0.00181298191    0.0013722335    0.0013722335
805    0.000119999997    0.00136333331    0.00136333331 0.000732562388    0.00179716805    0.00137143407    0.00137143407
815    0.000140000004    0.00140333339    0.00140333339 0.000648569665    0.001921752    0.00141071866    0.00141071866
825    0.000140000004    0.00135999999    0.00135999999 0.000728571904    0.00179370621    0.00136676163    0.00136676163
835    0.000119999997    0.00108666671    0.00108666671 0.000503957039    0.00148586871    0.00109290949    0.00109290949
845    7.9999998e-05    0.00107    0.00107 0.000518604764    0.00144721859    0.00107574137    0.00107574137
855    3.9999999e-05    0.00106000004    0.00106000004 0.000162329103    0.00167385186    0.0010652903    0.0010652903
865    5.99999985e-05    0.00109666667    0.00109666667 0.000472268352    0.00152239157    0.00110154331    0.00110154331
875    0    0.000856666651    0.000856666651 8.37384578e-05    0.00138276606    0.00086121395    0.00086121395
885    0.000119999997    0.000890000025    0.000890000025 0.000278508553    0.00130587292    0.000894208613    0.000894208613
895    5.99999985e-05    0.000839999993    0.000839999993 8.7640823e-05    0.00135015766    0.000843914226    0.000843914226
905    5.99999985e-05    0.000843333313    0.000843333313 0.000351869036    0.00117596728    0.000846971932    0.000846971932
915    0.000119999997    0.000776666682    0.000776666682 8.98042927e-05    0.00124118628    0.000780065253    0.000780065253
925    7.9999998e-05    0.000836666673    0.000836666673 0.000126362997    0.00131558953    0.000839826593    0.000839826593
935    1.99999995e-05    0.000780000002    0.000780000002 0.000181082884    0.00118302682    0.000782959454    0.000782959454
945    1.99999995e-05    0.000706666673    0.000706666673 0    0.0014258041    0.00070944574    0.00070944574
955    3.9999999e-05    0.000739999989    0.000739999989 0.000175656009    0.00111844402    0.00074259704    0.00074259704
965    3.9999999e-05    0.000623333326    0.000623333326 0    0.00173288479    0.000625786721    0.000625786721
975    1.99999995e-05    0.000646666682    0.000646666682 0.000146100603    0.000980269164    0.000648966467    0.000648966467
985    0    0.00059333333    0.00059333333 9.52182891e-05    0.000924581604    0.000595503428    0.000595503428
995    0    0.000573333353    0.000573333353 0    0.00097011734    0.00057537877    0.00057537877
1005    3.9999999e-05    0.000590000011    0.000590000011 0.000590000011    0.000590000011    0.000591924239    0.000591924239
1015    0    0.000509999983    0.000509999983 0.000509999983    0.000509999983    0.000511827297    0.000511827297
1025    3.9999999e-05    0.000503333344    0.000503333344 0.000503333344    0.000503333344    0.000505059608    0.000505059608
1035    0    0.000523333321    0.000523333321 0.000523333321    0.000523333321    0.000524961448    0.000524961448
1045    1.99999995e-05    0.00059333333    0.00059333333 0.00059333333    0.00059333333    0.000594861747    0.000594861747
1055    1.99999995e-05    0.000446666672    0.000446666672 0    0    0.000448136387    0.000448136387
1065    1.99999995e-05    0.000466666679    0.000466666679 0    0    0.000468056212    0.000468056212
1075    3.9999999e-05    0.000403333339    0.000403333339 0    0    0.000404661172    0.000404661172
1085    1.99999995e-05    0.000449999992    0.000449999992 0    0    0.000451253058    0.000451253058
1095    1.99999995e-05    0.000366666674    0.000366666674 0    0    0.000367870147    0.000367870147
1105    3.9999999e-05    0.000486666657    0.000486666657 0    0    0.000487791694    0.000487791694
1115    0    0.000469999999    0.000469999999 0    0    0.000471072242    0.000471072242
1125    1.99999995e-05    0.000390000001    0.000390000001 0    0    0.000391033071    0.000391033071
1135    0    0.000426666666    0.000426666666 0    0    0.000427644816    0.000427644816
1145    0    0.000306666654    0.000306666654 0    0    0.000307618116    0.000307618116
1155    0    0.000403333339    0.000403333339 0    0    0.000404225691    0.000404225691
1165    0    0.000410000008    0.000410000008 0    0    0.000410850305    0.000410850305
1175    0    0.000323333341    0.000323333341 0    0    0.000324158958    0.000324158958
1185    0    0.000313333323    0.000313333323 0    0    0.000314124074    0.000314124074
1195    0    0.000363333325    0.000363333325 0    0    0.000364081439    0.000364081439
1205    0    0.000306666654    0.000306666654 0    0    0.000307391252    0.000307391252
1215    0    0.000280000007    0.000280000007 0    0    0.000280697976    0.000280697976
1225    0    0.000289999996    0.000289999996 0    0    0.000290667056    0.000290667056
1235    0    0.000236666659    0.000236666659 0    0    0.000237314569    0.000237314569
1245    0    0.000250000012    0.000250000012 0    0    0.0002506194    0.0002506194
1255    0    0.000283333327    0.000283333327 0    0    0.000283922302    0.000283922302
1265    0    0.000223333336    0.000223333336 0    0    0.000223908239    0.000223908239
1275    0    0.000226666671    0.000226666671 0    0    0.000227218421    0.000227218421
1285    0    0.000276666658    0.000276666658 0    0    0.000277188839    0.000277188839
1295    0    0.000253333332    0.000253333332 0    0    0.000253838807    0.000253838807
1305    0    0.000239999994    0.000239999994 0    0    0.000240488138    0.000240488138
1315    0    0.00026666667    0.00026666667 0    0    0.000267131923    0.000267131923
1325    0    0.000253333332    0.000253333332 0    0    0.000253783015    0.000253783015
1335    0    0.000239999994    0.000239999994 0    0    0.000240434951    0.000240434951
1345    1.99999995e-05    0.000199999995    0.000199999995 0    0    0.000200425275    0.000200425275
1355    0    0.000146666673    0.000146666673 0    0    0.000147085142    0.000147085142
1365    1.99999995e-05    0.000180000003    0.000180000003 0    0    0.000180398376    0.000180398376
1375    0    0.000150000007    0.000150000007 0    0    0.000150389125    0.000150389125
1385    0    0.000220000002    0.000220000002 0    0    0.000220364338    0.000220364338
1395    0    0.000169999999    0.000169999999 0    0    0.000170359548    0.000170359548
1405    0    0.000159999996    0.000159999996 0    0    0.00016034882    0.00016034882
1415    0    0.000223333336    0.000223333336 0    0    0.000223660085    0.000223660085
1425    0    0.000173333334    0.000173333334 0    0    0.000173656837    0.000173656837
1435    0    0.000153333327    0.000153333327 0    0    0.00015364922    0.00015364922
1445    0    0.000153333327    0.000153333327 0    0    0.000153638786    0.000153638786
1455    0    0.00011666667    0.00011666667 0    0    0.000116968054    0.000116968054
1465    0    0.000176666668    0.000176666668 0    0    0.000176948757    0.000176948757
1475    0    0.000133333335    0.000133333335 0    0    0.000133613197    0.000133613197
1485    0    0.000183333337    0.000183333337 0    0    0.000183596261    0.000183596261
1495    0    0.000150000007    0.000150000007 0    0    0.000150259802    0.000150259802
1505    0    0.000143333338    0.000143333338 0    0    0.000143586032    0.000143586032
1515    0    0.00011666667    0.00011666667 0    0    0.000116915791    0.000116915791
1525    0    0.000156666661    0.000156666661 0    0    0.000156901748    0.000156901748
1535    0    0.000133333335    0.000133333335 0    0    0.000133564885    0.000133564885
1545    0    0.000136666669    0.000136666669 0    0    0.000136890652    0.000136890652
1555    0    0.000110000001    0.000110000001 0    0    0.000110221532    0.000110221532
1565    0    0.000136666669    0.000136666669 0    0    0.000136877366    0.000136877366
1575    1.99999995e-05    0.000103333332    0.000103333332 0    0    0.000103543134    0.000103543134
1585    0    0.000106666666    0.000106666666 0    0    0.000106869855    0.000106869855
1595    0    0.000119999997    0.000119999997 0    0    0.000120195189    0.000120195189
1605    0    0.000103333332    0.000103333332 0    0    0.000103525577    0.000103525577
1615    0    0.000110000001    0.000110000001 0    0    0.00011018572    0.00011018572
1625    0    0.000136666669    0.000136666669 0    0    0.000136842806    0.000136842806
1635    0    9.33333358e-05    9.33333358e-05 0    0    9.35114003e-05    9.35114003e-05
1645    0    0.000119999997    0.000119999997 0    0    0.000120168857    0.000120168857
1655    0    7.33333363e-05    7.33333363e-05 0    0    7.35049834e-05    7.35049834e-05
1665    0    7.9999998e-05    7.9999998e-05 0    0    8.01659917e-05    8.01659917e-05
1675    0    7.66666635e-05    7.66666635e-05 0    0    7.68287573e-05    7.68287573e-05
1685    0    8.66666669e-05    8.66666669e-05 0    0    8.68228599e-05    8.68228599e-05
1695    0    7.9999998e-05    7.9999998e-05 0    0    8.01531205e-05    8.01531205e-05
1705    0    7.66666635e-05    7.66666635e-05 0    0    7.68163081e-05    7.68163081e-05
1715    0    7.00000019e-05    7.00000019e-05 0    0    7.01468307e-05    7.01468307e-05
1725    0    6.33333329e-05    6.33333329e-05 0    0    6.34774769e-05    6.34774769e-05
1735    0    7.00000019e-05    7.00000019e-05 0    0    7.01394238e-05    7.01394238e-05
1745    0    7.00000019e-05    7.00000019e-05 0    0    7.01358949e-05    7.01358949e-05
1755    0    4.33333335e-05    4.33333335e-05 0    0    4.34701105e-05    4.34701105e-05
1765    0    4.66666679e-05    4.66666679e-05 0    0    4.67995924e-05    4.67995924e-05
1775    0    8.33333324e-05    8.33333324e-05 0    0    8.34571183e-05    8.34571183e-05
1785    0    5.99999985e-05    5.99999985e-05 0    0    6.01244319e-05    6.01244319e-05
1795    0    5.66666677e-05    5.66666677e-05 0    0    5.678862e-05    5.678862e-05
1805    0    5.66666677e-05    5.66666677e-05 0    0    5.67856805e-05    5.67856805e-05
1815    0    5.99999985e-05    5.99999985e-05 0    0    6.0115628e-05    6.0115628e-05
1825    0    6.66666674e-05    6.66666674e-05 0    0    6.67784625e-05    6.67784625e-05
1835    0    4.33333335e-05    4.33333335e-05 0    0    4.3446209e-05    4.3446209e-05
1845    0    6.66666674e-05    6.66666674e-05 0    0    6.67731729e-05    6.67731729e-05
1855    0    2.99999992e-05    2.99999992e-05 0    0    3.01098953e-05    3.01098953e-05
1865    0    3.9999999e-05    3.9999999e-05 0    0    4.01058242e-05    4.01058242e-05
1875    0    4.66666679e-05    4.66666679e-05 0    0    4.67690261e-05    4.67690261e-05
1885    0    3.9999999e-05    3.9999999e-05 0    0    4.0101113e-05    4.0101113e-05
1895    0    2.99999992e-05    2.99999992e-05 0    0    3.01004748e-05    3.01004748e-05
1905    0    5.33333332e-05    5.33333332e-05 0    0    5.34278406e-05    5.34278406e-05
1915    0    2.66666666e-05    2.66666666e-05 0    0    2.67633513e-05    2.67633513e-05
1925    0    2.66666666e-05    2.66666666e-05 0    0    2.67612795e-05    2.67612795e-05
1935    0    3.66666682e-05    3.66666682e-05 0    0    3.67576431e-05    3.67576431e-05
1945    0    4.33333335e-05    4.33333335e-05 0    0    4.34212707e-05    4.34212707e-05
1955    0    3.66666682e-05    3.66666682e-05 0    0    3.67537687e-05    3.67537687e-05
1965    0    3.33333337e-05    3.33333337e-05 0    0    3.34191172e-05    3.34191172e-05
1975    0    3.9999999e-05    3.9999999e-05 0    0    4.0082894e-05    4.0082894e-05
1985    0    6.66666665e-06    6.66666665e-06 0    0    6.7531837e-06    6.7531837e-06
1995    0    4.99999987e-05    4.99999987e-05 0    0    5.00777969e-05    5.00777969e-05
2005    0    2.3333334e-05    2.3333334e-05 0    0    2.34137678e-05    2.34137678e-05
2015    0    4.99999987e-05    4.99999987e-05 0    0    5.00744936e-05    5.00744936e-05
2025    0    2.99999992e-05    2.99999992e-05 0    0    3.00761403e-05    3.00761403e-05
2035    0    2.99999992e-05    2.99999992e-05 0    0    3.00745924e-05    3.00745924e-05
2045    0    1.33333333e-05    1.33333333e-05 0    0    1.34091115e-05    1.34091115e-05
2055    0    1.33333333e-05    1.33333333e-05 0    0    1.34076417e-05    1.34076417e-05
2065    0    1.66666669e-05    1.66666669e-05 0    0    1.67390026e-05    1.67390026e-05
2075    0    1.66666669e-05    1.66666669e-05 0    0    1.67376056e-05    1.67376056e-05
2085    0    3.33333337e-05    3.33333337e-05 0    0    3.34002143e-05    3.34002143e-05
2095    0    3.33333337e-05    3.33333337e-05 0    0    3.33988864e-05    3.33988864e-05
2105    0    4.99999987e-05    4.99999987e-05 0    0    5.00615606e-05    5.00615606e-05
2115    0    4.33333335e-05    4.33333335e-05 0    0    4.33947062e-05    4.33947062e-05
2125    0    3.33333337e-05    3.33333337e-05 0    0    3.33950884e-05    3.33950884e-05
2135    0    2.3333334e-05    2.3333334e-05 0    0    2.33954979e-05    2.33954979e-05
2145    0    1.99999995e-05    1.99999995e-05 0    0    2.00615268e-05    2.00615268e-05
2155    0    2.99999992e-05    2.99999992e-05 0    0    3.00587617e-05    3.00587617e-05
2165    0    4.33333335e-05    4.33333335e-05 0    0    4.33888163e-05    4.33888163e-05
2175    0    6.66666665e-06    6.66666665e-06 0    0    6.72697934e-06    6.72697934e-06
2185    0    6.66666665e-06    6.66666665e-06 0    0    6.72590886e-06    6.72590886e-06
2195    0    0    0 0    0    5.92738445e-08    5.92738445e-08
2205    0    0    0 0    0    5.82521267e-08    5.82521267e-08
2215    0    0    0 0    0    5.72537537e-08    5.72537537e-08
2225    0    0    0 0    0    5.62780649e-08    5.62780649e-08
2235    0    0    0 0    0    5.53244206e-08    5.53244206e-08
2245    0    0    0 0    0    5.43921992e-08    5.43921992e-08
2255    0    0    0 0    0    5.34808002e-08    5.34808002e-08
2265    0    0    0 0    0    5.25896553e-08    5.25896553e-08
2275    0    0    0 0    0    5.17181924e-08    5.17181924e-08
2285    0    0    0 0    0    5.08658822e-08    5.08658822e-08
2295    0    0    0 0    0    5.00321953e-08    5.00321953e-08
2305    0    0    0 0    0    4.92166237e-08    4.92166237e-08
2315    0    0    0 0    0    4.84186877e-08    4.84186877e-08
2325    0    0    0 0    0    4.76379043e-08    4.76379043e-08
2335    0    0    0 0    0    4.68738186e-08    4.68738186e-08
2345    0    0    0 0    0    4.6125983e-08    4.6125983e-08
2355    0    0    0 0    0    4.53939712e-08    4.53939712e-08
2365    0    0    0 0    0    4.46773676e-08    4.46773676e-08
2375    0    0    0 0    0    4.3975767e-08    4.3975767e-08
2385    0    0    0 0    0    4.32887788e-08    4.32887788e-08
2395    0    0    0 0    0    4.26160298e-08    4.26160298e-08
