5    0.00240000011    0    0 0    0    0    0
15    0.00786000025    0    0 0    0    0    0
25    0.0120200003    0    0 0    0    0    0
35    0.0147000002    0    0 0    0    0    0
45    0.0163599998    0    0 0    0    0    0
55    0.0188599993    0    0 0    0    0    0
65    0.0183799993    0    0 0    0    0    0
75    0.0200800002    0    0 0    0    0    0
85    0.0209999997    0    0 0    0    0    0
95    0.0206799991    0    0 0    0    0    0
105    0.0205400009    0    0 0    0    0    0
115    0.0197199993    0    0 0    0    0    0
125    0.0213200003    0    0 0    0    0    0
135    0.0200599991    0    0 0    0    0    0
145    0.01798    0    0 0    0    0    0
155    0.0189800002    0    0 0    0    0    0
165    0.0187999997    3.94883864e-06    3.94883864e-06 3.94883864e-06    3.94883864e-06    0    0
175    0.0171399992    1.57953546e-05    1.57953546e-05 1.57953546e-05    1.57953546e-05    0    0
185    0.0177200008    7.89767728e-06    7.89767728e-06 7.89767728e-06    7.89767728e-06    0    0
195    0.0168200005    3.948839e-05    3.948839e-05 3.948839e-05    3.948839e-05    0    0
205    0.0175999999    2.36930337e-05    2.36930337e-05 2.36930337e-05    2.36930337e-05    0    0
215    0.0163800009    1.9744195e-05    1.9744195e-05 2.78345087e-05    1.41139381e-05    0    0
225    0.0147399995    5.13349041e-05    5.13349041e-05 7.24062847e-05    3.66745626e-05    0    0
235    0.0146399997    4.73860673e-05    4.73860673e-05 6.67635104e-05    3.38710743e-05    0    0
245    0.0148799997    8.29256169e-05    8.29256169e-05 0.000116902193    5.92223878e-05    0    0
255    0.0147399995    9.47721346e-05    9.47721346e-05 0.000133077949    6.79613659e-05    0    0
265    0.0141000003    7.10790991e-05    7.10790991e-05 9.97527532e-05    5.09740021e-05    0    0
275    0.0131799998    0.000118465163    0.000118465163 0.000165329155    8.55823237e-05    0    0
285    0.0128600001    0.000161902397    0.000161902397 0.000224709773    0.000117801384    0    0
295    0.0133600002    0.000142158198    0.000142158198 0.000197195433    0.000103466409    0    0
305    0.0118000004    0.00015795356    0.00015795356 0.000217659588    0.000115954463    0    0
315    0.0116800005    0.000221134978    0.000221134978 0.000302317814    0.000163947218    0    0
325    0.01088    0.000213237305    0.000213237305 0.000289852847    0.00015913471    0    0
335    0.0109799998    0.000252725673    0.000252725673 0.000339046586    0.000191523694    0    0
345    0.0111800004    0.000240879162    0.000240879162 0.000316358404    0.000186890931    0    0
355    0.0106600001    0.000339600141    0.000339600141 0.000442164543    0.000266030693    0    0
365    0.0104599996    0.000343548978    0.000343548978 0.00044543785    0.000270717806    0    0
375    0.0102599999    0.000410679233    0.000410679233 0.000527341268    0.000327483722    0    0
385    0.0105400002    0.000410679233    0.000410679233 0.000525863783    0.000328805763    0    0
395    0.0100999996    0.000552837446    0.000552837446 0.000706435647    0.000443920697    0    0
405    0.0092000002    0.000612070027    0.000612070027 0.000776582863    0.000495690678    2.85922488e-05    2.85922488e-05
415    0.0091599999    0.000651558395    0.000651558395 0.000824018265    0.000529810612    4.38055285e-05    4.38055285e-05
425    0.00896000024    0.000781870098    0.000781870098 0.000980144367    0.000642222585    0.000147546802    0.000147546802
435    0.00887999963    0.000825307332    0.000825307332 0.00102931343    0.000681857695    0.000164137018    0.000164137018
445    0.0087799998    0.000920079474    0.000920079474 0.0011413059    0.000764924451    0.000230084261    0.000230084261
455    0.00803999975    0.000951670168    0.000951670168 0.00118213706    0.00079041603    0.000232139428    0.000232139428
465    0.00805999991    0.00104644231    0.00104644231 0.0012917103    0.000874784484    0.000295094564    0.000295094564
475    0.00755999982    0.00116885628    0.00116885628 0.00143302558    0.000983907143    0.000383739331    0.000383739331
485    0.00837999955    0.00130706572    0.00130706572 0.00160461303    0.00109914737    0.000486273027    0.000486273027
495    0.00786000025    0.00135050283    0.00135050283 0.00165599643    0.00113731134    0.00049333059    0.00049333059
505    0.00692000007    0.00133470749    0.00133470749 0.00163323944    0.00112659601    0.000439930678    0.000439930678
515    0.00817999989    0.00134260522    0.00134260522 0.00164030073    0.00113550422    0.000407915853    0.000407915853
525    0.0071200002    0.00155584246    0.00155584246 0.00188284251    0.00132875436    0.00057668396    0.00057668396
535    0.00706000021    0.00184015895    0.00184015895 0.00222706073    0.00157150335    0.000813437742    0.000813437742
545    0.00653999997    0.00190334034    0.00190334034 0.0022892314    0.00163530081    0.000829280354    0.000829280354
555    0.00657999981    0.00198626588    0.00198626588 0.00241347821    0.00168977235    0.000862134446    0.000862134446
565    0.00671999995    0.00209683343    0.00209683343 0.00253680185    0.00179201376    0.00091967918    0.00091967918
575    0.00710000005    0.00221134978    0.00221134978 0.00267220545    0.00189234084    0.000978373224    0.000978373224
585    0.00716000004    0.00234955922    0.00234955922 0.00281643239    0.00202659448    0.00105760142    0.00105760142
595    0.00695999991    0.00265756855    0.00265756855 0.00320688728    0.00227792654    0.00130162656    0.00130162656
605    0.00650000013    0.00285106176    0.00285106176 0.00346204475    0.00242952188    0.001429355    0.001429355
615    0.00591999991    0.00272469874    0.00272469874 0.00328392116    0.00233930256    0.00123774726    0.00123774726
625    0.00681999978    0.00324594555    0.00324594555 0.0039106207    0.00278821122    0.00168278255    0.00168278255
635    0.00594000006    0.00328938267    0.00328938267 0.00397937605    0.00281474041    0.00165218825    0.00165218825
645    0.00609999988    0.00336441072    0.00336441072 0.0040444918    0.00289719948    0.00164929871    0.00164929871
655    0.00659999996    0.00362108531    0.00362108531 0.0043529137    0.00311874598    0.00182235567    0.00182235567
665    0.00615999987    0.00377114117    0.00377114117 0.00454545021    0.00324036763    0.00188646675    0.00188646675
675    0.00528000016    0.00407520169    0.00407520169 0.00489144167    0.00351632363    0.00209921109    0.00209921109
685    0.00504000019    0.00440295553    0.00440295553 0.00527352188    0.0038073312    0.00233188109    0.00233188109
695    0.00577999977    0.00454511354    0.00454511354 0.0054478501    0.00392846484    0.00237778202    0.00237778202
705    0.00526000001    0.00493999757    0.00493999757 0.00597375026    0.00423498126    0.00267028436    0.00267028436
715    0.00492000021    0.00537042087    0.00537042087 0.0063957884    0.00467180694    0.00299505237    0.00299505237
725    0.00461999979    0.00553627219    0.00553627219 0.00659115193    0.00481868535    0.00305590499    0.00305590499
735    0.00451999996    0.00580874179    0.00580874179 0.00685529131    0.00509799318    0.00322019309    0.00322019309
745    0.0049800002    0.00591141172    0.00591141172 0.00699917367    0.00517387548    0.00321542239    0.00321542239
755    0.00469999993    0.00661430508    0.00661430508 0.00792015716    0.00573034072    0.00380340056    0.00380340056
765    0.00543999998    0.00670512859    0.00670512859 0.00800132286    0.00582879735    0.00378712895    0.00378712895
775    0.00467999978    0.00722637493    0.00722637493 0.00857142173    0.00631868327    0.00419808878    0.00419808878
785    0.00510000018    0.00762125896    0.00762125896 0.0089889681    0.00670025265    0.00448753545    0.00448753545
795    0.00490000006    0.00844261702    0.00844261702 0.0100192623    0.00738284085    0.00520355627    0.00520355627
805    0.00473999977    0.00855713338    0.00855713338 0.0100808479    0.00753460266    0.00522819581    0.00522819581
815    0.00443999982    0.00935479905    0.00935479905 0.0109448079    0.00829010736    0.00593741285    0.00593741285
825    0.00467999978    0.00946931541    0.00946931541 0.0112170009    0.00830016006    0.00598358642    0.00598358642
835    0.00433999998    0.0100537436    0.0100537436 0.0117336204    0.00893365405    0.00650909077    0.00650909077
845    0.00433999998    0.0109066926    0.0109066926 0.0126929954    0.00971843954    0.0073180208    0.0073180208
855    0.00425999984    0.0112660369    0.0112660369 0.0131930169    0.00998590514    0.00766052119    0.00766052119
865    0.00422    0.0120400097    0.0120400097 0.0139804753    0.010755552    0.0084375497    0.0084375497
875    0.00463999994    0.0126204891    0.0126204891 0.0146102961    0.0113066938    0.00905154832    0.00905154832
885    0.00398000004    0.0132444054    0.0132444054 0.0152518842    0.0119213527    0.00973993354    0.00973993354
895    0.00343999988    0.0138959642    0.0138959642 0.0159038156    0.0125776287    0.0104900617    0.0104900617
905    0.00413999986    0.0147212716    0.0147212716 0.0166450497    0.0134615097    0.0114488024    0.0114488024
915    0.00461999979    0.0154281138    0.0154281138 0.0174291749    0.0141202267    0.0123291677    0.0123291677
925    0.00400000019    0.016399527    0.016399527 0.0184562653    0.0150602879    0.013510583    0.013510583
935    0.0038399999    0.0173511971    0.0173511971 0.0195061322    0.0159518272    0.0147118941    0.0147118941
945    0.00350000011    0.0169642121    0.0169642121 0.0187684726    0.0157948378    0.0146282883    0.0146282883
955    0.00406000018    0.0180540904    0.0180540904 0.0198642537    0.0168848373    0.0160394311    0.0160394311
965    0.00352000003    0.0189860165    0.0189860165 0.0205864348    0.0179567765    0.0173256528    0.0173256528
975    0.00374000007    0.0193295665    0.0193295665 0.0208740979    0.018339783    0.0180562269    0.0180562269
985    0.00364000001    0.0196731146    0.0196731146 0.0210471116    0.0187951792    0.0188061297    0.0188061297
995    0.0030400001    0.0196612682    0.0196612682 0.0208177678    0.0189242214    0.0192167852    0.0192167852
1005    0.00329999998    0.0198903009    0.0198903009 0.0192446597    0.0209064875    0.0198695399    0.0198695399
1015    0.00298000011    0.0200364087    0.0200364087 0.0195888579    0.020743059    0.0204362907    0.0204362907
1025    0.00288000004    0.0202299021    0.0202299021 0.0199392624    0.0206903573    0.0210379027    0.0210379027
1035    0.00264000008    0.0206524264    0.0206524264 0.0205243379    0.0208560769    0.0218465254    0.0218465254
1045    0.00307999994    0.020194361    0.020194361 0.0201262552    0.0202369764    0.0217591058    0.0217591058
1055    0.00313999993    0.0197165515    0.0197165515 0.0193604901    0.0199386608    0.021621    0.021621
1065    0.00225999998    0.0195270088    0.0195270088 0.018921921    0.0199029651    0.0217325129    0.0217325129
1075    0.00258000009    0.0192229468    0.0192229468 0.018342277    0.0197677892    0.0216928646    0.0216928646
1085    0.00242000003    0.0185437463    0.0185437463 0.0173390731    0.0192857999    0.0212430805    0.0212430805
1095    0.00224000006    0.0183226131    0.0183226131 0.0168753322    0.019209994    0.0212063864    0.0212063864
1105    0.00173999998    0.0177184399    0.0177184399 0.0160785001    0.0187195186    0.0207524616    0.0207524616
1115    0.00178000005    0.0167588722    0.0167588722 0.0148348901    0.017927656    0.0199104156    0.0199104156
1125    0.00184000004    0.0166562013    0.0166562013 0.0144317532    0.0180011336    0.0198807605    0.0198807605
1135    0.00190000003    0.0154478578    0.0154478578 0.0131602427    0.0168244131    0.0187269785    0.0187269785
1145    0.00141999999    0.0151793361    0.0151793361 0.0124165276    0.0168333743    0.0184737761    0.0184737761
1155    0.00144000002    0.0143184895    0.0143184895 0.0119161997    0.0157496464    0.0176104382    0.0176104382
1165    0.0013    0.014306643    0.014306643 0.0112693505    0.0161069389    0.0175647456    0.0175647456
1175    0.00144000002    0.0131140938    0.0131140938 0.0102137616    0.0148247341    0.0163341742    0.0163341742
1185    0.00112000003    0.0125691537    0.0125691537 0.00931712985    0.0144773182    0.0157286488    0.0157286488
1195    0.000980000012    0.0120163169    0.0120163169 0.00865182653    0.0139801027    0.0151032489    0.0151032489
1205    0.00120000006    0.0112976283    0.0112976283 0.00819327869    0.0131000662    0.0143044852    0.0143044852
1215    0.00107999996    0.0104091391    0.0104091391 0.00668653613    0.0125596086    0.0133307716    0.0133307716
1225    0.000899999985    0.0102788275    0.0102788275 0.00702207722    0.0121499915    0.0131011996    0.0131011996
1235    0.000899999985    0.00983260851    0.00983260851 0.00633938517    0.0118290922    0.0125560742    0.0125560742
1245    0.000859999971    0.00892832503    0.00892832503 0.00538079347    0.0109450202    0.0115564009    0.0115564009
1255    0.000639999984    0.00861241762    0.00861241762 0.00434661703    0.0110242851    0.0111375628    0.0111375628
1265    0.000720000011    0.00828861259    0.00828861259 0.00487807579    0.010206352    0.0107113346    0.0107113346
1275    0.000639999984    0.00798455253    0.00798455253 0.00372407166    0.0103670787    0.010305874    0.010305874
1285    0.000639999984    0.00750674261    0.00750674261 0.00363358925    0.0096605476    0.00973063707    0.00973063707
1295    0.000260000001    0.00680779805    0.00680779805 0.00290139089    0.00896837842    0.00893932115    0.00893932115
1305    0.000780000002    0.0067090774    0.0067090774 0.00209102803    0.00924760941    0.0087440256    0.0087440256
1315    0.000520000001    0.00657876534    0.00657876534 0.00306750135    0.00849800278    0.00852066185    0.00852066185
1325    0.000380000012    0.00596669549    0.00596669549 0.00293196063    0.00761553505    0.00782456342    0.00782456342
1335    0.000419999997    0.00576135609    0.00576135609 0.00251987204    0.00751272449    0.00753389951    0.00753389951
1345    0.000380000012    0.00553627219    0.00553627219 0.002522405    0.00715494202    0.0072272839    0.0072272839
1355    0.000479999988    0.00510979723    0.00510979723 0.00197451306    0.00678318227    0.00672522746    0.00672522746
1365    0.000180000003    0.00494789518    0.00494789518 0.00108405983    0.0069986498    0.00648819469    0.00648819469
1375    0.000180000003    0.0048847138    0.0048847138 0.00211523753    0.00634526415    0.00635223556    0.00635223556
1385    0.000300000014    0.00437926222    0.00437926222 0.00098831486    0.00615681568    0.00578265032    0.00578265032
1395    0.000260000001    0.00436741579    0.00436741579 0.00121824525    0.00600750092    0.00570421154    0.00570421154
1405    0.000239999994    0.00391724799    0.00391724799 0.00039768932    0.00573851634    0.00519585051    0.00519585051
1415    0.000239999994    0.00394883892    0.00394883892 0    0.00620211009    0.00516670849    0.00516670849
1425    0.000239999994    0.00362898293    0.00362898293 0.000500490074    0.00522694783    0.00479325932    0.00479325932
1435    0.000239999994    0.00351841538    0.00351841538 0.000917935569    0.00483890111    0.00462951744    0.00462951744
1445    0.000199999995    0.00321435486    0.00321435486 0.00120076374    0.00423017517    0.00427731127    0.00427731127
1455    0.000119999997    0.00321830367    0.00321830367 0.000662664068    0.00449874252    0.00423211744    0.00423211744
1465    0.000199999995    0.00305640115    0.00305640115 0    0.00492656417    0.00402552448    0.00402552448
1475    0.000140000004    0.00293398718    0.00293398718 0    0.00452171545    0.00386033207    0.00386033207
1485    0.000119999997    0.00275234063    0.00275234063 0    0.00439069746    0.00363886124    0.00363886124
1495    0.000199999995    0.0025785917    0.0025785917 0.000731269713    0.00347988307    0.00342733646    0.00342733646
1505    0    0.00263782428    0.00263782428 0.000102483224    0.00386648322    0.0034480819    0.0034480819
1515    0.000159999996    0.00228242879    0.00228242879 0    0.0061587384    0.00306099816    0.00306099816
1525    0.000140000004    0.00232586614    0.00232586614 0    0.00349111017    0.0030698746    0.0030698746
1535    9.99999975e-05    0.00212447532    0.00212447532 0.000221493741    0.00302721863    0.00283852359    0.00283852359
1545    3.9999999e-05    0.00216001482    0.00216001482 0    0.00432010321    0.00284294272    0.00284294272
1555    9.99999975e-05    0.00193493103    0.00193493103 0    0.00472725555    0.0025913429    0.0025913429
1565    7.9999998e-05    0.00192308449    0.00192308449 0    0.00501210382    0.00255192537    0.00255192537
1575    9.99999975e-05    0.0018243636    0.0018243636 0    0.00290416996    0.0024280299    0.0024280299
1585    7.9999998e-05    0.00174538675    0.00174538675 0    0.00350459153    0.00232494436    0.00232494436
1595    3.9999999e-05    0.00170589844    0.00170589844 0.000178347298    0.00240040803    0.00226210989    0.00226210989
1605    3.9999999e-05    0.00174538675    0.00174538675 0    0.00301022152    0.00227848277    0.00227848277
1615    3.9999999e-05    0.00160322862    0.00160322862 0    0.00754710753    0.00211644149    0.00211644149
1625    0.000119999997    0.0015637402    0.0015637402 7.92440478e-05    0.00222421018    0.00205689832    0.00205689832
1635    0.000119999997    0.00148081454    0.00148081454 4.88044789e-05    0.00211318256    0.0019554079    0.0019554079
1645    1.99999995e-05    0.00132680987    0.00132680987 1.94159584e-05    0.00189994054    0.00178460032    0.00178460032
1655    3.9999999e-05    0.00115700974    0.00115700974 0    0.00348874414    0.00159905863    0.00159905863
1665    1.99999995e-05    0.00114516332    0.00114516332 0    0.00164811732    0.0015704406    0.0015704406
1675    1.99999995e-05    0.00113331678    0.00113331678 0    0.00163669256    0.00154260604    0.00154260604
1685    3.9999999e-05    0.00108593074    0.00108593074 0    0.00157320406    0.0014803916    0.0014803916
1695    3.9999999e-05    0.00112147024    0.00112147024 0    0.00250291894    0.00150082924    0.00150082924
1705    1.99999995e-05    0.00103854458    0.00103854458 0    0.00231850124    0.00140485982    0.00140485982
1715    3.9999999e-05    0.00102669816    0.00102669816 0    0.00149871456    0.00137976289    0.00137976289
1725    0    0.000939823629    0.000939823629 0    0.00160510279    0.00128111721    0.00128111721
1735    0    0.000927977148    0.000927977148 0    0.00136049197    0.0012571821    0.0012571821
1745    0    0.000805563119    0.000805563119 0    0.00118296209    0.00112451625    0.00112451625
1755    0    0.000837153813    0.000837153813 0    0.00123201928    0.00114455202    0.00114455202
1765    3.9999999e-05    0.000817409658    0.000817409658 0    0.00120650593    0.00111433899    0.00111433899
1775    1.99999995e-05    0.000734483998    0.000734483998 0    0.0023681887    0.00102214538    0.00102214538
1785    1.99999995e-05    0.000837153813    0.000837153813 0    0.00124003517    0.0011137987    0.0011137987
1795    3.9999999e-05    0.000714739843    0.000714739843 0    0.00257711112    0.000983428792    0.000983428792
1805    1.99999995e-05    0.000714739843    0.000714739843 0    0.00288651558    0.00097442494    0.00097442494
1815    0    0.000659456069    0.000659456069 0    0.000982246129    0.000911160489    0.000911160489
1825    0    0.000616018835    0.000616018835 0    0.000918516133    0.000859957538    0.000859957538
1835    0    0.000667353743    0.000667353743 0    0.000995997339    0.0009027489    0.0009027489
1845    0    0.000568632793    0.000568632793 0.00373990554    0    0.000797570217    0.000797570217
1855    1.99999995e-05    0.000473860651    0.000473860651 0    0.000709217507    0.000696599134    0.000696599134
1865    0    0.000485707191    0.000485707191 0    0.00400859583    0.000701283163    0.000701283163
1875    0    0.000402781559    0.000402781559 0    0.000603696506    0.000612586678    0.000612586678
1885    0    0.000473860651    0.000473860651 0    0.00223096786    0.000676347001    0.000676347001
1895    0    0.000359344325    0.000359344325 0    0.00207679113    0.000556946499    0.000556946499
1905    0    0.000501502538    0.000501502538 0    0.000754007953    0.00069144083    0.00069144083
1915    0    0.000481758325    0.000481758325 0    0.000724683225    0.000666165899    0.000666165899
1925    0    0.00041462807    0.00041462807 0    0.000623748929    0.000594280369    0.000594280369
1935    0    0.000351446652    0.000351446652 0    0.00052908517    0.000526505464    0.000526505464
1945    1.99999995e-05    0.000386986212    0.000386986212 0.00412859721    0    0.000556489045    0.000556489045
1955    3.9999999e-05    0.000379088538    0.000379088538 0    0.000571380719    0.000543736212    0.000543736212
1965    0    0.000347497815    0.000347497815 0    0.000523907482    0.000507750316    0.000507750316
1975    1.99999995e-05    0.000240879162    0.000240879162 0    0.000363253872    0.000397792552    0.000397792552
1985    0    0.000252725673    0.000252725673 0.000770197134    7.90777558e-05    0.000405072089    0.000405072089
1995    0    0.00031590712    0.00031590712 0    0    0.000463241275    0.000463241275
2005    1.99999995e-05    0.00028036756    0.00028036756 0    0    0.000424002355    0.000424002355
2015    1.99999995e-05    0.000311958254    0.000311958254 0    0    0.000451249187    0.000451249187
2025    0    0.000260623376    0.000260623376 0    0    0.000396684802    0.000396684802
2035    0    0.000260623376    0.000260623376 0    0    0.00039298457    0.00039298457
2045    0    0.000225083815    0.000225083815 0    0    0.00035429027    0.00035429027
2055    0    0.000217186142    0.000217186142 0    0    0.00034303483    0.00034303483
2065    0    0.000244827999    0.000244827999 0    0    0.000367017929    0.000367017929
2075    0    0.000248776836    0.000248776836 0    0    0.000367698987    0.000367698987
2085    0    0.000189544269    0.000189544269 0    0    0.000306049478    0.000306049478
2095    1.99999995e-05    0.000240879162    0.000240879162 0    0    0.000353770127    0.000353770127
2105    0    0.000173748907    0.000173748907 0    0    0.000284518232    0.000284518232
2115    0    0.000197441943    0.000197441943 0    0    0.000305116409    0.000305116409
2125    0    0.000185595432    0.000185595432 0    0    0.000290684489    0.000290684489
2135    0    0.000154004709    0.000154004709 0    0    0.000256828323    0.000256828323
2145    0    0.000221134978    0.000221134978 0    0    0.000320616236    0.000320616236
2155    1.99999995e-05    0.000142158198    0.000142158198 0    0    0.000240096793    0.000240096793
2165    0    0.000146107035    0.000146107035 0    0    0.00024160539    0.00024160539
2175    1.99999995e-05    0.000118465163    0.000118465163 0    0    0.000211969804    0.000211969804
2185    0    0.000165851234    0.000165851234 0    0    0.000256551633    0.000256551633
2195    0    0.000122414    0.000122414 0    0    0.000211447812    0.000211447812
2205    0    0.000118465163    0.000118465163 0    0    0.000205434582    0.000205434582
2215    0    8.68744537e-05    8.68744537e-05 0    0    0.000172168846    0.000172168846
2225    0    0.00015795356    0.00015795356 0    0    0.000240427034    0.000240427034
2235    0    9.87209714e-05    9.87209714e-05 0    0    0.000179965937    0.000179965937
2245    0    0.000122414    0.000122414 0    0    0.000201512346    0.000201512346
2255    0    8.29256169e-05    8.29256169e-05 0    0    0.000160675816    0.000160675816
2265    0    0.000102669808    0.000102669808 0    0    0.000178428381    0.000178428381
2275    0    0.000114516326    0.000114516326 0    0    0.000188427512    0.000188427512
2285    0    8.29256169e-05    8.29256169e-05 0    0    0.000155549875    0.000155549875
2295    1.99999995e-05    0.000114516326    0.000114516326 0    0    0.00018515822    0.00018515822
2305    0    9.08232905e-05    9.08232905e-05 0    0    0.000160179203    0.000160179203
2315    0    9.08232905e-05    9.08232905e-05 0    0    0.000158658993    0.000158658993
2325    0    5.52837446e-05    5.52837446e-05 0    0    0.00012206017    0.00012206017
2335    0    5.92325814e-05    5.92325814e-05 0    0    0.000124526676    0.000124526676
2345    0    7.89767801e-05    7.89767801e-05 0    0    0.000142642733    0.000142642733
2355    0    6.71302623e-05    6.71302623e-05 0    0    0.00012957833    0.00012957833
2365    0    4.34372269e-05    4.34372269e-05 0    0    0.000104844083    0.000104844083
2375    0    6.71302623e-05    6.71302623e-05 0    0    0.000126974555    0.000126974555
2385    0    5.92325814e-05    5.92325814e-05 0    0    0.00011792079    0.00011792079
2395    0    5.92325814e-05    5.92325814e-05 0    0    0.000116705502    0.000116705502
