5    0.00104    0    0 0    0    0    0
15    0.0039400002    0    0 0    0    0    0
25    0.00579999993    0    0 0    0    0    0
35    0.00725999987    0    0 0    0    0    0
45    0.00865999982    0    0 0    0    0    0
55    0.00884000026    0    0 0    0    0    0
65    0.0105600003    0    0 0    0    0    0
75    0.00956000015    0    0 0    0    0    0
85    0.0099600004    0    0 0    0    0    0
95    0.00975999981    0    0 0    0    0    0
105    0.0100800004    0    0 0    0    0    0
115    0.0103200004    0    0 0    0    0    0
125    0.0102000004    0    0 0    0    0    0
135    0.0104400003    0    0 0    0    0    0
145    0.00946000032    0    0 0    0    0    0
155    0.00951999985    0    0 0    0    0    0
165    0.0101199998    6.66855613e-06    6.66855613e-06 6.66855613e-06    6.66855613e-06    0    0
175    0.00937999971    6.66855613e-06    6.66855613e-06 6.66855613e-06    6.66855613e-06    0    0
185    0.00960000046    2.00056675e-05    2.00056675e-05 2.00056675e-05    2.00056675e-05    0    0
195    0.00954    2.66742245e-05    2.66742245e-05 2.66742245e-05    2.66742245e-05    0    0
205    0.0099600004    4.00113349e-05    4.00113349e-05 4.00113349e-05    4.00113349e-05    0    0
215    0.00942000002    7.33541165e-05    7.33541165e-05 0.000102444865    5.30988764e-05    2.32579805e-05    2.32579805e-05
225    0.00899999961    9.66940643e-05    9.66940643e-05 0.000134486632    7.03683618e-05    4.30603541e-05    4.30603541e-05
235    0.00949999969    9.66940643e-05    9.66940643e-05 0.00013513054    6.98988151e-05    3.92093607e-05    3.92093607e-05
245    0.00858000014    8.00226699e-05    8.00226699e-05 0.000110939691    5.84401787e-05    1.83269876e-05    1.83269876e-05
255    0.0087799998    0.000133371126    0.000133371126 0.000183965138    9.7964119e-05    6.69787114e-05    6.69787114e-05
265    0.00935999956    0.000120034012    0.000120034012 0.000164189449    8.90754818e-05    4.8530801e-05    4.8530801e-05
275    0.00910000037    0.000203390955    0.000203390955 0.000278203544    0.000150915061    0.000126151688    0.000126151688
285    0.00855999999    0.000213393796    0.000213393796 0.000287646137    0.000161229924    0.000129877386    0.000129877386
295    0.00884000026    0.000250070851    0.000250070851 0.000334315264    0.00019086161    0.000159561692    0.000159561692
305    0.00825999957    0.000236733744    0.000236733744 0.000311655516    0.000184040124    0.000138489559    0.000138489559
315    0.00886000041    0.000340096361    0.000340096361 0.00044329153    0.000267370429    0.000233109007    0.000233109007
325    0.00862000044    0.000450127525    0.000450127525 0.000575745536    0.000361420913    0.00033335638    0.00033335638
335    0.00874000043    0.000480136048    0.000480136048 0.000604604546    0.00039189696    0.000352462608    0.000352462608
345    0.00908000022    0.000590167241    0.000590167241 0.000723106845    0.000495091605    0.000450140447    0.000450140447
355    0.00865999982    0.000713535526    0.000713535526 0.000855021353    0.000612056931    0.000559543725    0.000559543725
365    0.00769999996    0.000860243745    0.000860243745 0.00102020078    0.000745931116    0.000690401241    0.000690401241
375    0.0095800003    0.0009936149    0.0009936149 0.00116554811    0.000870999007    0.000805751304    0.000805751304
385    0.00808000006    0.00114032312    0.00114032312 0.00133327593    0.00100315956    0.000931859598    0.000931859598
395    0.00963999983    0.00131370558    0.00131370558 0.00152899849    0.00116105459    0.00108158507    0.00108158507
405    0.00970000029    0.00149709079    0.00149709079 0.00172305678    0.00133725721    0.00123770279    0.00123770279
415    0.00923999958    0.00182051584    0.00182051584 0.00207499391    0.00164087594    0.00152943353    0.00152943353
425    0.00886000041    0.00203057542    0.00203057542 0.00231060409    0.00183334376    0.00170274405    0.00170274405
435    0.00925999973    0.00235400023    0.00235400023 0.00266961707    0.00213207607    0.00198309077    0.00198309077
445    0.0107000005    0.00288415048    0.00288415048 0.00323979603    0.00263470667    0.00246241735    0.00246241735
455    0.0107399998    0.00301085296    0.00301085296 0.00338167907    0.00275137834    0.00252943928    0.00252943928
465    0.0109999999    0.00355100608    0.00355100608 0.00396066532    0.00326428516    0.00299820094    0.00299820094
475    0.0125399996    0.00404447922    0.00404447922 0.00449810177    0.00372687215    0.00340632256    0.00340632256
485    0.0116999997    0.00478135468    0.00478135468 0.0053178696    0.00440644613    0.00404022075    0.00404022075
495    0.0142799998    0.00534151355    0.00534151355 0.005933573    0.00492834859    0.00447582034    0.00447582034
505    0.0134800002    0.0065418533    0.0065418533 0.00723770866    0.00605676183    0.00552372215    0.00552372215
515    0.0136399996    0.00746878283    0.00746878283 0.00828844868    0.00689856149    0.00626409892    0.00626409892
525    0.01468    0.00902589038    0.00902589038 0.00994423218    0.0083881272    0.00759077026    0.00759077026
535    0.0160399992    0.00998949725    0.00998949725 0.0110048698    0.00928444229    0.00827007461    0.00827007461
545    0.0160600003    0.012023407    0.012023407 0.0132029587    0.0112041086    0.00995099172    0.00995099172
555    0.0175000001    0.0144174183    0.0144174183 0.0158356689    0.0134331454    0.0119091598    0.0119091598
565    0.0189599991    0.0166580528    0.0166580528 0.0182094239    0.0155832181    0.0136176385    0.0136176385
575    0.0205799993    0.0191454254    0.0191454254 0.0208402835    0.0179722235    0.0154691692    0.0154691692
585    0.0233399998    0.0229498353    0.0229498353 0.0248449966    0.0216388218    0.0185460392    0.0185460392
595    0.0244600009    0.0275978185    0.0275978185 0.0297271647    0.0261261892    0.0224327724    0.0224327724
605    0.0264800005    0.0330927111    0.0330927111 0.0353831947    0.0315124728    0.0272731166    0.0272731166
615    0.0269399993    0.0384842381    0.0384842381 0.0407611169    0.0369150527    0.0323798917    0.0323798917
625    0.0281199999    0.0439757928    0.0439757928 0.0460976772    0.0425145216    0.0383282639    0.0383282639
635    0.0304000005    0.0479135737    0.0479135737 0.0496737733    0.0467027351    0.0437932201    0.0437932201
645    0.02984    0.0519413836    0.0519413836 0.053172376    0.0510956943    0.05038701    0.05038701
655    0.0277200006    0.0546488166    0.0546488166 0.0542731285    0.0551961176    0.0561056435    0.0561056435
665    0.0253599994    0.0529616736    0.0529616736 0.052725438    0.0531235412    0.0569897145    0.0569897145
675    0.0229000002    0.0499041378    0.0499041378 0.0489513576    0.0505564846    0.0554657504    0.0554657504
685    0.0214399993    0.0455495715    0.0455495715 0.0439938791    0.0466139577    0.051577013    0.051577013
695    0.0179200005    0.0403514318    0.0403514318 0.0383393764    0.0417258218    0.0461038128    0.0461038128
705    0.0154200001    0.0354166999    0.0354166999 0.0330765694    0.0370126441    0.0405240804    0.0405240804
715    0.0134199997    0.0314088985    0.0314088985 0.0288690068    0.0331393927    0.0357629471    0.0357629471
725    0.0113199996    0.0263207909    0.0263207909 0.0237720199    0.0280545671    0.0299554374    0.0299554374
735    0.00815999974    0.0231232177    0.0231232177 0.0205473937    0.0248725526    0.0261272267    0.0261272267
745    0.00763999997    0.0202490706    0.0202490706 0.0176560953    0.0220072381    0.0227256045    0.0227256045
755    0.00565999979    0.0176416654    0.0176416654 0.0150155462    0.0194193628    0.0196869317    0.0196869317
765    0.00588000007    0.0150976107    0.0150976107 0.0126082832    0.0167806018    0.0167940743    0.0167940743
775    0.00439999998    0.0135171628    0.0135171628 0.0110856816    0.0151580628    0.0149316527    0.0149316527
785    0.00353999995    0.0121067632    0.0121067632 0.00973840617    0.0137015954    0.0132935336    0.0132935336
795    0.00353999995    0.0109431008    0.0109431008 0.008499166    0.0125858691    0.0119452309    0.0119452309
805    0.00323999999    0.00977276918    0.00977276918 0.00748933153    0.0113051813    0.0106246304    0.0106246304
815    0.00230000005    0.0087991599    0.0087991599 0.00663456507    0.0102486154    0.0095278658    0.0095278658
825    0.00231999997    0.00808229018    0.00808229018 0.00569480238    0.00967947301    0.00870934874    0.00870934874
835    0.00200000009    0.00717203226    0.00717203226 0.00514326105    0.00852473453    0.00771502405    0.00771502405
845    0.00188    0.00649183942    0.00649183942 0.0044665155    0.00783908833    0.00696455641    0.00696455641
855    0.00152000005    0.00595835503    0.00595835503 0.00384059455    0.00736528495    0.0063719959    0.0063719959
865    0.00113999995    0.00542487018    0.00542487018 0.00345846917    0.00672648661    0.00578866107    0.00578866107
875    0.00115999999    0.00497140875    0.00497140875 0.00289917435    0.00633959658    0.00529283192    0.00529283192
885    0.000939999998    0.0045379526    0.0045379526 0.00260755047    0.00581020582    0.00482321577    0.00482321577
895    0.000760000024    0.00444459263    0.00444459263 0.00248945598    0.0057284236    0.00469854334    0.00469854334
905    0.000699999975    0.00404447922    0.00404447922 0.00226075412    0.00521253422    0.00427169632    0.00427169632
915    0.000579999993    0.00379107404    0.00379107404 0.00198478205    0.00497165276    0.0039950246    0.0039950246
925    0.000539999979    0.00354433758    0.00354433758 0.00152115023    0.0048617241    0.00372804794    0.00372804794
935    0.000360000005    0.00341096637    0.00341096637 0.00102855323    0.00495802378    0.00357690011    0.00357690011
945    0.000560000015    0.00315089268    0.00315089268 0.00134311081    0.0043225619    0.00330134784    0.00330134784
955    0.000440000003    0.00293083047    0.00293083047 0.00105077657    0.00414518919    0.00306763477    0.00306763477
965    0.000380000012    0.00270076515    0.00270076515 0.00125378987    0.00363135687    0.00282552768    0.00282552768
975    0.000419999997    0.00257739704    0.00257739704 0.000719677366    0.00376787828    0.00269139744    0.00269139744
985    0.000360000005    0.00237734034    0.00237734034 0.000556062616    0.00354105048    0.00248184078    0.00248184078
995    0.000300000014    0.00224730349    0.00224730349 0.000206675861    0.00354779046    0.00234327442    0.00234327442
1005    0.000199999995    0.00205058092    0.00205058092 0    0.00365939573    0.00213898462    0.00213898462
1015    0.000319999992    0.00202724105    0.00202724105 0.000162086799    0.00320845842    0.00210870686    0.00210870686
1025    0.000180000003    0.0018905357    0.0018905357 0.000175453592    0.00297298282    0.00196585874    0.00196585874
1035    0.000260000001    0.00200390117    0.00200390117 0.000188409656    0.00314544584    0.00207346072    0.00207346072
1045    0.000119999997    0.00170381612    0.00170381612 0    0.0031423918    0.0017685272    0.0017685272
1055    0.000140000004    0.00162045914    0.00162045914 0    0.00286367722    0.00168059859    0.00168059859
1065    7.9999998e-05    0.00152709929    0.00152709929 0    0.00247633108    0.00158309808    0.00158309808
1075    0.000220000002    0.00153043366    0.00153043366 0    0.00249585556    0.00158257829    0.00158257829
1085    0.000140000004    0.00153710216    0.00153710216 0    0.00278351619    0.00158572453    0.00158572453
1095    0.000119999997    0.0014604138    0.0014604138 0    0.00288137025    0.00150588946    0.00150588946
1105    0.000119999997    0.00138039107    0.00138039107 0    0.00233236724    0.00142299163    0.00142299163
1115    3.9999999e-05    0.0013270427    0.0013270427 0    0.00267640757    0.00136698468    0.00136698468
1125    9.99999975e-05    0.0012236801    0.0012236801 0    0.00355704012    0.00126122648    0.00126122648
1135    7.9999998e-05    0.0012370171    0.0012370171 0    0.00253736228    0.00127225707    0.00127225707
1145    5.99999985e-05    0.00118033448    0.00118033448 0    0.00395123521    0.00121350901    0.00121350901
1155    3.9999999e-05    0.000990280532    0.000990280532 0    0.00166280649    0.00102167227    0.00102167227
1165    3.9999999e-05    0.00105363189    0.00105363189 0    0.00265022414    0.00108315435    0.00108315435
1175    5.99999985e-05    0.000966940657    0.000966940657 0    0.00202033436    0.000994863571    0.000994863571
1185    3.9999999e-05    0.00103362615    0.00103362615 0    0.00276382454    0.00105992972    0.00105992972
1195    1.99999995e-05    0.000963606348    0.000963606348 0    0.00219273358    0.000988525688    0.000988525688
1205    3.9999999e-05    0.00098361203    0.00098361203 0    0.00227203127    0.00100716506    0.00100716506
1215    7.9999998e-05    0.000876915117    0.000876915117 0    0.00588518614    0.000899309816    0.000899309816
1225    0    0.000850240875    0.000850240875 0    0.00175711105    0.000871488242    0.000871488242
1235    1.99999995e-05    0.000730206899    0.000730206899 0    0.00166901748    0.000750469684    0.000750469684
1245    1.99999995e-05    0.000693529844    0.000693529844 0    0.00227160822    0.000712802808    0.000712802808
1255    1.99999995e-05    0.000766883953    0.000766883953 0    0.00290616974    0.000785131881    0.000785131881
1265    1.99999995e-05    0.00064684992    0.00064684992 0    0.00152873737    0.000664310064    0.000664310064
1275    5.99999985e-05    0.000683526974    0.000683526974 0.00965337921    0    0.000700111559    0.000700111559
1285    1.99999995e-05    0.000546821626    0.000546821626 0    0.00924846437    0.000562740664    0.000562740664
1295    1.99999995e-05    0.000730206899    0.000730206899 0    0.00314435037    0.000745215104    0.000745215104
1305    0    0.00057349581    0.00057349581 0.0524537675    0    0.000587948423    0.000587948423
1315    0    0.000550155877    0.000550155877 0    0.00125632843    0.000563971698    0.000563971698
1325    0    0.000543487316    0.000543487316 0    0.000995639479    0.000556688989    0.000556688989
1335    0    0.000563492998    0.000563492998 0    0.00130713999    0.00057609129    0.00057609129
1345    0    0.000543487316    0.000543487316 0    0.00103261543    0.000555551611    0.000555551611
1355    3.9999999e-05    0.000483470329    0.000483470329 0    0.00163510803    0.000495067798    0.000495067798
1365    0    0.000453461806    0.000453461806 0    0.00221659336    0.00046459338    0.00046459338
1375    0    0.000433456153    0.000433456153 0    0.000736896531    0.000444139238    0.000444139238
1385    1.99999995e-05    0.000446793245    0.000446793245 0    0.00305745797    0.000457022077    0.000457022077
1395    1.99999995e-05    0.000416784751    0.000416784751 0    0.00087450823    0.000426622137    0.000426622137
1405    0    0.000470133207    0.000470133207 0    0.00134614459    0.000479524577    0.000479524577
1415    0    0.000376773416    0.000376773416 0    0.00325808488    0.000385873282    0.000385873282
1425    0    0.000430121872    0.000430121872 0    0.00114691595    0.000438814954    0.000438814954
1435    0    0.000366770575    0.000366770575 0    0.000660503982    0.000375181524    0.000375181524
1445    0    0.000426787592    0.000426787592 0    0.00065503834    0.00043482022    0.00043482022
1455    0    0.000366770575    0.000366770575 0    0.000767960271    0.000374550465    0.000374550465
1465    0    0.000353433483    0.000353433483 0    0.0189790875    0.000360932696    0.000360932696
1475    0    0.000356767763    0.000356767763 0.0028913978    0    0.000363984931    0.000363984931
1485    0    0.000346764922    0.000346764922 0.00462528225    0    0.000353725336    0.000353725336
1495    0    0.000300085027    0.000300085027 0    0.000470547238    0.000306834583    0.000306834583
1505    1.99999995e-05    0.000296750746    0.000296750746 0    0.000689859269    0.000303261448    0.000303261448
1515    1.99999995e-05    0.000340096361    0.000340096361 0.00162598875    0    0.000346336368    0.000346336368
1525    0    0.000333427801    0.000333427801 0    0.000709215587    0.000339453312    0.000339453312
1535    0    0.000273410813    0.000273410813 0    0.000483944721    0.000279280386    0.000279280386
1545    0    0.000320090679    0.000320090679 0.00476103975    0    0.000325715955    0.000325715955
1555    0    0.00024673657    0.00024673657 0.000896119862    0    0.000252236117    0.000252236117
1565    0    0.000276745064    0.000276745064 0.00201281579    0    0.00028203259    0.00028203259
1575    0    0.000230065183    0.000230065183 0    0.000635695702    0.000235218686    0.000235218686
1585    1.99999995e-05    0.000196722409    0.000196722409 0.00166614773    0    0.000201737101    0.000201737101
1595    1.99999995e-05    0.000206725235    0.000206725235 0    0.000333816657    0.000211568506    0.000211568506
1605    0    0.000180051007    0.000180051007 0    0.000557236723    0.000184763107    0.000184763107
1615    0    0.000190053848    0.000190053848 0.00103032461    0    0.000194607535    0.000194607535
1625    0    0.000223396622    0.000223396622 0    0.000363966654    0.000227776589    0.000227776589
1635    0    0.000183385288    0.000183385288 0    0.000298885861    0.000187664351    0.000187664351
1645    0    0.000100028345    0.000100028345 0    0.000163695557    0.000104251609    0.000104251609
1655    0    0.000140039672    0.000140039672 0.000430718093    1.35909067e-05    0.000144099424    0.000144099424
1665    0    0.000196722409    0.000196722409 0    0.000322537613    0.000200608309    0.000200608309
1675    0    0.000203390955    0.000203390955 0    0.000334641518    0.000207153484    0.000207153484
1685    0    0.000203390955    0.000203390955 0    0.000335331832    0.000207040648    0.000207040648
1695    0    0.000126702565    0.000126702565 0.00185367756    0    0.000130313856    0.000130313856
1705    0    0.000120034012    0.000120034012 0.000837170344    0    0.000123546881    0.000123546881
1715    0    0.000153376794    0.000153376794 0    0.000253935315    0.000156758499    0.000156758499
1725    0    0.000146708233    0.000146708233 0    0.000334566081    0.00014999909    0.00014999909
1735    0    0.000150042513    0.000150042513 0    0.000249007688    0.000153236877    0.000153236877
1745    0    0.000106696898    0.000106696898 0    0.00017708377    0.000109840854    0.000109840854
1755    0    9.33597839e-05    9.33597839e-05 0    0.000155045913    9.64290812e-05    9.64290812e-05
1765    0    0.000143373953    0.000143373953 0    0    0.000146313701    0.000146313701
1775    0    0.000106696898    0.000106696898 0.000275297411    3.96156101e-05    0.000109589353    0.000109589353
1785    0    0.000126702565    0.000126702565 0    0    0.000129498672    0.000129498672
1795    0    0.000100028345    0.000100028345 0.000262078654    3.65586384e-05    0.000102773512    0.000102773512
1805    0    7.66883968e-05    7.66883968e-05 0.00020247967    2.78078114e-05    7.938216e-05    7.938216e-05
1815    1.99999995e-05    9.66940643e-05    9.66940643e-05 0    0    9.92992063e-05    9.92992063e-05
1825    0    0.000116699732    0.000116699732 0    0    0.000119218617    0.000119218617
1835    0    9.00255036e-05    9.00255036e-05 0    0    9.25031345e-05    9.25031345e-05
1845    0    0.000100028345    0.000100028345 0.000272943318    3.50636183e-05    0.000102433303    0.000102433303
1855    0    9.33597839e-05    9.33597839e-05 0    0    9.57094162e-05    9.57094162e-05
1865    0    9.00255036e-05    9.00255036e-05 0.000249995239    3.09940588e-05    9.23187617e-05    9.23187617e-05
1875    0    7.66883968e-05    7.66883968e-05 0    0    7.89363403e-05    7.89363403e-05
1885    0    8.00226699e-05    8.00226699e-05 0.000224824049    2.72214074e-05    8.22118891e-05    8.22118891e-05
1895    0    9.00255036e-05    9.00255036e-05 0.000255896768    3.02596709e-05    9.21516694e-05    9.21516694e-05
1905    0    7.33541165e-05    7.33541165e-05 0    0    7.54433204e-05    7.54433204e-05
1915    0    6.66855631e-05    6.66855631e-05 0    0    6.87302891e-05    6.87302891e-05
1925    0    5.00141723e-05    5.00141723e-05 0    0    5.20251488e-05    5.20251488e-05
1935    0    7.66883968e-05    7.66883968e-05 0    0    7.86274613e-05    7.86274613e-05
1945    0    6.66855631e-05    6.66855631e-05 0.000197058602    2.15379587e-05    6.85877239e-05    6.85877239e-05
1955    0    6.33512827e-05    6.33512827e-05 0    0    6.5211847e-05    6.5211847e-05
1965    0    7.33541165e-05    7.33541165e-05 0    0    7.51622138e-05    7.51622138e-05
1975    0    4.00113349e-05    4.00113349e-05 0    0    4.18079289e-05    4.18079289e-05
1985    0    2.66742245e-05    2.66742245e-05 8.12912913e-05    8.3464065e-06    2.84422495e-05    2.84422495e-05
1995    0    4.6679892e-05    4.6679892e-05 0    0    4.8390033e-05    4.8390033e-05
2005    1.99999995e-05    3.33427815e-05    3.33427815e-05 0    0    3.50267073e-05    3.50267073e-05
2015    0    2.3339946e-05    2.3339946e-05 0    0    2.49957229e-05    2.49957229e-05
2025    0    5.00141723e-05    5.00141723e-05 0    0    5.16093023e-05    5.16093023e-05
2035    0    6.66855631e-05    6.66855631e-05 0    0    6.82302416e-05    6.82302416e-05
2045    0    4.6679892e-05    4.6679892e-05 0    0    4.82086871e-05    4.82086871e-05
2055    0    2.3339946e-05    2.3339946e-05 0    0    2.48568649e-05    2.48568649e-05
2065    0    4.33456153e-05    4.33456153e-05 0    0    4.48119208e-05    4.48119208e-05
2075    0    3.0008503e-05    3.0008503e-05 0    0    3.14556091e-05    3.14556091e-05
2085    0    3.33427815e-05    3.33427815e-05 0    0    3.47562964e-05    3.47562964e-05
2095    0    3.66770582e-05    3.66770582e-05 0    0    3.80578203e-05    3.80578203e-05
2105    0    1.66713908e-05    1.66713908e-05 0    0    1.80415682e-05    1.80415682e-05
2115    0    4.6679892e-05    4.6679892e-05 0    0    4.79944974e-05    4.79944974e-05
2125    0    3.33427815e-05    3.33427815e-05 0    0    3.46422312e-05    3.46422312e-05
2135    0    3.33427815e-05    3.33427815e-05 0    0    3.46156048e-05    3.46156048e-05
2145    0    4.33456153e-05    4.33456153e-05 0    0    4.45833612e-05    4.45833612e-05
2155    0    2.66742245e-05    2.66742245e-05 0    0    2.79019914e-05    2.79019914e-05
2165    0    3.66770582e-05    3.66770582e-05 0    0    3.78710902e-05    3.78710902e-05
2175    0    3.33427815e-05    3.33427815e-05 0    0    3.45159242e-05    3.45159242e-05
2185    0    2.66742245e-05    2.66742245e-05 0    0    2.78301486e-05    2.78301486e-05
2195    0    2.3339946e-05    2.3339946e-05 0    0    2.44761977e-05    2.44761977e-05
2205    0    2.3339946e-05    2.3339946e-05 0    0    2.44540533e-05    2.44540533e-05
2215    0    2.00056675e-05    2.00056675e-05 0    0    2.1101243e-05    2.1101243e-05
2225    0    2.3339946e-05    2.3339946e-05 0    0    2.44114308e-05    2.44114308e-05
2235    0    2.66742245e-05    2.66742245e-05 0    0    2.77221425e-05    2.77221425e-05
2245    0    1.66713908e-05    1.66713908e-05 0    0    1.77084585e-05    1.77084585e-05
2255    0    3.0008503e-05    3.0008503e-05 0    0    3.10138566e-05    3.10138566e-05
2265    0    2.3339946e-05    2.3339946e-05 0    0    2.4332372e-05    2.4332372e-05
2275    0    2.00056675e-05    2.00056675e-05 0    0    2.09825794e-05    2.09825794e-05
2285    0    3.0008503e-05    3.0008503e-05 0    0    3.09581446e-05    3.09581446e-05
2295    0    1.33371123e-05    1.33371123e-05 0    0    1.42843319e-05    1.42843319e-05
2305    0    0    0 0    0    9.42170118e-07    9.42170118e-07
2315    0    1.00028337e-05    1.00028337e-05 0    0    1.09190059e-05    1.09190059e-05
2325    0    6.66855613e-06    6.66855613e-06 0    0    7.57133421e-06    7.57133421e-06
2335    0    2.00056675e-05    2.00056675e-05 0    0    2.0880183e-05    2.0880183e-05
2345    0    2.3339946e-05    2.3339946e-05 0    0    2.41957277e-05    2.41957277e-05
2355    0    1.66713908e-05    1.66713908e-05 0    0    1.75179575e-05    1.75179575e-05
2365    0    1.00028337e-05    1.00028337e-05 0    0    1.08405411e-05    1.08405411e-05
2375    0    1.33371123e-05    1.33371123e-05 0    0    1.41571491e-05    1.41571491e-05
2385    0    2.66742245e-05    2.66742245e-05 0    0    2.74677714e-05    2.74677714e-05
2395    0    1.33371123e-05    1.33371123e-05 0    0    1.41289065e-05    1.41289065e-05
