5    0.000300000014    0    0 0    0    0    0
15    0.000959999976    0    0 0    0    0    0
25    0.00170000002    0    0 0    0    0    0
35    0.00179999997    0    0 0    0    0    0
45    0.00225999998    0    0 0    0    0    0
55    0.0025200001    0    0 0    0    0    0
65    0.00266    0    0 0    0    0    0
75    0.00237999996    0    0 0    0    0    0
85    0.00318    0    0 0    0    0    0
95    0.00323999999    0    0 0    0    0    0
105    0.00343999988    0    0 0    0    0    0
115    0.00307999994    0    0 0    0    0    0
125    0.00346000004    0    0 0    0    0    0
135    0.00310000009    0    0 0    0    0    0
145    0.00306000002    3.33333332e-06    3.33333332e-06 0    0    3.08495743e-07    3.08495743e-07
155    0.00337999989    0    0 0    0    0    0
165    0.0033199999    2.66666666e-05    2.66666666e-05 2.66666666e-05    2.66666666e-05    2.28037334e-05    2.28037334e-05
175    0.00365999993    4.33333335e-05    4.33333335e-05 4.33333335e-05    4.33333335e-05    3.89334418e-05    3.89334418e-05
185    0.00368000008    5.66666677e-05    5.66666677e-05 5.66666677e-05    5.66666677e-05    5.16259752e-05    5.16259752e-05
195    0.00412000017    7.9999998e-05    7.9999998e-05 7.9999998e-05    7.9999998e-05    7.41876938e-05    7.41876938e-05
205    0.00340000005    9.66666703e-05    9.66666703e-05 9.66666703e-05    9.66666703e-05    8.99176812e-05    8.99176812e-05
215    0.00407999987    0.000156666661    0.000156666661 0.000217510649    0.000114805582    0.000148767169    0.000148767169
225    0.00386000006    0.00016333333    0.00016333333 0.000220623857    0.000123912992    0.000154009802    0.000154009802
235    0.0045599998    0.000280000007    0.000280000007 0.000376628537    0.00021341801    0.000268884585    0.000268884585
245    0.00492000021    0.000390000001    0.000390000001 0.000521800655    0.000299082341    0.00037660604    0.00037660604
255    0.00523999985    0.000440000003    0.000440000003 0.000564115413    0.000354163931    0.000423665479    0.000423665479
265    0.00614000019    0.00066000002    0.00066000002 0.000823769195    0.000546409865    0.000639792997    0.000639792997
275    0.00576000009    0.000829999975    0.000829999975 0.00103439833    0.000688141561    0.000804603857    0.000804603857
285    0.00668000011    0.0011766667    0.0011766667 0.00142139115    0.00100648729    0.00114414399    0.00114414399
295    0.00748000015    0.00140333339    0.00140333339 0.00165270374    0.00122971297    0.00136077381    0.00136077381
305    0.00862000044    0.00181666669    0.00181666669 0.00209683599    0.00162145554    0.00175949652    0.00175949652
315    0.0104599996    0.00264333328    0.00264333328 0.00299746171    0.00239603152    0.00256406632    0.00256406632
325    0.0120799998    0.0038066667    0.0038066667 0.00423537521    0.00350674079    0.00369241112    0.00369241112
335    0.0154600004    0.00557666644    0.00557666644 0.00611445587    0.00519922236    0.00540371379    0.00540371379
345    0.0172199998    0.00779666658    0.00779666658 0.00845659617    0.00733240694    0.00751777226    0.00751777226
355    0.0251000002    0.0132566663    0.0132566663 0.0143013606    0.0125230011    0.0127672842    0.0127672842
365    0.0384400003    0.0218233336    0.0218233336 0.0234459992    0.0206855908    0.0208596289    0.0208596289
375    0.0623800009    0.0439799987    0.0439799987 0.0468502939    0.0419698283    0.0417575799    0.0417575799
385    0.110600002    0.0957999974    0.0957999974 0.100337341    0.0926258415    0.0897314623    0.0897314623
395    0.18524    0.199716672    0.199716672 0.203822181    0.196846709    0.188939705    0.188939705
405    0.180820003    0.215389997    0.215389997 0.213245645    0.21695745    0.226150393    0.226150393
415    0.0957200006    0.120146669    0.120146669 0.115608372    0.123314686    0.126206577    0.126206577
425    0.0482399985    0.0649133325    0.0649133325 0.0608760901    0.0677292049    0.0671314076    0.0671314076
435    0.0265999995    0.0384433344    0.0384433344 0.0353250317    0.0406175479    0.0394046307    0.0394046307
445    0.0147799999    0.0260400008    0.0260400008 0.0235596057    0.0277676247    0.0265278127    0.0265278127
455    0.00968000013    0.0184866674    0.0184866674 0.0164841954    0.0198793616    0.0187645108    0.0187645108
465    0.00668000011    0.0137366671    0.0137366671 0.0121289333    0.0148565276    0.0139088482    0.0139088482
475    0.00511999987    0.0108833332    0.0108833332 0.00952866115    0.011828172    0.010997002    0.010997002
485    0.0037    0.00868999958    0.00868999958 0.00751840975    0.00950649288    0.00876881368    0.00876881368
495    0.00276000006    0.00746666687    0.00746666687 0.0064046043    0.00820666552    0.00752346544    0.00752346544
505    0.00242000003    0.00645999983    0.00645999983 0.00550757442    0.00712370221    0.00650224555    0.00650224555
515    0.00170000002    0.00547000021    0.00547000021 0.00458578719    0.0060854312    0.00550225703    0.00550225703
525    0.00152000005    0.00464666681    0.00464666681 0.00390038965    0.00516560161    0.00467184372    0.00467184372
535    0.00109999999    0.00399000011    0.00399000011 0.00328934053    0.00447770488    0.00401002122    0.00401002122
545    0.00079999998    0.00375666656    0.00375666656 0.00308608031    0.00422393205    0.00377283338    0.00377283338
555    0.000899999985    0.00322333327    0.00322333327 0.00259088725    0.0036640903    0.00323658297    0.00323658297
565    0.000699999975    0.00276000006    0.00276000006 0.00220745546    0.00314478949    0.00277099409    0.00277099409
575    0.000500000024    0.00265666656    0.00265666656 0.00209543249    0.0030474565    0.00266587758    0.00266587758
585    0.000479999988    0.00240999996    0.00240999996 0.00188572088    0.0027752216    0.00241779676    0.00241779676
595    0.000339999999    0.00218333327    0.00218333327 0.00167669565    0.00253613619    0.0021899913    0.0021899913
605    0.000199999995    0.00203333329    0.00203333329 0.00151646882    0.00239292416    0.00203906116    0.00203906116
615    0.000280000007    0.00181000005    0.00181000005 0.00135900511    0.0021236618    0.00181496609    0.00181496609
625    0.000180000003    0.00183666672    0.00183666672 0.00133128942    0.00218821969    0.00184099155    0.00184099155
635    0.000159999996    0.0017133333    0.0017133333 0.00118557375    0.00208033808    0.00171712681    0.00171712681
645    0.000239999994    0.00154333329    0.00154333329 0.00110186578    0.001850161    0.00154668093    0.00154668093
655    0.000119999997    0.00142333331    0.00142333331 0.00100108143    0.00171683519    0.00142630108    0.00142630108
665    7.9999998e-05    0.00129000004    0.00129000004 0.000868072675    0.00158315257    0.0012926443    0.0012926443
675    5.99999985e-05    0.00126666669    0.00126666669 0.000838798936    0.001563748    0.00126902899    0.00126902899
685    0.000159999996    0.00108333328    0.00108333328 0.000731172564    0.00132791663    0.00108545832    0.00108545832
695    0.000140000004    0.00107    0.00107 0.00365412887    0    0.00107191282    0.00107191282
705    3.9999999e-05    0.000980000012    0.000980000012 0.00145575847    0.000650133763    0.000981730525    0.000981730525
715    9.99999975e-05    0.000973333314    0.000973333314 0.00144686538    0.000645030406    0.000974901253    0.000974901253
725    5.99999985e-05    0.00092999998    0.00092999998 0.00138438854    0.00061526685    0.000931426068    0.000931426068
735    0.000140000004    0.000839999993    0.000839999993 0.00125203724    0.00055482937    0.000841302681    0.000841302681
745    3.9999999e-05    0.000750000007    0.000750000007 0.00111930456    0.000494575768    0.000751193555    0.000751193555
755    7.9999998e-05    0.000756666646    0.000756666646 0.00113056845    0.000498260604    0.000757759612    0.000757759612
765    7.9999998e-05    0.00066333334    0.00066333334 0.000992252375    0.000436158967    0.000664340332    0.000664340332
775    1.99999995e-05    0.000750000007    0.000750000007 0.0011235117    0.000492288906    0.000750923122    0.000750923122
785    0    0.000613333308    0.000613333308 0.000920232967    0.000401819387    0.000614189601    0.000614189601
795    1.99999995e-05    0.000736666669    0.000736666669 0.00110705686    0.000481704454    0.00073745288    0.00073745288
805    0    0.000526666641    0.000526666641 0.000792491133    0.000343830005    0.000527402386    0.000527402386
815    0    0.000573333353    0.000573333353 0.000864159549    0.000373561285    0.000574013859    0.000574013859
825    3.9999999e-05    0.000483333337    0.000483333337 0.000728916551    0.000314655859    0.000483968994    0.000483968994
835    0    0.000583333313    0.000583333313 0.000882223947    0.000378550176    0.000583920919    0.000583920919
845    1.99999995e-05    0.000440000003    0.000440000003 0.00066669425    0.000284928683    0.000440553064    0.000440553064
855    0    0.000509999983    0.000509999983 0.000773388892    0.000329892879    0.000510513491    0.000510513491
865    0    0.000426666666    0.000426666666 0.00064891862    0.000275090977    0.000427149818    0.000427149818
875    3.9999999e-05    0.000413333328    0.000413333328 0.000630084425    0.000265804585    0.000413786096    0.000413786096
885    0    0.000456666661    0.000456666661 0.000696931558    0.000293248246    0.000457089278    0.000457089278
895    3.9999999e-05    0.000363333325    0.000363333325 0.000556309649    0.000232482533    0.000363733532    0.000363733532
905    0    0.000373333343    0.000373333343 0.000572852849    0.000238305482    0.000373708986    0.000373708986
915    0    0.000353333337    0.000353333337 0.000542981434    0.0002251322    0.000353687501    0.000353687501
925    0    0.000406666659    0.000406666659 0.000626811525    0.000258259242    0.000406998035    0.000406998035
935    1.99999995e-05    0.000323333341    0.000323333341 0.000499396294    0.000204855576    0.000323648914    0.000323648914
945    0    0.000306666654    0.000306666654 0.000474323169    0.00019397134    0.000306965201    0.000306965201
955    0    0.00033333333    0.00033333333 0.000516911328    0.000210224491    0.000333614298    0.000333614298
965    1.99999995e-05    0.000250000012    0.000250000012 0.000389203778    0.000157007846    0.00025026896    0.00025026896
975    0    0.000296666665    0.000296666665 0.000462952419    0.000185825862    0.000296919461    0.000296919461
985    0    0.000346666668    0.000346666668 0.000542376249    0.00021651134    0.000346904126    0.000346904126
995    0    0.000293333345    0.000293333345 0.00045976913    0.000182823991    0.000293560472    0.000293560472
1005    0    0.000289999996    0.000289999996 0    0    0.000290215627    0.000290215627
1015    0    0.000253333332    0.000253333332 0    0    0.000253539532    0.000253539532
1025    0    0.000253333332    0.000253333332 0    0    0.000253529317    0.000253529317
1035    0    0.000280000007    0.000280000007 0    0    0.000280185341    0.000280185341
1045    0    0.000230000005    0.000230000005 0    0    0.000230178339    0.000230178339
1055    0    0.000263333321    0.000263333321 0    0    0.00026350189    0.00026350189
1065    0    0.000203333329    0.000203333329 0    0    0.000203496325    0.000203496325
1075    1.99999995e-05    0.000206666664    0.000206666664 0    0    0.000206822035    0.000206822035
1085    0    0.000243333328    0.000243333328 0    0    0.000243480186    0.000243480186
1095    0    0.000199999995    0.000199999995 0    0    0.00020014192    0.00020014192
1105    0    0.000193333341    0.000193333341 0    0    0.000193469226    0.000193469226
1115    0    0.000180000003    0.000180000003 0    0    0.00018013049    0.00018013049
1125    0    0.000153333327    0.000153333327 0    0    0.000153459259    0.000153459259
1135    0    0.000183333337    0.000183333337 0    0    0.00018345275    0.00018345275
1145    0    0.000176666668    0.000176666668 0    0    0.000176781323    0.000176781323
1155    0    0.000136666669    0.000136666669 0    0    0.000136778152    0.000136778152
1165    0    0.00016333333    0.00016333333 0    0    0.000163439225    0.000163439225
1175    0    0.000106666666    0.000106666666 0    0    0.000106770531    0.000106770531
1185    0    0.000236666659    0.000236666659 0    0    0.000236761247    0.000236761247
1195    0    0.000169999999    0.000169999999 0    0    0.000170093379    0.000170093379
1205    0    0.000166666665    0.000166666665 0    0    0.000166756494    0.000166756494
1215    0    0.000150000007    0.000150000007 0    0    0.000150086984    0.000150086984
1225    0    0.000150000007    0.000150000007 0    0    0.000150083652    0.000150083652
1235    1.99999995e-05    0.000119999997    0.000119999997 0    0    0.000120081655    0.000120081655
1245    0    0.000106666666    0.000106666666 0    0    0.000106745829    0.000106745829
1255    0    0.000123333331    0.000123333331 0    0    0.000123408929    0.000123408929
1265    0    0.00013    0.00013 0    0    0.000130072571    0.000130072571
1275    0    2.99999992e-05    2.99999992e-05 0    0    3.00739357e-05    3.00739357e-05
1285    0    0    0 0    0    7.26170413e-08    7.26170413e-08
1295    0    0    0 0    0    7.02105467e-08    7.02105467e-08
1305    0    0    0 0    0    6.79092267e-08    6.79092267e-08
1315    0    0    0 0    0    6.57073826e-08    6.57073826e-08
1325    0    0    0 0    0    6.35997139e-08    6.35997139e-08
1335    0    0    0 0    0    6.15812112e-08    6.15812112e-08
1345    0    0    0 0    0    5.96472347e-08    5.96472347e-08
1355    0    0    0 0    0    5.77934038e-08    5.77934038e-08
1365    0    0    0 0    0    5.60155904e-08    5.60155904e-08
1375    0    0    0 0    0    5.43099539e-08    5.43099539e-08
1385    0    0    0 0    0    5.2672867e-08    5.2672867e-08
1395    0    0    0 0    0    5.11009191e-08    5.11009191e-08
1405    0    0    0 0    0    4.95908985e-08    4.95908985e-08
1415    0    0    0 0    0    4.81397926e-08    4.81397926e-08
1425    0    0    0 0    0    4.67447485e-08    4.67447485e-08
1435    0    0    0 0    0    4.54030875e-08    4.54030875e-08
1445    0    0    0 0    0    4.41122872e-08    4.41122872e-08
1455    0    0    0 0    0    4.28699494e-08    4.28699494e-08
1465    0    0    0 0    0    4.16738288e-08    4.16738288e-08
1475    0    0    0 0    0    4.05217904e-08    4.05217904e-08
1485    0    0    0 0    0    3.94118302e-08    3.94118302e-08
1495    0    0    0 0    0    3.83420335e-08    3.83420335e-08
1505    0    0    0 0    0    3.73106097e-08    3.73106097e-08
1515    0    0    0 0    0    3.63158499e-08    3.63158499e-08
1525    0    0    0 0    0    3.53561376e-08    3.53561376e-08
1535    0    0    0 0    0    3.44299451e-08    3.44299451e-08
1545    0    0    0 0    0    3.3535823e-08    3.3535823e-08
1555    0    0    0 0    0    3.26723928e-08    3.26723928e-08
1565    0    0    0 0    0    3.18383506e-08    3.18383506e-08
1575    0    0    0 0    0    3.10324531e-08    3.10324531e-08
1585    0    0    0 0    0    3.02535241e-08    3.02535241e-08
1595    0    0    0 0    0    2.95004501e-08    2.95004501e-08
1605    0    0    0 0    0    2.87721633e-08    2.87721633e-08
1615    0    0    0 0    0    2.80676531e-08    2.80676531e-08
1625    0    0    0 0    0    2.73859513e-08    2.73859513e-08
1635    0    0    0 0    0    2.6726152e-08    2.6726152e-08
1645    0    0    0 0    0    2.60873758e-08    2.60873758e-08
1655    0    0    0 0    0    2.54687986e-08    2.54687986e-08
1665    0    0    0 0    0    2.48696193e-08    2.48696193e-08
1675    0    0    0 0    0    2.42890916e-08    2.42890916e-08
1685    0    0    0 0    0    2.3726491e-08    2.3726491e-08
1695    0    0    0 0    0    2.31811299e-08    2.31811299e-08
1705    0    0    0 0    0    2.26523564e-08    2.26523564e-08
1715    0    0    0 0    0    2.21395435e-08    2.21395435e-08
1725    0    0    0 0    0    2.16420926e-08    2.16420926e-08
1735    0    0    0 0    0    2.11594333e-08    2.11594333e-08
1745    0    0    0 0    0    2.06910205e-08    2.06910205e-08
1755    0    0    0 0    0    2.02363317e-08    2.02363317e-08
1765    0    0    0 0    0    1.97948662e-08    1.97948662e-08
1775    0    0    0 0    0    1.93661496e-08    1.93661496e-08
1785    0    0    0 0    0    1.89497253e-08    1.89497253e-08
1795    0    0    0 0    0    1.85451547e-08    1.85451547e-08
1805    0    0    0 0    0    1.81520186e-08    1.81520186e-08
1815    0    0    0 0    0    1.77699153e-08    1.77699153e-08
1825    0    0    0 0    0    1.73984631e-08    1.73984631e-08
1835    0    0    0 0    0    1.70372889e-08    1.70372889e-08
1845    0    0    0 0    0    1.66860445e-08    1.66860445e-08
1855    0    0    0 0    0    1.6344389e-08    1.6344389e-08
1865    0    0    0 0    0    1.60119971e-08    1.60119971e-08
1875    0    0    0 0    0    1.5688558e-08    1.5688558e-08
1885    0    0    0 0    0    1.53737716e-08    1.53737716e-08
1895    0    0    0 0    0    1.506735e-08    1.506735e-08
1905    0    0    0 0    0    1.47690171e-08    1.47690171e-08
1915    0    0    0 0    0    1.44785091e-08    1.44785091e-08
1925    0    0    0 0    0    1.41955701e-08    1.41955701e-08
1935    0    0    0 0    0    1.39199567e-08    1.39199567e-08
1945    0    0    0 0    0    1.36514311e-08    1.36514311e-08
1955    0    0    0 0    0    1.33897675e-08    1.33897675e-08
1965    0    0    0 0    0    1.31347493e-08    1.31347493e-08
1975    0    0    0 0    0    1.2886165e-08    1.2886165e-08
1985    0    0    0 0    0    1.26438149e-08    1.26438149e-08
1995    0    0    0 0    0    1.24075044e-08    1.24075044e-08
2005    0    0    0 0    0    1.21770451e-08    1.21770451e-08
2015    0    0    0 0    0    1.19522587e-08    1.19522587e-08
2025    0    0    0 0    0    1.1732971e-08    1.1732971e-08
2035    0    0    0 0    0    1.15190142e-08    1.15190142e-08
2045    0    0    0 0    0    1.13102283e-08    1.13102283e-08
2055    0    0    0 0    0    1.11064589e-08    1.11064589e-08
2065    0    0    0 0    0    1.0907554e-08    1.0907554e-08
2075    0    0    0 0    0    1.07133697e-08    1.07133697e-08
2085    0    0    0 0    0    1.05237694e-08    1.05237694e-08
2095    0    0    0 0    0    1.03386153e-08    1.03386153e-08
2105    0    0    0 0    0    1.01577795e-08    1.01577795e-08
2115    0    0    0 0    0    9.98113681e-09    9.98113681e-09
2125    0    0    0 0    0    9.80856552e-09    9.80856552e-09
2135    0    0    0 0    0    9.63995017e-09    9.63995017e-09
2145    0    0    0 0    0    9.47517798e-09    9.47517798e-09
2155    0    0    0 0    0    9.31413879e-09    9.31413879e-09
2165    0    0    0 0    0    9.15672871e-09    9.15672871e-09
2175    0    0    0 0    0    9.00284558e-09    9.00284558e-09
2185    0    0    0 0    0    8.85239171e-09    8.85239171e-09
2195    0    0    0 0    0    8.70527117e-09    8.70527117e-09
2205    0    0    0 0    0    8.56139337e-09    8.56139337e-09
2215    0    0    0 0    0    8.42066861e-09    8.42066861e-09
2225    0    0    0 0    0    8.28301072e-09    8.28301072e-09
2235    0    0    0 0    0    8.14833623e-09    8.14833623e-09
2245    0    0    0 0    0    8.01656608e-09    8.01656608e-09
2255    0    0    0 0    0    7.887623e-09    7.887623e-09
2265    0    0    0 0    0    7.76142883e-09    7.76142883e-09
2275    0    0    0 0    0    7.63791341e-09    7.63791341e-09
2285    0    0    0 0    0    7.5170048e-09    7.5170048e-09
2295    0    0    0 0    0    7.39863459e-09    7.39863459e-09
2305    0    0    0 0    0    7.28273708e-09    7.28273708e-09
2315    0    0    0 0    0    7.16924653e-09    7.16924653e-09
2325    0    0    0 0    0    7.0581021e-09    7.0581021e-09
2335    0    0    0 0    0    6.94924429e-09    6.94924429e-09
2345    0    0    0 0    0    6.84261314e-09    6.84261314e-09
2355    0    0    0 0    0    6.73815226e-09    6.73815226e-09
2365    0    0    0 0    0    6.63580613e-09    6.63580613e-09
2375    0    0    0 0    0    6.53552323e-09    6.53552323e-09
2385    0    0    0 0    0    6.43725073e-09    6.43725073e-09
2395    0    0    0 0    0    6.34093844e-09    6.34093844e-09
