5    0.000959999976    0    0 0    0    0    0
15    0.00221999991    0    0 0    0    0    0
25    0.00427999999    0    0 0    0    0    0
35    0.00529999984    0    0 0    0    0    0
45    0.00541999983    0    0 0    0    0    0
55    0.00713999989    0    0 0    0    0    0
65    0.00681999978    0    0 0    0    0    0
75    0.00761999981    0    0 0    0    0    0
85    0.00725999987    0    0 0    0    0    0
95    0.00763999997    0    0 0    0    0    0
105    0.00798000023    0    0 0    0    0    0
115    0.0077800001    0    0 0    0    0    0
125    0.00798000023    0    0 0    0    0    0
135    0.0077800001    0    0 0    0    0    0
145    0.00763999997    0    0 0    0    0    0
155    0.00784000009    0    0 0    0    0    0
165    0.00718000019    3.52644133e-06    3.52644133e-06 3.52644133e-06    3.52644133e-06    0    0
175    0.00772000011    3.52644133e-06    3.52644133e-06 3.52644133e-06    3.52644133e-06    0    0
185    0.00745999999    2.82115307e-05    2.82115307e-05 2.82115307e-05    2.82115307e-05    0    0
195    0.00779999979    3.52644129e-05    3.52644129e-05 3.52644129e-05    3.52644129e-05    2.70528972e-06    2.70528972e-06
205    0.00822000019    4.93701773e-05    4.93701773e-05 4.93701773e-05    4.93701773e-05    1.43174902e-05    1.43174902e-05
215    0.0078800004    5.99494997e-05    5.99494997e-05 8.37904299e-05    4.33572059e-05    2.214702e-05    2.214702e-05
225    0.00725999987    8.81610322e-05    8.81610322e-05 0.000122899903    6.39670398e-05    4.73059554e-05    4.73059554e-05
235    0.00812000036    9.16874706e-05    9.16874706e-05 0.000127433028    6.6753033e-05    4.74618537e-05    4.74618537e-05
245    0.00791999977    8.46345865e-05    8.46345865e-05 0.00011622368    6.25773391e-05    3.66658278e-05    3.66658278e-05
255    0.00706000021    0.000112846123    0.000112846123 0.000153526998    8.43903254e-05    6.06805152e-05    6.06805152e-05
265    0.00736000016    0.000201007148    0.000201007148 0.000271931611    0.000151282642    0.000144112681    0.000144112681
275    0.00767999981    0.000186901379    0.000186901379 0.000251406367    0.000141660421    0.000124764949    0.000124764949
285    0.0071200002    0.000232745122    0.000232745122 0.000310853677    0.000177886424    0.000164669545    0.000164669545
295    0.00736000016    0.000222165792    0.000222165792 0.000287123112    0.000176505739    0.00014741483    0.00014741483
305    0.00767999981    0.000356170553    0.000356170553 0.000463187258    0.000280908658    0.000273762911    0.000273762911
315    0.00798000023    0.000405540748    0.000405540748 0.000517931534    0.000326337409    0.000314474484    0.000314474484
325    0.00769999996    0.000440805161    0.000440805161 0.000546941883    0.000365854386    0.000339850667    0.000339850667
335    0.00867999997    0.000500754686    0.000500754686 0.000616165926    0.000418936892    0.00038843244    0.00038843244
345    0.00844000001    0.000578336359    0.000578336359 0.000692021626    0.000497016474    0.00045289236    0.00045289236
355    0.00860000029    0.000733499764    0.000733499764 0.000862995861    0.000640623504    0.000592801545    0.000592801545
365    0.00837999955    0.000920401188    0.000920401188 0.00106246432    0.000818870089    0.000761916162    0.000761916162
375    0.00874000043    0.00118841068    0.00118841068 0.00135519868    0.00106946367    0.00100904377    0.00100904377
385    0.00922000036    0.00144231447    0.00144231447 0.00163306342    0.00130671938    0.00123835308    0.00123835308
395    0.00947999954    0.00154810771    0.00154810771 0.00174259639    0.00141020678    0.00131506252    0.00131506252
405    0.00972000044    0.00183022302    0.00183022302 0.00203929865    0.001682339    0.00156232016    0.00156232016
415    0.00980000012    0.00219697296    0.00219697296 0.00244145631    0.00202439027    0.00188707619    0.00188707619
425    0.0103599997    0.00265188375    0.00265188375 0.00294703711    0.00244400161    0.0022910079    0.0022910079
435    0.0109799998    0.00309268897    0.00309268897 0.00340515189    0.0028729823    0.00266947644    0.00266947644
445    0.0119000003    0.00367455184    0.00367455184 0.00404594932    0.00341405347    0.00317432266    0.00317432266
455    0.0132799996    0.00446800096    0.00446800096 0.00489760051    0.00416739425    0.00387169863    0.00387169863
465    0.0139600001    0.00537077012    0.00537077012 0.00586694013    0.00502350321    0.00465353113    0.00465353113
475    0.0140800001    0.00636522658    0.00636522658 0.00694606127    0.00595855573    0.00549420062    0.00549420062
485    0.0153999999    0.00761006027    0.00761006027 0.00832942035    0.00710738031    0.00654135784    0.00654135784
495    0.0170600004    0.00950728543    0.00950728543 0.010372065    0.0089038061    0.008181802    0.008181802
505    0.0178399999    0.0109213889    0.0109213889 0.0118884081    0.0102472678    0.00926039182    0.00926039182
515    0.0225000009    0.0135309547    0.0135309547 0.0147214262    0.0127027715    0.011428047    0.011428047
525    0.02324    0.0171385054    0.0171385054 0.0185799431    0.0161374677    0.0144547168    0.0144547168
535    0.0250199996    0.0209823251    0.0209823251 0.02266757    0.0198121108    0.0175460335    0.0175460335
545    0.0296400003    0.0253127962    0.0253127962 0.0271839369    0.0240131281    0.0209385473    0.0209385473
555    0.0311200004    0.0323797837    0.0323797837 0.0345191397    0.0308950599    0.0269394778    0.0269394778
565    0.0360799991    0.0398699455    0.0398699455 0.0421559326    0.0382861346    0.033478342    0.033478342
575    0.0382400006    0.0492502786    0.0492502786 0.0515167303    0.047681395    0.0425914042    0.0425914042
585    0.0421199985    0.0566558056    0.0566558056 0.0585412309    0.0553515069    0.0512665994    0.0512665994
595    0.0406199992    0.063197352    0.063197352 0.0644354224    0.0623416565    0.0610503331    0.0610503331
605    0.0405200012    0.0666638464    0.0666638464 0.0664345771    0.0669960603    0.068735227    0.068735227
615    0.0392000005    0.0638215318    0.0638215318 0.0631623566    0.0642757863    0.0691405684    0.0691405684
625    0.0339599997    0.0577454753    0.0577454753 0.0562433153    0.0587799512    0.0643420368    0.0643420368
635    0.0272000004    0.0498744585    0.0498744585 0.0477816723    0.0513140894    0.0562137924    0.0562137924
645    0.0226399992    0.0422502942    0.0422502942 0.0398501381    0.0438991599    0.0476471297    0.0476471297
655    0.01798    0.0360014401    0.0360014401 0.0333707891    0.0378071889    0.0403399765    0.0403399765
665    0.0152599998    0.0302780252    0.0302780252 0.0275885761    0.0321216956    0.0336844586    0.0336844586
675    0.0120400004    0.0255314354    0.0255314354 0.0229218546    0.0273181964    0.0281903688    0.0281903688
685    0.00949999969    0.0213384964    0.0213384964 0.0188181624    0.0230628643    0.0234210957    0.0234210957
695    0.00829999987    0.0181717519    0.0181717519 0.0157280415    0.019841047    0.0198158026    0.0198158026
705    0.00677999994    0.0156150823    0.0156150823 0.0133305145    0.0171731301    0.0169259328    0.0169259328
715    0.00546000013    0.014116344    0.014116344 0.0117158424    0.0157518703    0.0151723931    0.0151723931
725    0.00442000013    0.0121097993    0.0121097993 0.00992757641    0.0135942651    0.0129700648    0.0129700648
735    0.00329999998    0.0107344873    0.0107344873 0.00861747004    0.0121722128    0.0114423456    0.0114423456
745    0.00340000005    0.00962718483    0.00962718483 0.00762783177    0.0109828655    0.0102152778    0.0102152778
755    0.00288000004    0.00892542303    0.00892542303 0.00688943453    0.0103036687    0.00941831339    0.00941831339
765    0.00255999994    0.00788512267    0.00788512267 0.00597748393    0.00917484611    0.00830194168    0.00830194168
775    0.00225999998    0.00695414236    0.00695414236 0.00504290638    0.0082439715    0.00730942329    0.00730942329
785    0.00173999998    0.0066085509    0.0066085509 0.00474240351    0.00786525011    0.00691331876    0.00691331876
795    0.00158000004    0.00574809918    0.00574809918 0.00381148583    0.00704982411    0.00601158803    0.00601158803
805    0.00121999998    0.00512744579    0.00512744579 0.00354371616    0.00619023619    0.00535660284    0.00535660284
815    0.000980000012    0.00474306336    0.00474306336 0.00299227214    0.00591542805    0.00494342204    0.00494342204
825    0.000939999998    0.00458437344    0.00458437344 0.0030240654    0.00562819932    0.00476037804    0.00476037804
835    0.000780000002    0.00420351792    0.00420351792 0.00247303001    0.00535733299    0.00435901852    0.00435901852
845    0.00092000002    0.0038156095    0.0038156095 0.00239004032    0.00476391381    0.00395365804    0.00395365804
855    0.000880000007    0.00376976561    0.00376976561 0.00191660598    0.00500082271    0.00389267714    0.00389267714
865    0.000620000006    0.003300749    0.003300749 0.00179367047    0.00429828418    0.00341085694    0.00341085694
875    0.000620000006    0.00318790297    0.00318790297 0.00144923828    0.00433586258    0.003286744    0.003286744
885    0.000360000005    0.00296221068    0.00296221068 0.00132330449    0.00404234277    0.0030513152    0.0030513152
895    0.000520000001    0.00275767711    0.00275767711 0.000982318423    0.00392360194    0.00283827097    0.00283827097
905    0.000419999997    0.00266951602    0.00266951602 0.00129330589    0.003570701    0.0027425827    0.0027425827
915    0.00046000001    0.00253551127    0.00253551127 0.000926173583    0.00358746597    0.00260197441    0.00260197441
925    0.000360000005    0.00228513405    0.00228513405 0.000492774707    0.00345218531    0.00234583067    0.00234583067
935    0.000319999992    0.00220049941    0.00220049941 0.00087225897    0.00306299515    0.00225599506    0.00225599506
945    0.000319999992    0.00200654496    0.00200654496 8.7201166e-05    0.00325049972    0.0020574762    0.0020574762
955    0.000220000002    0.00197833357    0.00197833357 0.000615895784    0.00285829254    0.00202510087    0.00202510087
965    0.000380000012    0.00195717486    0.00195717486 0.000128478001    0.00313314563    0.00200020731    0.00200020731
975    0.000380000012    0.00171032397    0.00171032397 0.000541893474    0.00245908136    0.0017501316    0.0017501316
985    0.000220000002    0.00175264128    0.00175264128 0.00040950143    0.00261080731    0.00178938801    0.00178938801
995    0.000140000004    0.00160453073    0.00160453073 0.000377245422    0.00238653808    0.00163862016    0.00163862016
1005    0.000159999996    0.00153752835    0.00153752835 0.00039567647    0.00226296973    0.00156917144    0.00156917144
1015    0.000180000003    0.00152342266    0.00152342266 0.000387951644    0.00224247435    0.0015528173    0.0015528173
1025    0.000119999997    0.00144231447    0.00144231447 6.28905036e-05    0.00231294753    0.00146970281    0.00146970281
1035    0.000140000004    0.00148463179    0.00148463179 0    0.00264220894    0.00151012279    0.00151012279
1045    0.000180000003    0.00138589146    0.00138589146 0.00029557955    0.00206896616    0.00140972878    0.00140972878
1055    9.99999975e-05    0.0012518866    0.0012518866 0    0.00467313128    0.00127423531    0.00127423531
1065    0.000119999997    0.00124130736    0.00124130736 0    0.00400490453    0.00126222498    0.00126222498
1075    0.000220000002    0.00128009822    0.00128009822 0    0.00216009654    0.00129967264    0.00129967264
1085    3.9999999e-05    0.00107909099    0.00107909099 0    0.00237016263    0.00109756691    0.00109756691
1095    0.000119999997    0.00102972088    0.00102972088 0    0.00249146693    0.0010471046    0.0010471046
1105    9.99999975e-05    0.000983877108    0.000983877108 0    0.00160887244    0.00100025244    0.00100025244
1115    0    0.000938033394    0.000938033394 0.000267557974    0.00134547893    0.000953478098    0.000953478098
1125    1.99999995e-05    0.000938033394    0.000938033394 0    0.0018150442    0.000952591305    0.000952591305
1135    3.9999999e-05    0.000878083869    0.000878083869 0    0.00147896982    0.000891854055    0.000891854055
1145    5.99999985e-05    0.000863978115    0.000863978115 0    0.00191533775    0.000876992417    0.000876992417
1155    3.9999999e-05    0.000934506941    0.000934506941 3.63886211e-05    0.00146967755    0.000946769491    0.000946769491
1165    0.000140000004    0.00079344929    0.00079344929 0    0.0137165692    0.000805132207    0.000805132207
1175    5.99999985e-05    0.000758184877    0.000758184877 0    0.00915854052    0.000769271282    0.000769271282
1185    1.99999995e-05    0.000789922837    0.000789922837 0    0.00137852307    0.000800414651    0.000800414651
1195    5.99999985e-05    0.00080402859    0.00080402859 0    0.00142516312    0.000813973777    0.000813973777
1205    1.99999995e-05    0.000726446917    0.000726446917 0    0.00252612098    0.000735933543    0.000735933543
1215    3.9999999e-05    0.000694708899    0.000694708899 0    0.001464003    0.000703742262    0.000703742262
1225    1.99999995e-05    0.000747605518    0.000747605518 0    0.00138730765    0.000756165653    0.000756165653
1235    0    0.000500754686    0.000500754686 8.46583789e-05    0.000738551666    0.000509043282    0.000509043282
1245    1.99999995e-05    0.000662970939    0.000662970939 0    0.00590526732    0.000670775014    0.000670775014
1255    5.99999985e-05    0.000603021472    0.000603021472 0.0254280772    0    0.000610493589    0.000610493589
1265    1.99999995e-05    0.000655918091    0.000655918091 0    0.00120415981    0.000663014071    0.000663014071
1275    0    0.000634759432    0.000634759432 0    0.00108837883    0.000641542429    0.000641542429
1285    1.99999995e-05    0.000560704153    0.000560704153 0.000111617817    0.00081048056    0.000567223586    0.000567223586
1295    0    0.00052543974    0.00052543974 0    0.00113535638    0.000531690195    0.000531690195
1305    1.99999995e-05    0.000500754686    0.000500754686 0    0.00103277713    0.000506746059    0.000506746059
1315    1.99999995e-05    0.00049370178    0.00049370178 0.00732204225    0    0.000499438902    0.000499438902
1325    1.99999995e-05    0.000469016697    0.000469016697 6.03368717e-05    0.000691205089    0.000474523724    0.000474523724
1335    0    0.000490175327    0.000490175327 0    0.000763047079    0.00049543858    0.00049543858
1345    0    0.000483122451    0.000483122451 0    0.00109466212    0.000488170568    0.000488170568
1355    1.99999995e-05    0.000483122451    0.000483122451 0    0.0023469259    0.00048796265    0.00048796265
1365    0    0.000483122451    0.000483122451 0    0.00105120195    0.000487765443    0.000487765443
1375    0    0.000345591252    0.000345591252 0.0012137926    0    0.000350127113    0.000350127113
1385    0    0.000430225831    0.000430225831 0    0.000892606215    0.000434534537    0.000434534537
1395    0    0.000373802759    0.000373802759 0    0.00195444841    0.00037797523    0.00037797523
1405    0    0.000416120078    0.000416120078 0    0.000635835284    0.00042010707    0.00042010707
1415    0    0.000384382089    0.000384382089 0    0.000643211009    0.000388234504    0.000388234504
1425    0    0.000402014295    0.000402014295 0.00226002047    0    0.000405710627    0.000405710627
1435    0    0.000387908542    0.000387908542 0    0.00174942613    0.000391474168    0.000391474168
1445    0    0.000356170553    0.000356170553 0    0.000614051416    0.00035962218    0.00035962218
1455    0    0.000391434965    0.000391434965 0    0.000668494205    0.000394739676    0.000394739676
1465    0    0.000327959046    0.000327959046 0    0.00177534914    0.000331180083    0.000331180083
1475    0    0.000282115303    0.000282115303 0    0.000861026521    0.000285247865    0.000285247865
1485    0    0.000268009549    0.000268009549 0.000915855984    0    0.000271040219    0.000271040219
1495    0    0.000296221056    0.000296221056 0    0.000561698864    0.000299130101    0.000299130101
1505    0    0.000268009549    0.000268009549 0    0.000572176883    0.000270834338    0.000270834338
1515    0    0.000282115303    0.000282115303 0.00227370905    0    0.00028483558    0.00028483558
1525    1.99999995e-05    0.000352644129    0.000352644129 0    0.00133333309    0.000355231081    0.000355231081
1535    0    0.000271535973    0.000271535973 0.00191078091    0    0.00027408186    0.00027408186
1545    0    0.000208060039    0.000208060039 0    0.00214617909    0.000210558239    0.000210558239
1555    0    0.000285641756    0.000285641756 0.00160467532    0    0.000288013602    0.000288013602
1565    1.99999995e-05    0.000222165792    0.000222165792 0.00107983476    0    0.000224496776    0.000224496776
1575    0    0.000225692245    0.000225692245 0.000985479215    0    0.000227946482    0.000227946482
1585    0    0.000211586477    0.000211586477 0    0.000344875618    0.000213777224    0.000213777224
1595    0    0.000190427832    0.000190427832 0.139546871    0    0.000192562031    0.000192562031
1605    0    0.000208060039    0.000208060039 0    0.019437477    0.000210117825    0.000210117825
1615    1.99999995e-05    0.000232745122    0.000232745122 0    0.00057212892    0.000234724939    0.000234724939
1625    0    0.000229218684    0.000229218684 0.00283278385    0    0.000231139406    0.000231139406
1635    0    0.000208060039    0.000208060039 0    0.000343871769    0.000209934296    0.000209934296
1645    0    0.000193954271    0.000193954271 0.000669345318    0    0.000195780158    0.000195780158
1655    0    0.000193954271    0.000193954271 0.00160441326    0    0.00019572569    0.00019572569
1665    0    0.000169269173    0.000169269173 0    0.000280938868    0.000171002539    0.000171002539
1675    0    0.000193954271    0.000193954271 0    0.000322773238    0.000195622735    0.000195622735
1685    0    0.000179848503    0.000179848503 0    0.00029983194    0.000181476498    0.000181476498
1695    0    0.000148110528    0.000148110528 0    0.000247289776    0.000149710089    0.000149710089
1705    0    0.000141057651    0.000141057651 0.000362429942    4.82068099e-05    0.000142616074    0.000142616074
1715    0    0.000141057651    0.000141057651 0    0    0.000142572433    0.000142572433
1725    0    0.000172795626    0.000172795626 0    0    0.000174249813    0.000174249813
1735    0    0.000151636981    0.000151636981 0    0    0.000153062851    0.000153062851
1745    0    0.000151636981    0.000151636981 0    0    0.000153023604    0.000153023604
1755    0    9.52139162e-05    9.52139162e-05 0.000241968854    3.59093865e-05    9.6595526e-05    9.6595526e-05
1765    0    9.52139162e-05    9.52139162e-05 0.000244742609    3.54905314e-05    9.65589134e-05    9.65589134e-05
1775    0    0.000109319677    0.000109319677 0    0    0.000110621084    0.000110621084
1785    0    0.000123425445    0.000123425445 0.000322134176    4.52887907e-05    0.000124684433    0.000124684433
1795    0    0.000119898999    0.000119898999 0    0    0.000121126992    0.000121126992
1805    0    8.81610322e-05    8.81610322e-05 0.000233686544    3.18409147e-05    8.93755278e-05    8.93755278e-05
1815    0    0.000112846123    0.000112846123 0    0    0.000114015311    0.000114015311
1825    0    0.000119898999    0.000119898999 0.000321513769    4.27919549e-05    0.000121034143    0.000121034143
1835    0    6.34759417e-05    6.34759417e-05 0    0    6.46149638e-05    6.46149638e-05
1845    0    0.000112846123    0.000112846123 0.000308527873    3.94774142e-05    0.000113928334    0.000113928334
1855    0    0.000109319677    0.000109319677 0    0    0.000110376779    0.000110376779
1865    0    0.000130478322    0.000130478322 0    0    0.000131496781    0.000131496781
1875    0    0.000123425445    0.000123425445 0    0    0.000124422499    0.000124422499
1885    0    0.000105793239    0.000105793239 0.000298385276    3.58450161e-05    0.000106775849    0.000106775849
1895    0    9.52139162e-05    9.52139162e-05 0.000270644785    3.20036015e-05    9.61787227e-05    9.61787227e-05
1905    1.99999995e-05    8.46345865e-05    8.46345865e-05 0    0    8.55823309e-05    8.55823309e-05
1915    0    6.70023874e-05    6.70023874e-05 0    0    6.79378645e-05    6.79378645e-05
1925    0    8.46345865e-05    8.46345865e-05 0    0    8.5537933e-05    8.5537933e-05
1935    0    7.40552641e-05    7.40552641e-05 0.000217143941    2.41088928e-05    7.49435567e-05    7.49435567e-05
1945    1.99999995e-05    8.11081482e-05    8.11081482e-05 0    0    8.19717534e-05    8.19717534e-05
1955    0    8.11081482e-05    8.11081482e-05 0    0    8.19517663e-05    8.19517663e-05
1965    0    5.64230613e-05    5.64230613e-05 0    0    5.72616482e-05    5.72616482e-05
1975    0    7.05288257e-05    7.05288257e-05 0.000213294858    2.22431627e-05    7.1340357e-05    7.1340357e-05
1985    0    5.99494997e-05    5.99494997e-05 0    0    6.07488801e-05    6.07488801e-05
1995    0    8.11081482e-05    8.11081482e-05 0    0    8.18774206e-05    8.18774206e-05
2005    0    8.81610322e-05    8.81610322e-05 0    0    8.8908906e-05    8.8908906e-05
2015    0    5.99494997e-05    5.99494997e-05 0    0    6.06970134e-05    6.06970134e-05
2025    0    5.64230613e-05    5.64230613e-05 0    0    5.7156296e-05    5.7156296e-05
2035    0    9.52139162e-05    9.52139162e-05 0    0    9.59086683e-05    9.59086683e-05
2045    0    5.99494997e-05    5.99494997e-05 0    0    6.06493522e-05    6.06493522e-05
2055    0    6.70023874e-05    6.70023874e-05 0    0    6.76831041e-05    6.76831041e-05
2065    0    7.05288257e-05    7.05288257e-05 0    0    7.11928733e-05    7.11928733e-05
2075    0    3.17379709e-05    3.17379709e-05 0    0    3.24103858e-05    3.24103858e-05
2085    0    4.58437353e-05    4.58437353e-05 0    0    4.64940931e-05    4.64940931e-05
2095    0    4.93701773e-05    4.93701773e-05 0    0    5.0005001e-05    5.0005001e-05
2105    0    3.17379709e-05    3.17379709e-05 0    0    3.23699423e-05    3.23699423e-05
2115    0    3.52644129e-05    3.52644129e-05 0    0    3.58815523e-05    3.58815523e-05
2125    0    4.23172933e-05    4.23172933e-05 0    0    4.29178799e-05    4.29178799e-05
2135    0    2.82115307e-05    2.82115307e-05 0    0    2.88082065e-05    2.88082065e-05
2145    0    1.76322064e-05    1.76322064e-05 0    0    1.82232325e-05    1.82232325e-05
2155    0    3.52644129e-05    3.52644129e-05 0    0    3.58336547e-05    3.58336547e-05
2165    0    3.87908549e-05    3.87908549e-05 0    0    3.93468217e-05    3.93468217e-05
2175    0    2.11586466e-05    2.11586466e-05 0    0    2.17139495e-05    2.17139495e-05
2185    0    1.76322064e-05    1.76322064e-05 0    0    1.81788982e-05    1.81788982e-05
2195    0    3.87908549e-05    3.87908549e-05 0    0    3.93148257e-05    3.93148257e-05
2205    0    2.82115307e-05    2.82115307e-05 0    0    2.87315233e-05    2.87315233e-05
2215    0    2.11586466e-05    2.11586466e-05 0    0    2.16728567e-05    2.16728567e-05
2225    0    4.23172933e-05    4.23172933e-05 0    0    4.280953e-05    4.280953e-05
2235    0    2.82115307e-05    2.82115307e-05 0    0    2.87025669e-05    2.87025669e-05
2245    0    3.17379709e-05    3.17379709e-05 0    0    3.22177657e-05    3.22177657e-05
2255    0    2.11586466e-05    2.11586466e-05 0    0    2.16356348e-05    2.16356348e-05
2265    0    2.82115307e-05    2.82115307e-05 0    0    2.86756549e-05    2.86756549e-05
2275    0    2.46850886e-05    2.46850886e-05 0    0    2.51427209e-05    2.51427209e-05
2285    0    3.52644129e-05    3.52644129e-05 0    0    3.57075405e-05    3.57075405e-05
2295    0    1.41057653e-05    1.41057653e-05 0    0    1.45530648e-05    1.45530648e-05
2305    0    1.41057653e-05    1.41057653e-05 0    0    1.45451058e-05    1.45451058e-05
2315    0    3.87908549e-05    3.87908549e-05 0    0    3.92080437e-05    3.92080437e-05
2325    0    1.41057653e-05    1.41057653e-05 0    0    1.45297336e-05    1.45297336e-05
2335    0    3.17379709e-05    3.17379709e-05 0    0    3.21442458e-05    3.21442458e-05
2345    0    2.82115307e-05    2.82115307e-05 0    0    2.86126069e-05    2.86126069e-05
2355    0    3.52644129e-05    3.52644129e-05 0    0    3.56542914e-05    3.56542914e-05
2365    0    1.05793233e-05    1.05793233e-05 0    0    1.09766506e-05    1.09766506e-05
2375    0    1.41057653e-05    1.41057653e-05 0    0    1.44942633e-05    1.44942633e-05
2385    0    1.41057653e-05    1.41057653e-05 0    0    1.44876385e-05    1.44876385e-05
2395    0    2.46850886e-05    2.46850886e-05 0    0    2.50543235e-05    2.50543235e-05
