5    0.000440000003    0    0 0    0    0    0
15    0.00115999999    0    0 0    0    0    0
25    0.00240000011    0    0 0    0    0    0
35    0.0033199999    0    0 0    0    0    0
45    0.0035600001    0    0 0    0    0    0
55    0.00436000014    0    0 0    0    0    0
65    0.00404000003    0    0 0    0    0    0
75    0.00534000015    0    0 0    0    0    0
85    0.00473999977    0    0 0    0    0    0
95    0.00534000015    0    0 0    0    0    0
105    0.00546000013    0    0 0    0    0    0
115    0.00528000016    0    0 0    0    0    0
125    0.00511999987    0    0 0    0    0    0
135    0.00547999982    0    0 0    0    0    0
145    0.00526000001    0    0 0    0    0    0
155    0.00553999981    0    0 0    0    0    0
165    0.00523999985    1.40470647e-05    1.40470647e-05 1.40470647e-05    1.40470647e-05    1.53626195e-06    1.53626195e-06
175    0.00558000011    3.51176618e-06    3.51176618e-06 3.51176618e-06    3.51176618e-06    0    0
185    0.00546000013    2.80941294e-05    2.80941294e-05 2.80941294e-05    2.80941294e-05    1.30676653e-05    1.30676653e-05
195    0.00523999985    5.26764925e-05    5.26764925e-05 5.26764925e-05    5.26764925e-05    3.61338025e-05    3.61338025e-05
205    0.00543999998    6.32117881e-05    6.32117881e-05 6.32117881e-05    6.32117881e-05    4.49467116e-05    4.49467116e-05
215    0.00546000013    8.07706238e-05    8.07706238e-05 0.000113727277    5.8098638e-05    6.05352725e-05    6.05352725e-05
225    0.0057000001    0.000122911821    0.000122911821 0.000170866799    8.9914196e-05    0.000100409045    0.000100409045
235    0.00594000006    0.000108864748    0.000108864748 0.000150449967    8.02093564e-05    8.37581611e-05    8.37581611e-05
245    0.00532    0.000175588313    0.000175588313 0.000240038877    0.000131133784    0.000147443512    0.000147443512
255    0.00620000018    0.000182611839    0.000182611839 0.000247236836    0.000137918221    0.000150937034    0.000150937034
265    0.00641999999    0.000217729495    0.000217729495 0.00028712253    0.000169603416    0.000181905416    0.000181905416
275    0.00615999987    0.000340641331    0.000340641331 0.000444021454    0.000268896896    0.000299897714    0.000299897714
285    0.00644000014    0.000375758973    0.000375758973 0.000479814946    0.000303404609    0.000329184433    0.000329184433
295    0.00687999977    0.000438970776    0.000438970776 0.000548072043    0.00036301653    0.000385399559    0.000385399559
305    0.00810000021    0.0005162296    0.0005162296 0.000633772754    0.000434320071    0.00045419723    0.00045419723
315    0.0077800001    0.000737470924    0.000737470924 0.000894477475    0.000627829868    0.000665085565    0.000665085565
325    0.00834000017    0.00085687096    0.00085687096 0.00101640681    0.000745246478    0.000771754247    0.000771754247
335    0.00829999987    0.000955200405    0.000955200405 0.00109840382    0.000854706275    0.000854223268    0.000854223268
345    0.00956000015    0.00121155928    0.00121155928 0.00136659993    0.00110247626    0.00109053846    0.00109053846
355    0.00930000003    0.00166106538    0.00166106538 0.00186327635    0.00151903997    0.00151437568    0.00151437568
365    0.0110200001    0.00196658913    0.00196658913 0.00217855629    0.00181795843    0.00178661267    0.00178661267
375    0.0110400002    0.00257412461    0.00257412461 0.00283982139    0.00238803844    0.00235012104    0.00235012104
385    0.0126200002    0.00341694849    0.00341694849 0.00373086659    0.00319735613    0.00313363364    0.00313363364
395    0.0129399998    0.00427381927    0.00427381927 0.00464271568    0.00401598401    0.00390892336    0.00390892336
405    0.0154999997    0.00577334361    0.00577334361 0.00624209223    0.00544595532    0.00529330457    0.00529330457
415    0.0188999996    0.00756083243    0.00756083243 0.00817457587    0.00713242311    0.00691391109    0.00691391109
425    0.0203600004    0.0101700751    0.0101700751 0.0109824305    0.00960341934    0.00927364081    0.00927364081
435    0.0251599997    0.0140400408    0.0140400408 0.0151104862    0.013293664    0.012758024    0.012758024
445    0.0298200008    0.0195148848    0.0195148848 0.0209560171    0.0185112152    0.0176172741    0.0176172741
455    0.0374800004    0.0271635111    0.0271635111 0.02900449    0.0258830097    0.0242592152    0.0242592152
465    0.0483199991    0.039644327    0.039644327 0.0419730246    0.0380220562    0.0351094864    0.0351094864
475    0.0596200004    0.0577193871    0.0577193871 0.0604177378    0.0558373369    0.0508622192    0.0508622192
485    0.0735199973    0.0821507424    0.0821507424 0.0847664177    0.0803277045    0.0736711323    0.0736711323
495    0.0819600001    0.10597457    0.10597457 0.107504293    0.104908787    0.101343103    0.101343103
505    0.0803600028    0.11135108    0.11135108 0.110784613    0.111787215    0.115937293    0.115937293
515    0.0653600022    0.095632419    0.095632419 0.0934829637    0.0971283838    0.104075007    0.104075007
525    0.0497599989    0.0728164688    0.0728164688 0.0698589906    0.0748731121    0.0796464533    0.0796464533
535    0.0371600017    0.0541408993    0.0541408993 0.0510146245    0.0563170351    0.0586562157    0.0586562157
545    0.0248000007    0.040030621    0.040030621 0.0370839126    0.042083744    0.0429209284    0.0429209284
555    0.0184599999    0.0306155775    0.0306155775 0.0279143322    0.0324980952    0.0325027518    0.0325027518
565    0.0129000004    0.0233708043    0.0233708043 0.0209553353    0.0250529088    0.0246450305    0.0246450305
575    0.00942000002    0.0185175426    0.0185175426 0.0163821112    0.020004496    0.0194080044    0.0194080044
585    0.00748000015    0.0153815355    0.0153815355 0.0134199131    0.0167479049    0.0160236787    0.0160236787
595    0.00546000013    0.0133411996    0.0133411996 0.0114810821    0.0146365194    0.0138172582    0.0138172582
605    0.00499999989    0.0106266048    0.0106266048 0.00902231876    0.0117428051    0.0109883975    0.0109883975
615    0.00407999987    0.00916570984    0.00916570984 0.00765947299    0.0102132587    0.00944640394    0.00944640394
625    0.00323999999    0.00792605616    0.00792605616 0.00652070856    0.00890365709    0.00814787392    0.00814787392
635    0.00236000004    0.00691466779    0.00691466779 0.0056027635    0.00782706123    0.0070927944    0.0070927944
645    0.00182    0.00633171434    0.00633171434 0.00512993196    0.00716701895    0.00647673989    0.00647673989
655    0.00179999997    0.00547484355    0.00547484355 0.00435708743    0.00625169929    0.00559447194    0.00559447194
665    0.00156    0.00511313137    0.00511313137 0.00398291554    0.0058984491    0.00521284482    0.00521284482
675    0.00127999997    0.00436863722    0.00436863722 0.00342896674    0.00502110412    0.0044526658    0.0044526658
685    0.00121999998    0.00421411963    0.00421411963 0.00322989025    0.00489758607    0.00428547338    0.00428547338
695    0.000859999971    0.00370491343    0.00370491343 0.00276680104    0.00435591536    0.00376606663    0.00376606663
705    0.000820000016    0.00356444274    0.00356444274 0.00267182221    0.0041833627    0.00361718028    0.00361718028
715    0.000620000006    0.00336427195    0.00336427195 0.00235179509    0.00406615622    0.00341006787    0.00341006787
725    0.000479999988    0.00289018359    0.00289018359 0.00203483575    0.00348267402    0.00293025444    0.00293025444
735    0.000539999979    0.00275322469    0.00275322469 0.00190332578    0.00334141403    0.00278843008    0.00278843008
745    0.000479999988    0.00258114818    0.00258114818 0.00178426469    0.00313233142    0.0026122476    0.0026122476
755    0.000539999979    0.00231776573    0.00231776573 0.0014954668    0.0028860576    0.00234539132    0.00234539132
765    0.000319999992    0.00211408315    0.00211408315 0.00135352265    0.00263936073    0.00213872688    0.00213872688
775    0.00046000001    0.00204384793    0.00204384793 0.00119611248    0.0026287823    0.00206589955    0.00206589955
785    0.000280000007    0.00199468317    0.00199468317 0.00125421467    0.00250500673    0.00201448635    0.00201448635
795    0.000260000001    0.0017945125    0.0017945125 0.000956750126    0.00237123668    0.00181239075    0.00181239075
805    0.000199999995    0.00186474784    0.00186474784 0.00104139629    0.00243103714    0.00188089127    0.00188089127
815    0.000260000001    0.00173130073    0.00173130073 0.000804768642    0.00236770697    0.00174596079    0.00174596079
825    0.000140000004    0.00149250065    0.00149250065 0.000875603757    0.00191620691    0.00150587771    0.00150587771
835    0.000239999994    0.00148898887    0.00148898887 0.000638159981    0.00207200856    0.00150118663    0.00150118663
845    0.000199999995    0.00133447116    0.00133447116 0.000695643772    0.00177147798    0.00134565274    0.00134565274
855    0.000119999997    0.00139768294    0.00139768294 0.000518496148    0.00199888973    0.00140791677    0.00140791677
865    0.000140000004    0.00117644167    0.00117644167 0.000499984832    0.00163764169    0.00118588575    0.00118588575
875    0.000180000003    0.00124316523    0.00124316523 0.000335614488    0.00186081184    0.00125184562    0.00125184562
885    0.000199999995    0.0011694181    0.0011694181 0.000287515111    0.00176926341    0.00117743947    0.00117743947
895    5.99999985e-05    0.000920082734    0.000920082734 0.000117199124    0.00146454957    0.000927547517    0.000927547517
905    9.99999975e-05    0.00103597098    0.00103597098 0.000461423537    0.00142479758    0.00104286149    0.00104286149
915    5.99999985e-05    0.00102543575    0.00102543575 0.000338630693    0.00148985616    0.00103182963    0.00103182963
925    5.99999985e-05    0.00100085337    0.00100085337 0.000166735292    0.00156328222    0.00100679928    0.00100679928
935    1.99999995e-05    0.000825265073    0.000825265073 0.000168576677    0.00126721722    0.000830834673    0.000830834673
945    5.99999985e-05    0.000877941551    0.000877941551 0    0.00160596985    0.000883123546    0.000883123546
955    5.99999985e-05    0.000846335664    0.000846335664 0.000243146147    0.00125081302    0.000851179764    0.000851179764
965    1.99999995e-05    0.000804194482    0.000804194482 6.4579508e-05    0.001298405    0.000808731653    0.000808731653
975    1.99999995e-05    0.000786635617    0.000786635617 0.000246777432    0.00114647276    0.000790886756    0.000790886756
985    1.99999995e-05    0.000733959139    0.000733959139 0.000239614717    0.00106270355    0.000737954746    0.000737954746
995    9.99999975e-05    0.000719912059    0.000719912059 0.000187873768    0.00107316952    0.000723665173    0.000723665173
1005    0.000119999997    0.00072693557    0.00072693557 0.00072693557    0.00072693557    0.000730460742    0.000730460742
1015    1.99999995e-05    0.000709376764    0.000709376764 0.000709376764    0.000709376764    0.000712696288    0.000712696288
1025    3.9999999e-05    0.000635629694    0.000635629694 0.000635629694    0.000635629694    0.000638770813    0.000638770813
1035    3.9999999e-05    0.000600512023    0.000600512023 0.000600512023    0.000600512023    0.000603480905    0.000603480905
1045    0    0.000639141421    0.000639141421 0.000639141421    0.000639141421    0.000641935621    0.000641935621
1055    0    0.000568906136    0.000568906136 0.000568906136    0.000568906136    0.00057155994    0.00057155994
1065    0    0.000579441432    0.000579441432 0.000579441432    0.000579441432    0.000581948843    0.000581948843
1075    1.99999995e-05    0.000502182578    0.000502182578 0.000502182578    0.000502182578    0.000504571712    0.000504571712
1085    3.9999999e-05    0.000502182578    0.000502182578 0.000502182578    0.000502182578    0.000504446332    0.000504446332
1095    1.99999995e-05    0.000474088447    0.000474088447 0.000474088447    0.000474088447    0.000476240966    0.000476240966
1105    1.99999995e-05    0.000449506071    0.000449506071 0.000449506071    0.000449506071    0.000451554166    0.000451554166
1115    3.9999999e-05    0.000417900184    0.000417900184 0.000417900184    0.000417900184    0.000419852324    0.000419852324
1125    1.99999995e-05    0.000449506071    0.000449506071 0.000449506071    0.000449506071    0.000451355561    0.000451355561
1135    1.99999995e-05    0.000488135498    0.000488135498 0.000488135498    0.000488135498    0.000489886792    0.000489886792
1145    0    0.000456529611    0.000456529611 0.000456529611    0.000456529611    0.00045820282    0.00045820282
1155    1.99999995e-05    0.000453017827    0.000453017827 0.000453017827    0.000453017827    0.000454612164    0.000454612164
1165    1.99999995e-05    0.000463553122    0.000463553122 0.000463553122    0.000463553122    0.000465070363    0.000465070363
1175    0    0.000372247217    0.000372247217 0.000372247217    0.000372247217    0.000373712974    0.000373712974
1185    1.99999995e-05    0.000431947235    0.000431947235 0    0    0.000433334062    0.000433334062
1195    0    0.000449506071    0.000449506071 0    0    0.00045082657    0.00045082657
1205    0    0.000379270758    0.000379270758 0    0    0.000380546611    0.000380546611
1215    0    0.000309035415    0.000309035415 0    0    0.00031026997    0.00031026997
1225    1.99999995e-05    0.000340641331    0.000340641331 0    0    0.000341816369    0.000341816369
1235    0    0.000372247217    0.000372247217 0    0    0.00037336559    0.00037336559
1245    0    0.000337129546    0.000337129546 0    0    0.000338207814    0.000338207814
1255    0    0.000312547199    0.000312547199 0    0    0.000313585595    0.000313585595
1265    0    0.000326594251    0.000326594251 0    0    0.000327587099    0.000327587099
1275    0    0.000270405988    0.000270405988 0    0    0.000271370052    0.000271370052
1285    0    0.000309035415    0.000309035415 0    0    0.000309953    0.000309953
1295    0    0.000259870692    0.000259870692 0    0    0.000260761968    0.000260761968
1305    0    0.000291476579    0.000291476579 0    0    0.000292326557    0.000292326557
1315    1.99999995e-05    0.000354688382    0.000354688382 0    0    0.000355492142    0.000355492142
1325    3.9999999e-05    0.000200170674    0.000200170674 0    0    0.00020097509    0.00020097509
1335    1.99999995e-05    0.000238800101    0.000238800101 0    0    0.000239566478    0.000239566478
1345    0    0.000231776561    0.000231776561 0    0    0.000232515813    0.000232515813
1355    1.99999995e-05    0.000252847152    0.000252847152 0    0    0.000253554754    0.000253554754
1365    1.99999995e-05    0.000238800101    0.000238800101 0    0    0.00023948458    0.00023948458
1375    0    0.000217729495    0.000217729495 0    0    0.000218393514    0.000218393514
1385    0    0.000203682444    0.000203682444 0    0    0.000204325625    0.000204325625
1395    0    0.000154517707    0.000154517707 0    0    0.000155148431    0.000155148431
1405    0    0.00021070597    0.00021070597 0    0    0.000211303282    0.000211303282
1415    0    0.00021070597    0.00021070597 0    0    0.000211282517    0.000211282517
1425    0    0.000168564773    0.000168564773 0    0    0.000169130217    0.000169130217
1435    0    0.000203682444    0.000203682444 0    0    0.00020422152    0.00020422152
1445    0    0.000161541248    0.000161541248 0    0    0.000162070864    0.000162070864
1455    0    0.000182611839    0.000182611839 0    0    0.000183119584    0.000183119584
1465    0    0.000158029477    0.000158029477 0    0    0.000158525552    0.000158525552
1475    0    0.000200170674    0.000200170674 0    0    0.00020064188    0.00020064188
1485    0    0.000189635379    0.000189635379 0    0    0.000190093328    0.000190093328
1495    0    0.000165053003    0.000165053003 0    0    0.000165501246    0.000165501246
1505    0    0.000172076543    0.000172076543 0    0    0.00017250907    0.00017250907
1515    0    0.000168564773    0.000168564773 0    0    0.000168984334    0.000168984334
1525    0    0.000133447116    0.000133447116 0    0    0.000133860813    0.000133860813
1535    0    0.000112376518    0.000112376518 0    0    0.000112781956    0.000112781956
1545    0    0.000143982412    0.000143982412 0    0    0.000144369085    0.000144369085
1555    0    0.000101841222    0.000101841222 0    0    0.000102224934    0.000102224934
1565    0    0.000133447116    0.000133447116 0    0    0.000133812966    0.000133812966
1575    0    0.000122911821    0.000122911821 0    0    0.000123268983    0.000123268983
1585    0    0.000172076543    0.000172076543 0    0    0.000172412983    0.000172412983
1595    0    0.000129935346    0.000129935346 0    0    0.000130270462    0.000130270462
1605    0    0.000122911821    0.000122911821 0    0    0.000123238657    0.000123238657
1615    0    8.42823865e-05    8.42823865e-05 0    0    8.4607891e-05    8.4607891e-05
1625    0    0.000112376518    0.000112376518 0    0    0.000112687114    0.000112687114
1635    0    0.000129935346    0.000129935346 0    0    0.000130233544    0.000130233544
1645    0    0.000105352985    0.000105352985 0    0    0.00010564785    0.00010564785
1655    0    0.000119400051    0.000119400051 0    0    0.000119683842    0.000119683842
1665    0    9.83294522e-05    9.83294522e-05 0    0    9.86097584e-05    9.86097584e-05
1675    0    8.42823865e-05    8.42823865e-05 0    0    8.45580071e-05    8.45580071e-05
1685    0    7.72588537e-05    7.72588537e-05 0    0    7.7528588e-05    7.7528588e-05
1695    0    9.13059193e-05    9.13059193e-05 0    0    9.15656128e-05    9.15656128e-05
1705    0    9.48176894e-05    9.48176894e-05 0    0    9.50697722e-05    9.50697722e-05
1715    0    0.000108864748    0.000108864748 0    0    0.000109107255    0.000109107255
1725    0    8.42823865e-05    8.42823865e-05 0    0    8.45235772e-05    8.45235772e-05
1735    0    0.000105352985    0.000105352985 0    0    0.00010558356    0.00010558356
1745    0    0.000122911821    0.000122911821 0    0    0.000123132704    0.000123132704
1755    0    7.02353209e-05    7.02353209e-05 0    0    7.0461334e-05    7.0461334e-05
1765    0    7.02353209e-05    7.02353209e-05 0    0    7.04556733e-05    7.04556733e-05
1775    0    7.72588537e-05    7.72588537e-05 0    0    7.74722575e-05    7.74722575e-05
1785    0    5.61882589e-05    5.61882589e-05 0    0    5.64007387e-05    5.64007387e-05
1795    0    8.07706238e-05    8.07706238e-05 0    0    8.09728372e-05    8.09728372e-05
1805    0    5.26764925e-05    5.26764925e-05 0    0    5.28795608e-05    5.28795608e-05
1815    0    4.91647261e-05    4.91647261e-05 0    0    4.93636799e-05    4.93636799e-05
1825    0    5.26764925e-05    5.26764925e-05 0    0    5.28700184e-05    5.28700184e-05
1835    0    7.37470909e-05    7.37470909e-05 0    0    7.39316674e-05    7.39316674e-05
1845    0    5.61882589e-05    5.61882589e-05 0    0    5.63720714e-05    5.63720714e-05
1855    0    6.67235581e-05    6.67235581e-05 0    0    6.69008805e-05    6.69008805e-05
1865    0    7.02353209e-05    7.02353209e-05 0    0    7.04077465e-05    7.04077465e-05
1875    0    4.91647261e-05    4.91647261e-05 0    0    4.93374864e-05    4.93374864e-05
1885    0    4.21411933e-05    4.21411933e-05 0    0    4.23114834e-05    4.23114834e-05
1895    0    5.97000253e-05    5.97000253e-05 0    0    5.98628358e-05    5.98628358e-05
1905    0    3.1605894e-05    3.1605894e-05 0    0    3.17708436e-05    3.17708436e-05
1915    0    5.97000253e-05    5.97000253e-05 0    0    5.98555162e-05    5.98555162e-05
1925    0    5.26764925e-05    5.26764925e-05 0    0    5.28299315e-05    5.28299315e-05
1935    0    4.56529597e-05    4.56529597e-05 0    0    4.58044524e-05    4.58044524e-05
1945    0    2.80941294e-05    2.80941294e-05 0    0    2.82459587e-05    2.82459587e-05
1955    0    4.56529597e-05    4.56529597e-05 0    0    4.57979077e-05    4.57979077e-05
1965    0    4.91647261e-05    4.91647261e-05 0    0    4.93058033e-05    4.93058033e-05
1975    0    3.86294269e-05    3.86294269e-05 0    0    3.87696418e-05    3.87696418e-05
1985    0    2.10705966e-05    2.10705966e-05 0    0    2.12114919e-05    2.12114919e-05
1995    0    5.26764925e-05    5.26764925e-05 0    0    5.28079145e-05    5.28079145e-05
2005    0    3.1605894e-05    3.1605894e-05 0    0    3.1738884e-05    3.1738884e-05
2015    0    2.80941294e-05    2.80941294e-05 0    0    2.8225104e-05    2.8225104e-05
2025    0    3.1605894e-05    3.1605894e-05 0    0    3.1733467e-05    3.1733467e-05
2035    0    3.86294269e-05    3.86294269e-05 0    0    3.87529326e-05    3.87529326e-05
2045    0    3.1605894e-05    3.1605894e-05 0    0    3.17283266e-05    3.17283266e-05
2055    0    2.80941294e-05    2.80941294e-05 0    0    2.82148212e-05    2.82148212e-05
2065    0    3.86294269e-05    3.86294269e-05 0    0    3.87455148e-05    3.87455148e-05
2075    0    2.4582363e-05    2.4582363e-05 0    0    2.46990276e-05    2.46990276e-05
2085    0    1.75588302e-05    1.75588302e-05 0    0    1.76746671e-05    1.76746671e-05
2095    0    2.4582363e-05    2.4582363e-05 0    0    2.46945056e-05    2.46945056e-05
2105    0    1.40470647e-05    1.40470647e-05 0    0    1.41592218e-05    1.41592218e-05
2115    0    2.4582363e-05    2.4582363e-05 0    0    2.46902036e-05    2.46902036e-05
2125    0    3.51176604e-05    3.51176604e-05 0    0    3.52212373e-05    3.52212373e-05
2135    0    3.1605894e-05    3.1605894e-05 0    0    3.17081794e-05    3.17081794e-05
2145    0    2.4582363e-05    2.4582363e-05 0    0    2.46841391e-05    2.46841391e-05
2155    0    2.4582363e-05    2.4582363e-05 0    0    2.46822128e-05    2.46822128e-05
2165    0    2.80941294e-05    2.80941294e-05 0    0    2.8191369e-05    2.8191369e-05
2175    0    2.10705966e-05    2.10705966e-05 0    0    2.11674633e-05    2.11674633e-05
2185    0    2.4582363e-05    2.4582363e-05 0    0    2.46767067e-05    2.46767067e-05
2195    0    1.40470647e-05    1.40470647e-05 0    0    1.41418523e-05    1.41418523e-05
2205    0    2.10705966e-05    2.10705966e-05 0    0    2.11622137e-05    2.11622137e-05
2215    0    1.40470647e-05    1.40470647e-05 0    0    1.41384753e-05    1.41384753e-05
2225    0    1.05352983e-05    1.05352983e-05 0    0    1.06258094e-05    1.06258094e-05
2235    0    2.4582363e-05    2.4582363e-05 0    0    2.46683558e-05    2.46683558e-05
2245    0    2.80941294e-05    2.80941294e-05 0    0    2.81778321e-05    2.81778321e-05
2255    0    2.80941294e-05    2.80941294e-05 0    0    2.81763114e-05    2.81763114e-05
2265    0    1.05352983e-05    1.05352983e-05 0    0    1.06196494e-05    1.06196494e-05
2275    0    3.51176604e-05    3.51176604e-05 0    0    3.51954404e-05    3.51954404e-05
2285    0    1.75588302e-05    1.75588302e-05 0    0    1.76388439e-05    1.76388439e-05
2295    0    1.40470647e-05    1.40470647e-05 0    0    1.412642e-05    1.412642e-05
2305    0    7.02353236e-06    7.02353236e-06 0    0    7.10298946e-06    7.10298946e-06
2315    0    2.4582363e-05    2.4582363e-05 0    0    2.46568343e-05    2.46568343e-05
2325    0    1.05352983e-05    1.05352983e-05 0    0    1.0611393e-05    1.0611393e-05
2335    0    7.02353236e-06    7.02353236e-06 0    0    7.09908591e-06    7.09908591e-06
2345    0    1.40470647e-05    1.40470647e-05 0    0    1.41199107e-05    1.41199107e-05
2355    0    1.75588302e-05    1.75588302e-05 0    0    1.7629729e-05    1.7629729e-05
2365    0    7.02353236e-06    7.02353236e-06 0    0    7.09542974e-06    7.09542974e-06
2375    0    1.40470647e-05    1.40470647e-05 0    0    1.41163327e-05    1.41163327e-05
2385    0    1.75588302e-05    1.75588302e-05 0    0    1.76262256e-05    1.76262256e-05
2395    0    1.40470647e-05    1.40470647e-05 0    0    1.41140708e-05    1.41140708e-05
