5    0.000639999984    0    0 0    0    0    0
15    0.00289999996    0    0 0    0    0    0
25    0.00449999981    0    0 0    0    0    0
35    0.00487999991    0    0 0    0    0    0
45    0.00633999985    0    0 0    0    0    0
55    0.00707999989    0    0 0    0    0    0
65    0.00791999977    0    0 0    0    0    0
75    0.00686000008    0    0 0    0    0    0
85    0.0083999997    0    0 0    0    0    0
95    0.00755999982    0    0 0    0    0    0
105    0.00815999974    0    0 0    0    0    0
115    0.00891999993    0    0 0    0    0    0
125    0.00832000002    0    0 0    0    0    0
135    0.00865999982    0    0 0    0    0    0
145    0.00829999987    0    0 0    0    0    0
155    0.00779999979    0    0 0    0    0    0
165    0.00789999962    1.02418444e-05    1.02418444e-05 1.02418444e-05    1.02418444e-05    0    0
175    0.00800000038    1.36557919e-05    1.36557919e-05 1.36557919e-05    1.36557919e-05    0    0
185    0.00761999981    1.02418444e-05    1.02418444e-05 1.02418444e-05    1.02418444e-05    0    0
195    0.00736000016    4.4381326e-05    4.4381326e-05 4.4381326e-05    4.4381326e-05    1.65758629e-05    1.65758629e-05
205    0.0077399998    3.75534291e-05    3.75534291e-05 3.75534291e-05    3.75534291e-05    7.47561535e-06    7.47561535e-06
215    0.00718000019    7.51068583e-05    7.51068583e-05 0.000106226355    5.36985026e-05    4.24819336e-05    4.24819336e-05
225    0.00749999983    8.8762652e-05    8.8762652e-05 0.000125147882    6.37246994e-05    5.33111306e-05    5.33111306e-05
235    0.00724000018    9.90044937e-05    9.90044937e-05 0.000137582407    7.24222118e-05    6.03947046e-05    6.03947046e-05
245    0.00719999988    0.000167283448    0.000167283448 0.000233078565    0.00012190087    0.000125104867    0.000125104867
255    0.00789999962    0.000160455558    0.000160455558 0.000222577029    0.000117490759    0.000114299459    0.000114299459
265    0.00825999957    0.000194595035    0.000194595035 0.000268107222    0.000143613201    0.000143927726    0.000143927726
275    0.00716000004    0.000238976369    0.000238976369 0.00032056708    0.000182342119    0.000183192999    0.000183192999
285    0.00734000001    0.000300427433    0.000300427433 0.00039719831    0.00023314479    0.0002388172    0.0002388172
295    0.0077399998    0.000317497179    0.000317497179 0.000423764315    0.000243518254    0.000249253295    0.000249253295
305    0.00803999975    0.000447227183    0.000447227183 0.000580039865    0.000354680698    0.000371318456    0.000371318456
315    0.00813999958    0.000457469025    0.000457469025 0.00058606785    0.000367665052    0.000372785842    0.000372785842
325    0.00879999995    0.000624752487    0.000624752487 0.000775987399    0.000518940797    0.000529827783    0.000529827783
335    0.00813999958    0.000747654645    0.000747654645 0.000921167317    0.000625892309    0.00064082921    0.00064082921
345    0.00865999982    0.000723756966    0.000723756966 0.000876885606    0.000616021047    0.000603061868    0.000603061868
355    0.00853999984    0.000932007795    0.000932007795 0.00109771278    0.000815618725    0.000794847438    0.000794847438
365    0.00855999999    0.00115050049    0.00115050049 0.0013418654    0.00101632276    0.000993807451    0.000993807451
375    0.00973999966    0.00129047234    0.00129047234 0.00148963172    0.0011509608    0.00111048191    0.00111048191
385    0.00989999995    0.00179232273    0.00179232273 0.00204499229    0.00161555281    0.00158410787    0.00158410787
395    0.0100400001    0.00210640603    0.00210640603 0.00238618883    0.00191083702    0.00186403771    0.00186403771
405    0.0109400004    0.00239659147    0.00239659147 0.00269326475    0.0021893885    0.00211239955    0.00211239955
415    0.01088    0.00296330685    0.00296330685 0.00330313365    0.00272608781    0.00262724934    0.00262724934
425    0.01174    0.00359830121    0.00359830121 0.00398676237    0.00332735525    0.00319740199    0.00319740199
435    0.0124399997    0.00413770508    0.00413770508 0.00457578851    0.00383224059    0.0036549014    0.0036549014
445    0.0131000001    0.00532234507    0.00532234507 0.00585197518    0.00495347986    0.00473444164    0.00473444164
455    0.0136000002    0.00644211983    0.00644211983 0.00709129218    0.0059906058    0.00571809942    0.00571809942
465    0.0159799997    0.00785549451    0.00785549451 0.00860168599    0.00733567495    0.00695257634    0.00695257634
475    0.0170799997    0.00953174289    0.00953174289 0.0104028964    0.00892412104    0.00839054491    0.00839054491
485    0.0209599994    0.0117064277    0.0117064277 0.0127636129    0.0109696602    0.0102436328    0.0102436328
495    0.0208400004    0.0148540875    0.0148540875 0.0161510743    0.0139504485    0.0129524544    0.0129524544
505    0.0259000007    0.017957367    0.017957367 0.0194356851    0.016927097    0.0154545242    0.0154545242
515    0.0280200001    0.0229280759    0.0229280759 0.0247212648    0.0216799974    0.0196063407    0.0196063407
525    0.0316799991    0.0290322136    0.0290322136 0.0310656875    0.02761833    0.0246330127    0.0246330127
535    0.0370800011    0.0373417623    0.0373417623 0.0396479443    0.0357365534    0.0316548757    0.0316548757
545    0.0392200015    0.0473890118    0.0473890118 0.0497933552    0.045713596    0.0405378453    0.0405378453
555    0.0451200008    0.0597065352    0.0597065352 0.0620154478    0.05809737    0.0527237877    0.0527237877
565    0.0471000001    0.068842262    0.068842262 0.0705608204    0.0676454604    0.0640910566    0.0640910566
575    0.0472999997    0.0750044361    0.0750044361 0.0757629573    0.0744762942    0.0749697164    0.0749697164
585    0.0439600013    0.0745572075    0.0745572075 0.0741452575    0.0748517588    0.0792420357    0.0792420357
595    0.037560001    0.06741523    0.06741523 0.0660021305    0.0683992654    0.074339129    0.074339129
605    0.0322000012    0.0581224635    0.0581224635 0.055969432    0.0596203245    0.0649247915    0.0649247915
615    0.0257600006    0.0475221574    0.0475221574 0.0450102016    0.0492691733    0.0531697571    0.0531697571
625    0.0204799995    0.038707342    0.038707342 0.0360578373    0.0405501686    0.0430751853    0.0430751853
635    0.0161000006    0.0312034842    0.0312034842 0.0285708923    0.0330343582    0.0345001593    0.0345001593
645    0.0132400002    0.0255977828    0.0255977828 0.0230680481    0.0273559093    0.0280804597    0.0280804597
655    0.00963999983    0.0221701786    0.0221701786 0.0196302291    0.0239356402    0.0240546726    0.0240546726
665    0.00791999977    0.0182304829    0.0182304829 0.0158412475    0.0198905393    0.0196794197    0.0196794197
675    0.00645999983    0.0151408594    0.0151408594 0.0129467957    0.0166644361    0.0162706356    0.0162706356
685    0.00466000009    0.0129866581    0.0129866581 0.0109431483    0.0144058699    0.0138799278    0.0138799278
695    0.00371999992    0.0116654607    0.0116654607 0.00962161552    0.0130839208    0.0123810982    0.0123810982
705    0.0033199999    0.0103306072    0.0103306072 0.00832812767    0.011719211    0.0109112635    0.0109112635
715    0.00323999999    0.00909475796    0.00909475796 0.00725855352    0.0103676878    0.00957143493    0.00957143493
725    0.00282000005    0.00782818254    0.00782818254 0.00612942828    0.00900475681    0.00822379254    0.00822379254
735    0.00165999995    0.00710101193    0.00710101193 0.00549164182    0.0082148416    0.00743241049    0.00743241049
745    0.00188    0.00669133803    0.00669133803 0.00505808741    0.00782084558    0.00697132293    0.00697132293
755    0.00156    0.00591295818    0.00591295818 0.0042796554    0.00704181287    0.00615161378    0.00615161378
765    0.00150000001    0.00518920086    0.00518920086 0.00365302106    0.00625025574    0.00539418356    0.00539418356
775    0.00115999999    0.00472831819    0.00472831819 0.0033070182    0.00570905628    0.00490552187    0.00490552187
785    0.000780000002    0.00432547228    0.00432547228 0.00299218483    0.00524438405    0.00447962992    0.00447962992
795    0.000780000002    0.00423329556    0.00423329556 0.00274875388    0.00525528193    0.00436806446    0.00436806446
805    0.000720000011    0.00374168693    0.00374168693 0.00241203187    0.00465625571    0.00386031508    0.00386031508
815    0.000880000007    0.00345832924    0.00345832924 0.00221443735    0.00431263773    0.00356320781    0.00356320781
825    0.000739999989    0.00325690652    0.00325690652 0.00175726565    0.00428702123    0.00335003412    0.00335003412
835    0.000739999989    0.00308620906    0.00308620906 0.00186349475    0.00392397353    0.00316925161    0.00316925161
845    0.000539999979    0.00274140015    0.00274140015 0.0014773506    0.00360608264    0.00281583285    0.00281583285
855    0.000500000024    0.00232148473    0.00232148473 0.00105331908    0.00318865944    0.00238850689    0.00238850689
865    0.000440000003    0.00233514048    0.00233514048 0.00119308557    0.00311397552    0.00239553046    0.00239553046
875    0.000539999979    0.00222930801    0.00222930801 0.00083563762    0.00317790103    0.00228394871    0.00228394871
885    0.000280000007    0.00220541051    0.00220541051 0.000913944561    0.0030837087    0.00225496665    0.00225496665
895    0.000220000002    0.00200740155    0.00200740155 0.000815812324    0.00281541585    0.00205255393    0.00205255393
905    0.000180000003    0.0017991506    0.0017991506 0.000806706725    0.00247081369    0.0018404189    0.0018404189
915    0.000199999995    0.00182304822    0.00182304822 0.00060665264    0.00264550373    0.00186076818    0.00186076818
925    0.000199999995    0.00175476924    0.00175476924 0.000341343926    0.00270768767    0.00178936729    0.00178936729
935    0.00039999999    0.00151237892    0.00151237892 0    0.00285514537    0.00154426903    0.00154426903
945    0.000220000002    0.00147823954    0.00147823954 0.000345766137    0.00223950599    0.00150761567    0.00150761567
955    0.000199999995    0.00123243523    0.00123243523 0    0.00206931331    0.00125964964    0.00125964964
965    0.000159999996    0.00130754209    0.00130754209 0.000470452418    0.0018668616    0.0013326694    0.0013326694
975    0.000119999997    0.00139289082    0.00139289082 4.28120693e-05    0.00229277811    0.00141612277    0.00141612277
985    5.99999985e-05    0.00128023047    0.00128023047 0    0.00217604148    0.00130183261    0.00130183261
995    0.000140000004    0.00116415625    0.00116415625 0    0.00201195665    0.00118428387    0.00118428387
1005    0.000119999997    0.00108563551    0.00108563551 0.00108563551    0.00108563551    0.00110440794    0.00110440794
1015    9.99999975e-05    0.00108222151    0.00108222151 0.00108222151    0.00108222151    0.00109972584    0.00109972584
1025    5.99999985e-05    0.00100370077    0.00100370077 0.00100370077    0.00100370077    0.00102008053    0.00102008053
1035    0.000119999997    0.000996872783    0.000996872783 0.000996872783    0.000996872783    0.00101219234    0.00101219234
1045    7.9999998e-05    0.000959319412    0.000959319412 0.000959319412    0.000959319412    0.000973680348    0.000973680348
1055    7.9999998e-05    0.000809105695    0.000809105695 0.000809105695    0.000809105695    0.000822638918    0.000822638918
1065    1.99999995e-05    0.00086372887    0.00086372887 0.00086372887    0.00086372887    0.000876410399    0.000876410399
1075    5.99999985e-05    0.000802277762    0.000802277762 0.000802277762    0.000802277762    0.000814225408    0.000814225408
1085    1.99999995e-05    0.000802277762    0.000802277762 0.000802277762    0.000802277762    0.000813521037    0.000813521037
1095    3.9999999e-05    0.000774966204    0.000774966204 0.000774966204    0.000774966204    0.000785570301    0.000785570301
1105    5.99999985e-05    0.000774966204    0.000774966204 0.000774966204    0.000774966204    0.00078496628    0.00078496628
1115    5.99999985e-05    0.000713515154    0.000713515154 0.000713515154    0.000713515154    0.000722983154    0.000722983154
1125    0    0.000689617475    0.000689617475 0.000689617475    0.000689617475    0.000698575692    0.000698575692
1135    0    0.000638408295    0.000638408295 0.000638408295    0.000638408295    0.000646905508    0.000646905508
1145    9.99999975e-05    0.000655478041    0.000655478041 0.000655478041    0.000655478041    0.000663515821    0.000663515821
1155    0    0.000699859345    0.000699859345 0.000699859345    0.000699859345    0.000707455387    0.000707455387
1165    1.99999995e-05    0.000566715375    0.000566715375 0.000566715375    0.000566715375    0.000573979691    0.000573979691
1175    0    0.000634994358    0.000634994358 0.000634994358    0.000634994358    0.000641859311    0.000641859311
1185    1.99999995e-05    0.000532575883    0.000532575883 0.000532575883    0.000532575883    0.000539144035    0.000539144035
1195    0    0.000604268804    0.000604268804 0.000604268804    0.000604268804    0.000610481191    0.000610481191
1205    0    0.0005120922    0.0005120922 0.0005120922    0.0005120922    0.000518044748    0.000518044748
1215    0    0.000481366675    0.000481366675 0.000481366675    0.000481366675    0.000487049401    0.000487049401
1225    1.99999995e-05    0.000498436391    0.000498436391 0.000498436391    0.000498436391    0.000503844291    0.000503844291
1235    0    0.00045064115    0.00045064115 0.00045064115    0.00045064115    0.000455820002    0.000455820002
1245    1.99999995e-05    0.000402845879    0.000402845879 0.000402845879    0.000402845879    0.000407810381    0.000407810381
1255    3.9999999e-05    0.000389190071    0.000389190071 0.000389190071    0.000389190071    0.000393938099    0.000393938099
1265    3.9999999e-05    0.000396017975    0.000396017975 0.000396017975    0.000396017975    0.000400552643    0.000400552643
1275    0    0.0004267435    0.0004267435 0.0004267435    0.0004267435    0.000431065564    0.000431065564
1285    0    0.000385776133    0.000385776133 0.000385776133    0.000385776133    0.000389929686    0.000389929686
1295    1.99999995e-05    0.00036529245    0.00036529245 0.00036529245    0.00036529245    0.000369278278    0.000369278278
1305    0    0.000297013466    0.000297013466 0.000297013466    0.000297013466    0.000300863205    0.000300863205
1315    0    0.000310669275    0.000310669275 0.000310669275    0.000310669275    0.000314353878    0.000314353878
1325    1.99999995e-05    0.000307255308    0.000307255308 0.000307255308    0.000307255308    0.000310790987    0.000310790987
1335    0    0.000262874004    0.000262874004 0.000262874004    0.000262874004    0.000266287534    0.000266287534
1345    1.99999995e-05    0.000286771625    0.000286771625 0.000286771625    0.000286771625    0.000290038646    0.000290038646
1355    0    0.000283357687    0.000283357687 0.000283357687    0.000283357687    0.00028649767    0.00028649767
1365    0    0.00027994375    0.00027994375 0.00027994375    0.00027994375    0.000282963098    0.000282963098
1375    0    0.000235562416    0.000235562416 0.000235562416    0.000235562416    0.000238486129    0.000238486129
1385    0    0.000269701908    0.000269701908 0.000269701908    0.000269701908    0.000272499223    0.000272499223
1395    0    0.000225320575    0.000225320575 0.000225320575    0.000225320575    0.000228033197    0.000228033197
1405    0    0.0002560461    0.0002560461 0.0002560461    0.0002560461    0.000258644257    0.000258644257
1415    0    0.000218492671    0.000218492671 0.000218492671    0.000218492671    0.000221012626    0.000221012626
1425    0    0.000252632162    0.000252632162 0.000252632162    0.000252632162    0.00025504519    0.00025504519
1435    0    0.000235562416    0.000235562416 0.000235562416    0.000235562416    0.000237896369    0.000237896369
1445    0    0.000252632162    0.000252632162 0.000252632162    0.000252632162    0.000254875195    0.000254875195
1455    0    0.000245804258    0.000245804258 0.000245804258    0.000245804258    0.000247971155    0.000247971155
1465    0    0.000180939242    0.000180939242 0.000180939242    0.000180939242    0.000183060358    0.000183060358
1475    1.99999995e-05    0.000208250829    0.000208250829 0.000208250829    0.000208250829    0.000210286831    0.000210286831
1485    1.99999995e-05    0.000218492671    0.000218492671 0.000218492671    0.000218492671    0.000220454589    0.000220454589
1495    0    0.000187767146    0.000187767146 0.000187767146    0.000187767146    0.000189676924    0.000189676924
1505    0    0.000218492671    0.000218492671 0.000218492671    0.000218492671    0.000220324669    0.000220324669
1515    0    0.000177525304    0.000177525304 0.000177525304    0.000177525304    0.000179315364    0.000179315364
1525    0    0.00016386951    0.00016386951 0.00016386951    0.00016386951    0.000165607547    0.000165607547
1535    0    0.000160455558    0.000160455558 0.000160455558    0.000160455558    0.000162139215    0.000162139215
1545    0    0.000146799764    0.000146799764 0.000146799764    0.000146799764    0.000148436069    0.000148436069
1555    0    0.000150213717    0.000150213717 0.000150213717    0.000150213717    0.000151796921    0.000151796921
1565    0    0.000116074232    0.000116074232 0.000116074232    0.000116074232    0.000117623778    0.000117623778
1575    0    0.000180939242    0.000180939242 0.000180939242    0.000180939242    0.000182411255    0.000182411255
1585    0    0.000136557923    0.000136557923 0.000136557923    0.000136557923    0.00013800482    0.00013800482
1595    0    0.000146799764    0.000146799764 0.000146799764    0.000146799764    0.000148198043    0.000148198043
1605    0    9.90044937e-05    9.90044937e-05 9.90044937e-05    9.90044937e-05    0.000100382691    0.000100382691
1615    0    0.000112660287    0.000112660287 0.000112660287    0.000112660287    0.000113991569    0.000113991569
1625    0    0.000109246335    0.000109246335 0.000109246335    0.000109246335    0.000110540124    0.000110540124
1635    0    0.000136557923    0.000136557923 0.000136557923    0.000136557923    0.000137801457    0.000137801457
1645    0    0.000102418438    0.000102418438 0.000102418438    0.000102418438    0.000103641556    0.000103641556
1655    0    0.000105832391    0.000105832391 0    0    0.000107019019    0.000107019019
1665    0    0.000122902129    0.000122902129 0    0    0.000124047219    0.000124047219
1675    0    0.000105832391    0.000105832391 0    0    0.000106952968    0.000106952968
1685    0    7.16929062e-05    7.16929062e-05 0    0    7.27980223e-05    7.27980223e-05
1695    0    7.85208031e-05    7.85208031e-05 0    0    7.9592588e-05    7.9592588e-05
1705    0    7.51068583e-05    7.51068583e-05 0    0    7.61511183e-05    7.61511183e-05
1715    0    8.19347551e-05    8.19347551e-05 0    0    8.29477576e-05    8.29477576e-05
1725    0    8.19347551e-05    8.19347551e-05 0    0    8.29206183e-05    8.29206183e-05
1735    0    9.21765968e-05    9.21765968e-05 0    0    9.31315226e-05    9.31315226e-05
1745    1.99999995e-05    6.82789614e-05    6.82789614e-05 0    0    6.92196263e-05    6.92196263e-05
1755    0    9.55905416e-05    9.55905416e-05 0    0    9.64940991e-05    9.64940991e-05
1765    0    9.21765968e-05    9.21765968e-05 0    0    9.30580791e-05    9.30580791e-05
1775    0    7.85208031e-05    7.85208031e-05 0    0    7.93857325e-05    7.93857325e-05
1785    0    6.48650093e-05    6.48650093e-05 0    0    6.57141281e-05    6.57141281e-05
1795    0    7.16929062e-05    7.16929062e-05 0    0    7.25174614e-05    7.25174614e-05
1805    0    7.16929062e-05    7.16929062e-05 0    0    7.24967394e-05    7.24967394e-05
1815    0    5.12092192e-05    5.12092192e-05 0    0    5.20024769e-05    5.20024769e-05
1825    0    6.82789614e-05    6.82789614e-05 0    0    6.90448942e-05    6.90448942e-05
1835    0    6.82789614e-05    6.82789614e-05 0    0    6.90260786e-05    6.90260786e-05
1845    0    3.75534291e-05    3.75534291e-05 0    0    3.82965482e-05    3.82965482e-05
1855    0    3.41394807e-05    3.41394807e-05 0    0    3.48665199e-05    3.48665199e-05
1865    0    7.16929062e-05    7.16929062e-05 0    0    7.23854464e-05    7.23854464e-05
1875    0    3.41394807e-05    3.41394807e-05 0    0    3.48328031e-05    3.48328031e-05
1885    0    6.14510645e-05    6.14510645e-05 0    0    6.21156505e-05    6.21156505e-05
1895    0    3.75534291e-05    3.75534291e-05 0    0    3.8213464e-05    3.8213464e-05
1905    0    5.80371161e-05    5.80371161e-05 0    0    5.86725218e-05    5.86725218e-05
1915    0    6.14510645e-05    6.14510645e-05 0    0    6.20701903e-05    6.20701903e-05
1925    0    5.12092192e-05    5.12092192e-05 0    0    5.18188244e-05    5.18188244e-05
1935    0    4.09673776e-05    4.09673776e-05 0    0    4.15678696e-05    4.15678696e-05
1945    0    5.80371161e-05    5.80371161e-05 0    0    5.86162641e-05    5.86162641e-05
1955    0    2.73115838e-05    2.73115838e-05 0    0    2.78918887e-05    2.78918887e-05
1965    0    3.07255323e-05    3.07255323e-05 0    0    3.12915654e-05    3.12915654e-05
1975    0    2.04836888e-05    2.04836888e-05 0    0    2.10421313e-05    2.10421313e-05
1985    0    4.4381326e-05    4.4381326e-05 0    0    4.49167201e-05    4.49167201e-05
1995    0    4.4381326e-05    4.4381326e-05 0    0    4.49050713e-05    4.49050713e-05
2005    0    3.07255323e-05    3.07255323e-05 0    0    3.12442717e-05    3.12442717e-05
2015    0    4.4381326e-05    4.4381326e-05 0    0    4.48827304e-05    4.48827304e-05
2025    0    4.09673776e-05    4.09673776e-05 0    0    4.14596507e-05    4.14596507e-05
2035    0    1.02418444e-05    1.02418444e-05 0    0    1.07379192e-05    1.07379192e-05
2045    0    4.09673776e-05    4.09673776e-05 0    0    4.14390852e-05    4.14390852e-05
2055    0    2.38976354e-05    2.38976354e-05 0    0    2.43673803e-05    2.43673803e-05
2065    0    3.07255323e-05    3.07255323e-05 0    0    3.11825097e-05    3.11825097e-05
2075    0    2.38976354e-05    2.38976354e-05 0    0    2.4348421e-05    2.4348421e-05
2085    0    2.38976354e-05    2.38976354e-05 0    0    2.4339317e-05    2.4339317e-05
2095    0    4.09673776e-05    4.09673776e-05 0    0    4.13922862e-05    4.13922862e-05
2105    0    1.36557919e-05    1.36557919e-05 0    0    1.40847069e-05    1.40847069e-05
2115    0    1.02418444e-05    1.02418444e-05 0    0    1.06639236e-05    1.06639236e-05
2125    0    1.36557919e-05    1.36557919e-05 0    0    1.40680904e-05    1.40680904e-05
2135    0    1.70697404e-05    1.70697404e-05 0    0    1.74724664e-05    1.74724664e-05
2145    0    6.82789596e-06    6.82789596e-06 0    0    7.22757522e-06    7.22757522e-06
2155    0    3.41394807e-05    3.41394807e-05 0    0    3.45189219e-05    3.45189219e-05
2165    0    3.41394798e-06    3.41394798e-06 0    0    3.80020992e-06    3.80020992e-06
2175    0    6.82789596e-06    6.82789596e-06 0    0    7.20535763e-06    7.20535763e-06
2185    0    2.73115838e-05    2.73115838e-05 0    0    2.76725204e-05    2.76725204e-05
2195    0    1.36557919e-05    1.36557919e-05 0    0    1.4016181e-05    1.4016181e-05
2205    0    1.36557919e-05    1.36557919e-05 0    0    1.40094789e-05    1.40094789e-05
2215    0    1.36557919e-05    1.36557919e-05 0    0    1.40029379e-05    1.40029379e-05
2225    0    1.36557919e-05    1.36557919e-05 0    0    1.39965559e-05    1.39965559e-05
2235    0    2.04836888e-05    2.04836888e-05 0    0    2.08150614e-05    2.08150614e-05
2245    0    0    0 0    0    3.34774569e-07    3.34774569e-07
2255    0    1.36557919e-05    1.36557919e-05 0    0    1.3978306e-05    1.3978306e-05
2265    0    6.82789596e-06    6.82789596e-06 0    0    7.14777343e-06    7.14777343e-06
2275    0    1.02418444e-05    1.02418444e-05 0    0    1.05544786e-05    1.05544786e-05
2285    0    1.36557919e-05    1.36557919e-05 0    0    1.39613157e-05    1.39613157e-05
2295    0    3.41394798e-06    3.41394798e-06 0    0    3.71880878e-06    3.71880878e-06
2305    0    6.82789596e-06    6.82789596e-06 0    0    7.1258969e-06    7.1258969e-06
2315    0    2.38976354e-05    2.38976354e-05 0    0    2.41825765e-05    2.41825765e-05
2325    0    1.02418444e-05    1.02418444e-05 0    0    1.05280642e-05    1.05280642e-05
2335    0    6.82789596e-06    6.82789596e-06 0    0    7.11076927e-06    7.11076927e-06
2345    0    6.82789596e-06    6.82789596e-06 0    0    7.10595214e-06    7.10595214e-06
2355    0    6.82789596e-06    6.82789596e-06 0    0    7.10124232e-06    7.10124232e-06
2365    0    3.41394798e-06    3.41394798e-06 0    0    3.68426936e-06    3.68426936e-06
2375    0    3.41394798e-06    3.41394798e-06 0    0    3.67976577e-06    3.67976577e-06
2385    0    3.41394798e-06    3.41394798e-06 0    0    3.67536154e-06    3.67536154e-06
2395    0    6.82789596e-06    6.82789596e-06 0    0    7.08342077e-06    7.08342077e-06
